p_error,v,alpha,tau,gamma,zeta
0.05,4.888196482067449e-08,3.7833201769038813e-06,3.1139740974305568,0.4819771604338914,7.713754425376681
0.05,4.888196482067449e-08,3.803259977952057e-07,3.1139740974305568,0.21817887364159888,4.558911952283492
0.05,4.888196482067449e-08,3.95742160367485e-07,2.1120061078375487,0.21817887364159888,0.13415063898656948
0.05,9.851521544954802e-08,3.95742160367485e-07,3.75997485431421,0.21817887364159888,0.22023378720359352
0.05,8.690619711616518e-08,6.152777081561442e-07,3.75997485431421,0.21817887364159888,0.6428627108085099
0.05,5.6306305511782286e-08,6.152777081561442e-07,2.1930507885949897,0.21817887364159888,0.6428627108085099
0.05,5.0608950428287794e-08,6.152777081561442e-07,2.1930507885949897,0.21817887364159888,0.6428627108085099
0.05,8.493413309524952e-08,6.152777081561442e-07,2.1930507885949897,0.21817887364159888,1.5918252180419166
0.05,8.493413309524952e-08,6.152777081561442e-07,2.1930507885949897,0.28637910594931043,1.5918252180419166
0.05,8.125864247534646e-08,6.152777081561442e-07,2.1930507885949897,0.2825247135572056,1.5918252180419166
0.05,6.855817504978523e-08,6.247284103711171e-07,2.1930507885949897,0.2825247135572056,1.5918252180419166
0.05,6.855817504978523e-08,6.247284103711171e-07,2.1930507885949897,0.2081200110717401,1.5918252180419166
0.05,6.855817504978523e-08,6.247284103711171e-07,2.1930507885949897,0.2081200110717401,1.0683355118711888
0.05,6.855817504978523e-08,6.247284103711171e-07,2.1930507885949897,0.2081200110717401,1.0683355118711888
0.05,6.855817504978523e-08,6.247284103711171e-07,2.1930507885949897,0.09554514629721074,0.9058282901427478
0.05,6.855817504978523e-08,3.009960367995818e-06,1.0426298772589067,0.38658312102881826,0.9058282901427478
0.05,6.855817504978523e-08,7.478635782226468e-07,1.0426298772589067,0.23750981579699781,0.9058282901427478
0.05,6.855817504978523e-08,3.320643687346297e-06,1.0426298772589067,0.03066639389984757,0.9058282901427478
0.05,7.030101238112957e-08,4.241678229467182e-06,1.0426298772589067,0.0704454492944502,7.29917223408143
0.05,7.030101238112957e-08,4.241678229467182e-06,1.0426298772589067,0.3125256431940477,5.101355126346908
0.05,6.262905524380049e-08,2.207566674287565e-06,1.0426298772589067,0.0734790170795905,4.412679653736782
0.05,6.262905524380049e-08,2.207566674287565e-06,1.0426298772589067,0.0734790170795905,4.412679653736782
0.05,6.262905524380049e-08,2.207566674287565e-06,1.0426298772589067,0.0734790170795905,4.412679653736782
0.05,6.262905524380049e-08,2.207566674287565e-06,1.0426298772589067,0.0734790170795905,4.412679653736782
0.05,6.917146836435883e-08,2.207566674287565e-06,1.0426298772589067,0.0734790170795905,4.412679653736782
0.05,7.694183924553479e-08,2.207566674287565e-06,1.0426298772589067,0.0734790170795905,0.07351021614296879
0.05,6.391067339469046e-08,9.515228223426254e-07,1.8252605546190517,0.0734790170795905,0.09746726342146787
0.05,6.665437073061911e-08,1.4860688646653663e-07,3.127015361914749,0.03849918973946269,0.08713166795170099
0.05,6.665437073061911e-08,9.15415493494781e-07,3.127015361914749,0.03849918973946269,0.08713166795170099
0.05,6.665437073061911e-08,9.15415493494781e-07,1.9988507554524417,0.14447171207427423,0.019910502678669034
0.05,6.665437073061911e-08,5.423653675595278e-06,1.9988507554524417,0.14447171207427423,0.019500157483067816
0.05,6.665437073061911e-08,1.4283150520874156e-06,2.548411069247761,0.14447171207427423,0.04596348282784633
0.05,6.665437073061911e-08,1.4283150520874156e-06,4.812788868172414,0.15218003548300618,0.14572390238144392
0.05,7.299236440094219e-08,1.4283150520874156e-06,2.8402847633302466,0.15218003548300618,0.026820216503938142
0.05,5.886881044474668e-08,5.385752592697122e-07,2.8402847633302466,0.28532786734755294,0.039959676003008274
0.05,5.886881044474668e-08,5.385752592697122e-07,2.8402847633302466,0.28532786734755294,0.039959676003008274
0.05,5.773252066358635e-08,5.385752592697122e-07,2.2935073272532827,0.06746482267617604,1.114853891937071
0.05,5.773252066358635e-08,5.385752592697122e-07,1.9404331461002293,0.09669414901262398,1.130796550964598
0.05,5.773252066358635e-08,9.978636477435287e-07,2.529997851491964,0.09669414901262398,2.275492072588925
0.05,5.773252066358635e-08,1.491705123583197e-06,2.7899737087870076,0.09669414901262398,0.47425858795972303
0.05,5.773252066358635e-08,1.3122331730230618e-06,2.005632302544034,0.09669414901262398,0.47425858795972303
0.05,5.773252066358635e-08,1.3122331730230618e-06,1.784459762994486,0.09669414901262398,0.34020599951409525
0.05,5.773252066358635e-08,1.3122331730230618e-06,1.784459762994486,0.3588842428413074,0.34020599951409525
0.05,5.773252066358635e-08,1.3122331730230618e-06,1.784459762994486,0.3588842428413074,0.8230118522925484
0.05,5.773252066358635e-08,1.3122331730230618e-06,1.784459762994486,0.30465242756102023,0.8188528204585153
0.05,7.302098013430594e-08,1.197486754342945e-06,1.627087801750589,0.30465242756102023,0.8188528204585153
0.05,7.302098013430594e-08,1.197486754342945e-06,1.627087801750589,0.30465242756102023,0.5033705092137418
0.05,7.302098013430594e-08,1.197486754342945e-06,2.3350210680125336,0.2170136563790482,0.5033705092137418
0.05,4.662536192008544e-08,1.197486754342945e-06,2.3350210680125336,0.2434151315621412,0.3359766588398251
0.05,4.662536192008544e-08,1.197486754342945e-06,2.3350210680125336,0.2434151315621412,0.3359766588398251
0.05,4.662536192008544e-08,1.197486754342945e-06,2.3350210680125336,0.2434151315621412,0.3359766588398251
0.05,4.662536192008544e-08,1.3405168824062132e-06,2.3350210680125336,0.1728743366383616,0.3359766588398251
0.05,4.662536192008544e-08,2.6967468091645715e-06,2.3350210680125336,0.1728743366383616,0.3359766588398251
0.05,7.103294250313135e-08,2.6967468091645715e-06,2.4436352660505096,0.1728743366383616,1.903132555334754
0.05,7.103294250313135e-08,2.6967468091645715e-06,2.4041456835862043,0.24463225660595783,1.903132555334754
0.05,7.103294250313135e-08,2.6967468091645715e-06,2.4041456835862043,0.24463225660595783,1.903132555334754
0.05,7.103294250313135e-08,1.0609877116656268e-07,0.9942316475429076,0.24463225660595783,1.903132555334754
0.05,7.103294250313135e-08,1.0609877116656268e-07,1.4778825706847918,0.24463225660595783,1.903132555334754
0.05,7.413581042423854e-08,4.492434639504327e-06,1.7937017452161719,0.24463225660595783,3.1079899425880693
0.05,7.413581042423854e-08,3.0235049354086745e-06,1.8911168152635915,0.24463225660595783,3.1079899425880693
0.05,7.381708736842612e-08,2.307531673837382e-07,1.1163669874198385,0.24463225660595783,3.1079899425880693
0.05,4.908112217492632e-08,2.307531673837382e-07,3.27657917128633,0.24463225660595783,3.1079899425880693
0.05,4.908112217492632e-08,2.1805724870101037e-07,2.4416137195205336,0.24463225660595783,0.7769962198444658
0.05,4.908112217492632e-08,2.3357131598643538e-07,2.4416137195205336,0.24463225660595783,0.7769962198444658
0.05,4.908112217492632e-08,2.3357131598643538e-07,2.4416137195205336,0.24463225660595783,0.7769962198444658
0.05,4.908112217492632e-08,1.287488329279172e-06,2.4416137195205336,0.4101116094942319,0.7769962198444658
0.05,4.6426266346173684e-08,1.287488329279172e-06,2.4416137195205336,0.4101116094942319,7.4563656550904795
0.05,4.6426266346173684e-08,1.287488329279172e-06,2.4416137195205336,0.4101116094942319,3.8280132682596197
0.05,4.9065762566380314e-08,1.287488329279172e-06,2.4416137195205336,0.4893110070981581,5.746860043361849
0.05,4.9065762566380314e-08,2.676536023137496e-06,2.4416137195205336,0.4893110070981581,5.746860043361849
0.05,4.9065762566380314e-08,2.676536023137496e-06,2.4416137195205336,0.4893110070981581,6.395767429911019
0.05,4.9065762566380314e-08,2.0199829090728962e-08,2.238298387439336,0.4893110070981581,6.395767429911019
0.05,4.9065762566380314e-08,4.962732319742416e-07,2.238298387439336,0.4893110070981581,6.765116254494544
0.05,4.9065762566380314e-08,4.962732319742416e-07,1.7085036010009107,0.4893110070981581,6.765116254494544
0.05,6.339531704640022e-08,4.962732319742416e-07,1.0858643482228232,0.3125789649330417,6.765116254494544
0.05,6.339531704640022e-08,1.9988430271459507e-06,1.0858643482228232,0.20843681504879788,6.765116254494544
0.05,6.339531704640022e-08,1.9988430271459507e-06,1.0858643482228232,0.5048519838780866,6.765116254494544
0.05,6.339531704640022e-08,1.9988430271459507e-06,1.0858643482228232,0.7079900380108104,7.940130054051596
0.05,4.4562864274405015e-08,1.9988430271459507e-06,1.0858643482228232,0.3647991505120296,7.940130054051596
0.05,4.4562864274405015e-08,3.37884591471365e-06,1.0858643482228232,0.3647991505120296,7.940130054051596
0.05,4.4562864274405015e-08,3.37884591471365e-06,1.0858643482228232,0.3647991505120296,5.334721602694916
0.05,8.271251331005406e-08,3.37884591471365e-06,1.468668957503221,0.3438363146682729,5.334721602694916
0.05,8.271251331005406e-08,3.37884591471365e-06,1.3194417536809344,0.231973495933895,5.334721602694916
0.05,6.397059554325956e-08,1.1389123085433303e-07,1.3194417536809344,0.42757071107179795,5.334721602694916
0.05,6.397059554325956e-08,1.1389123085433303e-07,1.3194417536809344,0.2419658945295873,8.512982692877225
0.05,6.397059554325956e-08,2.049039604518768e-06,1.8190733976805253,0.2419658945295873,8.512982692877225
0.05,6.397059554325956e-08,2.1219281672887494e-07,1.8190733976805253,0.2419658945295873,8.512982692877225
0.05,6.397059554325956e-08,1.3548869566816706e-06,1.5639980081060147,0.3579392875016907,8.512982692877225
0.05,8.291146492677525e-08,1.3548869566816706e-06,1.5639980081060147,0.3579392875016907,8.512982692877225
0.05,8.291146492677525e-08,1.3548869566816706e-06,1.9516223559399957,0.3579392875016907,8.512982692877225
0.05,8.347693088005353e-08,1.3548869566816706e-06,1.9516223559399957,0.3644959646685216,3.319528753412087
0.05,8.347693088005353e-08,1.3548869566816706e-06,1.9516223559399957,0.3644959646685216,3.319528753412087
0.05,6.574494426054177e-08,1.3548869566816706e-06,2.1469209246117678,0.3644959646685216,3.319528753412087
0.05,6.574494426054177e-08,1.3548869566816706e-06,2.1469209246117678,0.3644959646685216,3.1902744061287898
0.05,6.574494426054177e-08,1.8751583823462635e-06,2.1469209246117678,0.3644959646685216,6.913732757508849
0.05,6.625891933302455e-08,2.0696534806437477e-06,1.4268449498417033,0.3644959646685216,6.913732757508849
0.05,6.625891933302455e-08,1.4416399132592085e-06,1.4268449498417033,0.17217724055066694,6.913732757508849
0.05,6.625891933302455e-08,3.308483773036857e-06,1.4268449498417033,0.6270725572434138,6.913732757508849
0.05,5.65096624480667e-08,2.0093643225319974e-06,1.3396661372509475,0.6270725572434138,8.024426642206064
0.05,5.65096624480667e-08,2.0093643225319974e-06,1.3396661372509475,0.39420975139768455,8.024426642206064
0.05,4.262100985835623e-08,8.34944887753433e-07,1.7970825728551767,0.39420975139768455,8.024426642206064
0.05,4.262100985835623e-08,1.0663783446704078e-06,1.7970825728551767,0.39420975139768455,8.024426642206064
0.05,4.262100985835623e-08,1.0663783446704078e-06,1.7970825728551767,0.6952706293310216,7.600053493786545
0.05,4.262100985835623e-08,1.0663783446704078e-06,1.2661705881489111,0.5532455790959143,7.600053493786545
0.05,4.262100985835623e-08,1.0663783446704078e-06,1.2661705881489111,0.5532455790959143,9.639581144385081
0.05,5.594717193228279e-08,1.0663783446704078e-06,1.1607454863125661,0.5532455790959143,9.653520414323854
0.05,5.4073395371051856e-08,1.0663783446704078e-06,1.1607454863125661,0.5976891673471765,9.653520414323854
0.05,9.119602131490765e-08,4.503156507324454e-08,1.1607454863125661,0.3418204650737303,9.653520414323854
0.05,9.119602131490765e-08,5.797364433309817e-07,1.1607454863125661,0.3418204650737303,9.653520414323854
0.05,9.119602131490765e-08,5.797364433309817e-07,1.1607454863125661,0.3418204650737303,9.653520414323854
0.05,4.723858377430605e-08,9.072676026613401e-07,1.1607454863125661,0.3418204650737303,8.299498096515343
0.05,4.723858377430605e-08,9.072676026613401e-07,1.1607454863125661,0.34501528044551155,8.864580915992237
0.05,4.723858377430605e-08,3.284652983527614e-07,1.4650359858851072,0.34501528044551155,6.0265088632078765
0.05,4.577092878785735e-08,3.4384605145782424e-07,1.4650359858851072,0.269725361848925,7.824511480971548
0.05,4.577092878785735e-08,4.6814730476952444e-07,1.4650359858851072,0.40349080345515526,7.824511480971548
0.05,4.722480338679068e-08,4.6814730476952444e-07,1.4650359858851072,0.40349080345515526,8.1160423094221
0.05,4.722480338679068e-08,4.6814730476952444e-07,1.4650359858851072,0.40349080345515526,8.1160423094221
0.05,4.722480338679068e-08,4.6814730476952444e-07,1.4035376394166676,0.40349080345515526,2.3060370507914856
0.05,4.722480338679068e-08,5.035679733891611e-07,1.4035376394166676,0.40349080345515526,8.38507832800051
0.05,6.8902090415737e-08,4.547810914962287e-06,1.4035376394166676,0.2942604956469815,8.38507832800051
0.05,6.8902090415737e-08,1.7151690922782886e-07,1.4035376394166676,0.2942604956469815,7.867502887981858
0.05,6.8902090415737e-08,1.7151690922782886e-07,1.4035376394166676,0.476296580374422,7.867502887981858
0.05,6.8902090415737e-08,7.014646489646228e-09,1.5212899031661145,0.4866388596006738,7.867502887981858
0.05,6.8902090415737e-08,3.161480492278574e-10,1.5212899031661145,0.4866388596006738,7.867502887981858
0.05,6.8902090415737e-08,3.161480492278574e-10,1.8016768335164792,0.4866388596006738,7.867502887981858
0.05,5.7037367001036845e-08,3.161480492278574e-10,1.8016768335164792,0.4866388596006738,7.867502887981858
0.05,5.7037367001036845e-08,6.74311290679325e-10,1.8016768335164792,0.4866388596006738,9.545121249975226
0.05,5.7037367001036845e-08,6.74311290679325e-10,1.5209442571357987,0.22916953679604965,9.545121249975226
0.05,5.7037367001036845e-08,5.0669459021203934e-08,1.5209442571357987,0.26665421607011813,9.545121249975226
0.05,4.1429391238238236e-08,5.0669459021203934e-08,1.5209442571357987,0.26665421607011813,6.595159633192058
0.05,4.1429391238238236e-08,5.0669459021203934e-08,1.2202448167942235,0.6454954767992408,7.353875272106873
0.05,4.227878812381633e-08,1.6513163143051316e-06,1.2202448167942235,0.6454954767992408,7.353875272106873
0.05,4.227878812381633e-08,3.6805039923059744e-06,2.383960252823362,0.26704318381476705,7.353875272106873
0.05,5.995929721183482e-08,3.6805039923059744e-06,2.383960252823362,0.2834780608643163,6.989993209398651
0.05,5.995929721183482e-08,3.6805039923059744e-06,1.364244202148122,0.2834780608643163,7.170883302159066
0.05,5.531582128262487e-08,3.6805039923059744e-06,1.364244202148122,0.2834780608643163,0.31410525038690656
0.05,5.531582128262487e-08,3.6805039923059744e-06,1.364244202148122,0.17274891787350127,0.31410525038690656
0.05,5.531582128262487e-08,3.6805039923059744e-06,1.364244202148122,0.058743473051466016,0.9676039210927261
0.05,5.531582128262487e-08,3.6805039923059744e-06,2.137807053040325,0.058743473051466016,0.33621527659418565
0.05,5.531582128262487e-08,3.6805039923059744e-06,2.137807053040325,0.1147453040994564,0.021435423111519233
0.05,5.531582128262487e-08,3.6805039923059744e-06,2.137807053040325,0.025206943922079835,0.015203488108367212
0.05,5.531582128262487e-08,3.6805039923059744e-06,2.137807053040325,0.022217554054475744,0.015203488108367212
0.05,9.227251790595526e-08,4.9907074167443464e-06,1.8787367266627344,0.15765060113855303,0.011690188289534092
0.05,8.239746201978922e-08,4.9907074167443464e-06,1.8787367266627344,0.3554309897050069,0.1315402936274403
0.05,8.239746201978922e-08,4.9907074167443464e-06,1.8787367266627344,0.3554309897050069,0.1315402936274403
0.05,8.239746201978922e-08,9.312848004854632e-08,1.8787367266627344,0.3554309897050069,3.512957820718805
0.05,8.239746201978922e-08,2.225031247980674e-07,1.8787367266627344,0.2754656026109968,3.512957820718805
0.05,8.239746201978922e-08,2.225031247980674e-07,1.762679163279284,0.2754656026109968,3.512957820718805
0.05,8.239746201978922e-08,5.360274915097824e-07,1.762679163279284,0.22632888809273655,3.512957820718805
0.05,8.239746201978922e-08,6.849682425631821e-06,1.762679163279284,0.0762477046616992,0.8528253628443249
0.05,8.239746201978922e-08,6.849682425631821e-06,1.762679163279284,0.0762477046616992,0.8528253628443249
0.05,9.516427652713655e-08,6.849682425631821e-06,1.762679163279284,0.10811709180267526,2.5381102792202825
0.05,7.642053640875246e-08,1.713960360974816e-06,1.762679163279284,0.10811709180267526,2.5381102792202825
0.05,6.069511486426921e-08,2.0035846290067923e-07,1.762679163279284,0.14937519971575,2.701504847072224
0.05,4.5624352748683983e-08,2.0035846290067923e-07,1.762679163279284,0.38656253346107855,5.953134189077682
0.05,4.5624352748683983e-08,2.0456001202453006e-07,1.762679163279284,0.38656253346107855,3.139765855685972
0.05,4.5624352748683983e-08,2.693355117060622e-07,1.762679163279284,0.38656253346107855,9.551567277539393
0.05,3.6951433228396055e-08,3.199180980587404e-06,1.762679163279284,0.38656253346107855,9.551567277539393
0.05,3.6951433228396055e-08,3.199180980587404e-06,1.762679163279284,0.38656253346107855,9.245152604400014
0.05,3.6951433228396055e-08,3.199180980587404e-06,1.762679163279284,0.38656253346107855,8.37762816666035
0.05,3.6951433228396055e-08,3.199180980587404e-06,1.8540610939332316,0.38656253346107855,7.980523580999822
0.05,7.631486974909044e-08,3.199180980587404e-06,1.8540610939332316,0.5188556628218728,5.147065609830852
0.05,7.631486974909044e-08,3.199180980587404e-06,1.8540610939332316,0.34116850618665534,5.147065609830852
0.05,4.565667245751946e-08,3.199180980587404e-06,1.8540610939332316,0.34116850618665534,5.147065609830852
0.05,6.43375514718105e-08,2.6872691763368003e-06,1.8540610939332316,0.34116850618665534,6.765371539257684
0.05,6.43375514718105e-08,2.6872691763368003e-06,1.3635257870064028,0.34116850618665534,6.765371539257684
0.05,6.43375514718105e-08,2.6872691763368003e-06,1.3635257870064028,0.34116850618665534,6.765371539257684
0.05,4.244241197695514e-08,2.6872691763368003e-06,1.3635257870064028,0.34116850618665534,6.765371539257684
0.05,5.540451521916775e-08,2.6872691763368003e-06,1.3635257870064028,0.34116850618665534,6.765371539257684
0.05,5.540451521916775e-08,2.6872691763368003e-06,1.3635257870064028,0.34116850618665534,7.045942405876583
0.05,5.540451521916775e-08,5.693774473903895e-07,1.833727423945815,0.34116850618665534,7.045942405876583
0.05,5.540451521916775e-08,3.6033207194804805e-06,1.833727423945815,0.34116850618665534,7.045942405876583
0.05,6.231279205152562e-08,4.114729777014821e-06,1.4830644979561438,0.34116850618665534,7.045942405876583
0.05,6.231279205152562e-08,1.827289399307959e-07,1.4830644979561438,0.40620636785821573,8.807717761780518
0.05,6.231279205152562e-08,1.827289399307959e-07,1.323260136305432,0.40620636785821573,5.426870336420018
0.05,6.231279205152562e-08,1.827289399307959e-07,1.323260136305432,0.29079018730467154,5.426870336420018
0.05,6.231279205152562e-08,1.2706612011496619e-07,2.335368283998706,0.29079018730467154,4.8444801700857285
0.05,6.231279205152562e-08,1.2706612011496619e-07,2.335368283998706,0.29079018730467154,0.8173430690964167
0.05,6.231279205152562e-08,1.1554305089345861e-07,2.335368283998706,0.29079018730467154,0.8173430690964167
0.05,6.231279205152562e-08,1.463801108461349e-07,2.335368283998706,0.29785335893892695,0.8173430690964167
0.05,6.231279205152562e-08,1.463801108461349e-07,2.335368283998706,0.2798748005278359,0.8173430690964167
0.05,5.600721962763067e-08,2.0618232420395134e-07,2.335368283998706,0.2798748005278359,0.8173430690964167
0.05,5.600721962763067e-08,2.0618232420395134e-07,2.335368283998706,0.15965557253912713,0.4592128273766393
0.05,3.9823609783983525e-08,2.0618232420395134e-07,2.335368283998706,0.26123065616570934,1.74042209645899
0.05,3.9823609783983525e-08,2.0618232420395134e-07,2.335368283998706,0.26123065616570934,1.4200932097256989
0.05,3.9823609783983525e-08,8.076158432823879e-07,2.6422264272567157,0.26123065616570934,1.4200932097256989
0.05,9.098605839773602e-08,8.076158432823879e-07,2.6422264272567157,0.26222316100461657,1.4200932097256989
0.05,9.098605839773602e-08,8.076158432823879e-07,2.6422264272567157,0.26222316100461657,1.4200932097256989
0.05,9.098605839773602e-08,8.076158432823879e-07,2.9291000694211853,0.26222316100461657,1.4200932097256989
0.05,7.147283664755337e-08,8.076158432823879e-07,2.9291000694211853,0.26222316100461657,1.4200932097256989
0.05,8.36352825198638e-08,1.3570713796500831e-06,2.9291000694211853,0.26222316100461657,1.4200932097256989
0.05,8.36352825198638e-08,1.1920547559698246e-06,2.9291000694211853,0.26222316100461657,1.4200932097256989
0.05,8.36352825198638e-08,1.1920547559698246e-06,2.9291000694211853,0.26222316100461657,1.4200932097256989
0.05,8.152250088137512e-08,1.1920547559698246e-06,2.9291000694211853,0.26222316100461657,2.708249931367775
0.05,5.134826424751437e-08,1.1920547559698246e-06,1.5198657830618514,0.26222316100461657,1.2776742326031263
0.05,6.268583296747526e-08,1.1920547559698246e-06,2.302749497289184,0.06675966440796574,1.2776742326031263
0.05,6.268583296747526e-08,5.154539403387475e-07,2.0127318044701297,0.06675966440796574,1.2776742326031263
0.05,6.268583296747526e-08,5.154539403387475e-07,2.0127318044701297,0.12667097076953385,1.2776742326031263
0.05,5.7308401443100125e-08,5.154539403387475e-07,1.5708491367192545,0.20516710526900464,1.335165020646628
0.05,5.7308401443100125e-08,5.154539403387475e-07,1.5708491367192545,0.2065380636219552,1.335165020646628
0.05,5.7308401443100125e-08,5.154539403387475e-07,1.3467217340342548,0.21046931321170345,4.458396057863574
0.05,5.5918535933984525e-08,5.154539403387475e-07,1.3467217340342548,0.21046931321170345,4.458396057863574
0.05,6.81932580465107e-08,5.154539403387475e-07,1.3261355457688648,0.6466902349255111,9.37913335405814
0.05,7.204146223589705e-08,5.154539403387475e-07,1.8035821137321153,0.575263788202826,9.37913335405814
0.05,7.204146223589705e-08,1.5530782322580408e-06,0.8414049162381791,0.3186094941543612,9.37913335405814
0.05,7.204146223589705e-08,6.562746369248193e-07,0.7859538514560593,0.4819150822410241,4.000216817987194
0.05,7.204146223589705e-08,3.575336948371186e-06,0.7859538514560593,0.2891228391298631,4.000216817987194
0.05,6.947629125497771e-08,5.276254515550729e-06,0.7859538514560593,0.2891228391298631,4.000216817987194
0.05,6.947629125497771e-08,5.276254515550729e-06,0.7859538514560593,0.20305825888652962,4.000216817987194
0.05,4.3579414309963854e-08,5.276254515550729e-06,0.7859538514560593,0.20305825888652962,5.11840532223607
0.05,4.3579414309963854e-08,5.276254515550729e-06,1.0116403700142298,0.20305825888652962,5.11840532223607
0.05,8.895323469578812e-08,9.907953531472104e-07,1.0730687598323745,0.22343548729324114,5.11840532223607
0.05,6.742020827540328e-08,9.907953531472104e-07,1.0730687598323745,0.22343548729324114,2.2994073115348694
0.05,6.742020827540328e-08,2.752971394403152e-06,2.098490721281908,0.21755097893806283,2.2994073115348694
0.05,6.742020827540328e-08,2.111042838630565e-06,4.465093076813375,0.21755097893806283,1.00354280037139
0.05,6.742020827540328e-08,2.111042838630565e-06,4.465093076813375,0.21755097893806283,1.00354280037139
0.05,6.742020827540328e-08,6.065575125300596e-07,1.5214848818468316,0.21755097893806283,1.00354280037139
0.05,6.742020827540328e-08,4.940714209048572e-07,0.9836461275618285,0.3885572920750756,1.00354280037139
0.05,8.139226192080426e-08,4.940714209048572e-07,2.2542702633723173,0.3885572920750756,1.00354280037139
0.05,5.975915191115696e-08,4.940714209048572e-07,2.2542702633723173,0.15534845013226709,1.00354280037139
0.05,5.975915191115696e-08,4.940714209048572e-07,2.2542702633723173,0.20004752496753905,1.00354280037139
0.05,6.78713742529505e-08,4.940714209048572e-07,2.2542702633723173,0.20004752496753905,1.00354280037139
0.05,6.660209653731069e-08,4.635267223254514e-06,2.2542702633723173,0.13205026171094067,0.8920471852834339
0.05,6.660209653731069e-08,4.635267223254514e-06,2.2542702633723173,0.13205026171094067,1.2900080324714145
0.05,6.660209653731069e-08,4.635267223254514e-06,2.2542702633723173,0.13205026171094067,1.2900080324714145
0.05,6.660209653731069e-08,2.0512832776669516e-07,2.2542702633723173,0.13205026171094067,3.360281065019071
0.05,6.660209653731069e-08,2.0512832776669516e-07,1.5721245081576045,0.2182925553183758,3.360281065019071
0.05,6.660209653731069e-08,1.0014346900327214e-06,1.5721245081576045,0.2182925553183758,1.2966566228384675
0.05,6.660209653731069e-08,1.6357548998056995e-07,3.1664879123125473,0.2182925553183758,1.2966566228384675
0.05,6.660209653731069e-08,1.6357548998056995e-07,2.9849393190351297,0.2182925553183758,1.2966566228384675
0.05,6.660209653731069e-08,1.6357548998056995e-07,2.9849393190351297,0.24783138014253822,1.2966566228384675
0.05,6.660209653731069e-08,1.4241981633688118e-08,2.0274128285963218,0.25312527359733045,2.864058621980277
0.05,6.660209653731069e-08,1.4241981633688118e-08,2.2418867458953833,0.25312527359733045,2.864058621980277
0.05,6.660209653731069e-08,1.0203387012357508e-06,3.0116957483731173,0.25312527359733045,2.864058621980277
0.05,6.660209653731069e-08,1.0203387012357508e-06,3.0116957483731173,0.23728797675761468,0.7402743044696785
0.05,6.660209653731069e-08,1.0203387012357508e-06,3.0116957483731173,0.17686105522554868,0.7402743044696785
0.05,5.070275740269282e-08,3.026860623107647e-06,3.0116957483731173,0.17686105522554868,0.281384503745146
0.05,5.070275740269282e-08,3.026860623107647e-06,3.0116957483731173,0.17686105522554868,0.281384503745146
0.05,5.070275740269282e-08,3.026860623107647e-06,3.0116957483731173,0.17686105522554868,0.281384503745146
0.05,6.188363777587166e-08,3.026860623107647e-06,3.0116957483731173,0.17686105522554868,0.281384503745146
0.05,6.188363777587166e-08,1.148647811674279e-06,2.109233623105355,0.17686105522554868,0.22697937612901709
0.05,6.510216679192718e-08,1.148647811674279e-06,2.109233623105355,0.17686105522554868,0.706641498623959
0.05,6.510216679192718e-08,1.148647811674279e-06,1.0053444549039465,0.17686105522554868,3.86230847546245
0.05,6.510216679192718e-08,5.353060951918008e-07,2.6373057142521024,0.49350001752954775,3.86230847546245
0.05,5.169884551893052e-08,5.353060951918008e-07,2.6373057142521024,0.5173080982862822,3.86230847546245
0.05,4.835485883523612e-08,1.8545624781071182e-06,2.6373057142521024,0.5173080982862822,3.3886449472346
0.05,4.835485883523612e-08,1.8545624781071182e-06,2.6373057142521024,0.11775576533013271,3.3886449472346
0.05,4.835485883523612e-08,2.111087052597291e-06,2.6373057142521024,0.11775576533013271,0.13727840309912315
0.05,4.835485883523612e-08,2.111087052597291e-06,2.6373057142521024,0.11775576533013271,0.13727840309912315
0.05,6.355883133933351e-08,4.0918534123647025e-06,2.6373057142521024,0.11775576533013271,0.13727840309912315
0.05,6.355883133933351e-08,3.3968638534774425e-06,3.222760714021462,0.11775576533013271,0.13727840309912315
0.05,4.54319133960409e-08,3.3968638534774425e-06,3.222760714021462,0.11775576533013271,0.13727840309912315
0.05,4.54319133960409e-08,3.3968638534774425e-06,2.532211037605319,0.11775576533013271,0.13727840309912315
0.05,4.54319133960409e-08,3.3968638534774425e-06,2.532211037605319,0.11775576533013271,0.2508704471611529
0.05,4.54319133960409e-08,4.868347907856172e-06,2.532211037605319,0.15133786650106593,1.3074119576492436
0.05,4.54319133960409e-08,1.0660449587291616e-06,2.532211037605319,0.26427077061459386,1.2367504258501822
0.05,5.658733514657284e-08,1.4226518975732336e-06,2.2875844843633155,0.26427077061459386,4.078784453416836
0.05,5.658733514657284e-08,1.223706650841732e-06,2.2875844843633155,0.26427077061459386,4.078784453416836
0.05,5.658733514657284e-08,1.223706650841732e-06,2.2875844843633155,0.26427077061459386,4.079700738756743
0.05,5.658733514657284e-08,1.223706650841732e-06,2.2875844843633155,0.26427077061459386,4.079700738756743
0.05,5.658733514657284e-08,4.318620990644395e-06,2.1455199879168587,0.2751849427990474,4.079700738756743
0.05,8.075513602729986e-08,1.4056548774406514e-06,2.1455199879168587,0.26019177220270173,4.079700738756743
0.05,4.877074241807059e-08,1.4056548774406514e-06,2.1455199879168587,0.26019177220270173,4.079700738756743
0.05,4.877074241807059e-08,1.4056548774406514e-06,2.1455199879168587,0.26019177220270173,4.079700738756743
0.05,4.877074241807059e-08,1.4056548774406514e-06,2.1455199879168587,0.26019177220270173,4.079700738756743
0.05,4.877074241807059e-08,1.4056548774406514e-06,0.8939262699365884,0.26019177220270173,4.079700738756743
0.05,4.877074241807059e-08,4.398344114502224e-06,1.0220415655739872,0.26019177220270173,4.079700738756743
0.05,4.877074241807059e-08,4.398344114502224e-06,1.0220415655739872,0.26019177220270173,4.079700738756743
0.05,4.877074241807059e-08,2.443769430470153e-06,1.5438002597482092,0.26019177220270173,4.079700738756743
0.05,4.877074241807059e-08,2.2701936283889538e-06,1.5265403659724976,0.26019177220270173,4.079700738756743
0.05,4.877074241807059e-08,2.2701936283889538e-06,1.5265403659724976,0.40461927935663167,4.079700738756743
0.05,4.877074241807059e-08,5.271136961563337e-06,1.5265403659724976,0.40461927935663167,6.9914218274103686
0.05,4.877074241807059e-08,1.0130911779672622e-06,1.9226806738939441,0.40461927935663167,5.62965740648592
0.05,4.877074241807059e-08,1.0130911779672622e-06,1.9226806738939441,0.2956053462440598,5.62965740648592
0.05,4.877074241807059e-08,7.429359899138933e-07,1.9226806738939441,0.2956053462440598,5.62965740648592
0.05,4.877074241807059e-08,7.429359899138933e-07,1.9226806738939441,0.4125903275912405,6.776713761993914
0.05,4.877074241807059e-08,6.2673080479407616e-06,1.9226806738939441,0.4125903275912405,4.22791209103795
0.05,4.877074241807059e-08,6.2673080479407616e-06,1.9226806738939441,0.4125903275912405,4.22791209103795
0.05,4.193739854507371e-08,6.2673080479407616e-06,1.9226806738939441,0.4125903275912405,4.22791209103795
0.05,4.193739854507371e-08,6.2673080479407616e-06,1.9226806738939441,0.4125903275912405,4.22791209103795
0.05,4.193739854507371e-08,6.2673080479407616e-06,1.9226806738939441,0.4125903275912405,6.431954101245361
0.05,4.193739854507371e-08,6.2673080479407616e-06,1.9226806738939441,0.4125903275912405,7.683784045047339
0.05,4.467552797965203e-08,3.949303014779971e-06,1.9226806738939441,0.4125903275912405,6.002002899447865
0.05,4.467552797965203e-08,7.721448392734802e-06,1.9226806738939441,0.4125903275912405,6.002002899447865
0.05,4.467552797965203e-08,7.721448392734802e-06,1.6417795979118126,0.4125903275912405,6.002002899447865
0.05,4.467552797965203e-08,3.7578005057775164e-06,1.6417795979118126,0.4125903275912405,6.002002899447865
0.05,4.3532601716282505e-08,3.7578005057775164e-06,1.6417795979118126,0.3556864893415018,6.002002899447865
0.05,4.7164998644965805e-08,6.100379003807517e-06,1.6417795979118126,0.3556864893415018,6.002002899447865
0.05,5.669707169467764e-08,6.100379003807517e-06,1.6417795979118126,0.3556864893415018,7.153305793729179
0.05,5.669707169467764e-08,6.100379003807517e-06,1.4494713770243985,0.3556864893415018,4.309407210481982
0.05,5.669707169467764e-08,6.100379003807517e-06,1.4114556649008643,0.3556864893415018,4.309407210481982
0.05,5.669707169467764e-08,1.7724676307716945e-06,1.4114556649008643,0.3556864893415018,4.309407210481982
0.05,5.669707169467764e-08,1.7724676307716945e-06,1.4114556649008643,0.3556864893415018,8.445619921928596
0.05,7.881265645829474e-08,1.7724676307716945e-06,1.7697950330858374,0.42049137220068317,8.445619921928596
0.05,7.881265645829474e-08,4.408175553546226e-07,1.7697950330858374,0.42049137220068317,8.445619921928596
0.05,7.461613006891956e-08,5.338047488960442e-07,1.7697950330858374,0.42049137220068317,8.445619921928596
0.05,9.089073716384152e-08,6.476336894918673e-07,1.7697950330858374,0.3229623889481196,5.450221695848949
0.05,7.43600554614463e-08,6.476336894918673e-07,1.7697950330858374,0.3229623889481196,2.278832441627809
0.05,7.43600554614463e-08,6.476336894918673e-07,1.7697950330858374,0.3229623889481196,3.68389718133114
0.05,6.088724510867501e-08,6.476336894918673e-07,1.1334305926287718,0.3229623889481196,1.353230756623924
0.05,6.088724510867501e-08,4.56445200801212e-06,3.7083075229572953,0.3229623889481196,1.353230756623924
0.05,6.088724510867501e-08,1.2172387428900596e-06,3.7083075229572953,0.3229623889481196,1.353230756623924
0.05,6.088724510867501e-08,1.2172387428900596e-06,2.1577524065120954,0.202894808173509,1.353230756623924
0.05,6.088724510867501e-08,1.2172387428900596e-06,2.7140706094562295,0.202894808173509,1.353230756623924
0.05,6.088724510867501e-08,1.2172387428900596e-06,2.7140706094562295,0.18534542365574447,1.353230756623924
0.05,6.088724510867501e-08,1.2072545409506826e-06,2.7140706094562295,0.18534542365574447,1.353230756623924
0.05,6.088724510867501e-08,1.2072545409506826e-06,2.7140706094562295,0.18534542365574447,1.353230756623924
0.05,5.533278419848053e-08,7.6297600486639e-06,2.7140706094562295,0.18534542365574447,1.353230756623924
0.05,5.533278419848053e-08,7.6297600486639e-06,3.4779802618291447,0.18534542365574447,1.353230756623924
0.05,5.533278419848053e-08,7.6297600486639e-06,2.002317075026088,0.18534542365574447,0.960595123174216
0.05,5.533278419848053e-08,7.6297600486639e-06,2.72092820007933,0.23427061081827832,1.1361338225564523
0.05,6.334789444635196e-08,7.6297600486639e-06,2.72092820007933,0.23427061081827832,1.3135606742180759
0.05,6.48835359680402e-08,5.2742842425829245e-06,3.370398213378492,0.23427061081827832,1.3135606742180759
0.05,6.48835359680402e-08,5.2742842425829245e-06,2.466846095551209,0.23427061081827832,0.11873983798880687
0.05,6.48835359680402e-08,3.032612071403552e-06,1.816122670754786,0.23427061081827832,0.1699762720462751
0.05,5.9237789679618864e-08,9.695594225656808e-06,1.9938846806497033,0.28526646440880166,0.1699762720462751
0.05,5.9237789679618864e-08,5.807949456291141e-06,2.674610234958375,0.3794580097946841,0.8070894109729709
0.05,5.9237789679618864e-08,2.7097727410955754e-06,2.1222783992089145,0.3794580097946841,0.8070894109729709
0.05,5.9237789679618864e-08,2.7097727410955754e-06,2.1222783992089145,0.3794580097946841,0.8070894109729709
0.05,5.9237789679618864e-08,2.7097727410955754e-06,2.1222783992089145,0.12710857899932035,3.3752764329436675
0.05,5.9237789679618864e-08,2.7097727410955754e-06,2.1222783992089145,0.12710857899932035,0.31385801288207715
0.05,5.9237789679618864e-08,2.7097727410955754e-06,1.8389325070194598,0.12710857899932035,0.31385801288207715
0.05,8.365123487391482e-08,1.5285674355684366e-06,1.8389325070194598,0.12710857899932035,2.160713269281384
0.05,8.365123487391482e-08,2.4294380304493832e-06,1.8389325070194598,0.12710857899932035,2.160713269281384
0.05,7.213092088552819e-08,7.234808486917845e-07,1.8389325070194598,0.12710857899932035,2.160713269281384
0.05,7.213092088552819e-08,7.622657380352698e-07,1.8389325070194598,0.12710857899932035,2.4875110503363427
0.05,7.577759978303345e-08,7.622657380352698e-07,1.8389325070194598,0.15199712808930893,2.4875110503363427
0.05,7.577759978303345e-08,7.622657380352698e-07,1.8389325070194598,0.15199712808930893,2.4875110503363427
0.05,7.577759978303345e-08,7.622657380352698e-07,1.8389325070194598,0.46690913886310825,2.4875110503363427
0.05,7.577759978303345e-08,7.622657380352698e-07,1.8389325070194598,0.34143230286004145,8.612015446228236
0.05,7.577759978303345e-08,7.622657380352698e-07,1.8389325070194598,0.4517647261226469,6.890997472275591
0.05,7.577759978303345e-08,7.622657380352698e-07,1.8389325070194598,0.4500621133305288,4.587475913852054
0.05,7.577759978303345e-08,7.622657380352698e-07,1.8389325070194598,0.40360537747937386,4.587475913852054
0.05,7.577759978303345e-08,7.622657380352698e-07,2.80101291173175,0.40360537747937386,4.587475913852054
0.05,7.577759978303345e-08,6.664898804044155e-08,2.80101291173175,0.40360537747937386,4.587475913852054
0.05,7.577759978303345e-08,6.664898804044155e-08,1.9280089525390691,0.1876208249001285,1.3028955690142663
0.05,7.895344290394703e-08,6.664898804044155e-08,1.9280089525390691,0.1876208249001285,1.3028955690142663
0.05,7.895344290394703e-08,1.064890159023235e-07,1.9280089525390691,0.09537644612452316,1.3028955690142663
0.05,7.895344290394703e-08,5.028500059596028e-08,1.9280089525390691,0.27327735061372604,1.3028955690142663
0.05,3.805623219681737e-08,9.68373571809639e-06,1.9280089525390691,0.27327735061372604,1.3028955690142663
0.05,3.805623219681737e-08,9.68373571809639e-06,1.9280089525390691,0.05510165911947335,1.145054124194428
0.05,3.8773582002248673e-08,9.68373571809639e-06,2.6958672116119105,0.208130566231127,1.145054124194428
0.05,3.8773582002248673e-08,9.68373571809639e-06,2.6958672116119105,0.21255168987937068,1.145054124194428
0.05,3.8773582002248673e-08,9.68373571809639e-06,2.6958672116119105,0.21255168987937068,1.145054124194428
0.05,8.442575139122619e-08,5.944688593577106e-06,2.6958672116119105,0.21255168987937068,0.18863335026525174
0.05,8.442575139122619e-08,1.9117874246338815e-06,1.7501503984276465,0.21255168987937068,0.6321185808349582
0.05,8.442575139122619e-08,1.9117874246338815e-06,1.7501503984276465,0.2035036837449948,0.6321185808349582
0.05,8.442575139122619e-08,1.9117874246338815e-06,1.7501503984276465,0.20217859216062486,0.16704282054629263
0.05,8.442575139122619e-08,1.9117874246338815e-06,1.7501503984276465,0.20217859216062486,0.16704282054629263
0.05,8.442575139122619e-08,1.9117874246338815e-06,1.464029667274081,0.1195999088385958,0.4973471503205041
0.05,8.535159196500989e-08,1.9117874246338815e-06,1.464029667274081,0.10659374769440706,0.4973471503205041
0.05,8.535159196500989e-08,1.9117874246338815e-06,1.464029667274081,0.0939451359444117,0.4973471503205041
0.05,8.535159196500989e-08,2.2355223693139343e-06,1.464029667274081,0.0939451359444117,0.4973471503205041
0.05,7.989026524756055e-08,2.2355223693139343e-06,1.464029667274081,0.0939451359444117,0.4973471503205041
0.05,7.989026524756055e-08,2.2355223693139343e-06,1.464029667274081,0.0939451359444117,0.4973471503205041
0.05,7.989026524756055e-08,2.3233599428729007e-06,1.464029667274081,0.048933430253164,0.4973471503205041
0.05,8.234252577779998e-08,2.3233599428729007e-06,1.464029667274081,0.048933430253164,3.012568575991552
0.05,8.234252577779998e-08,2.3233599428729007e-06,1.464029667274081,0.06298117275976721,2.4690571831573798
0.05,8.234252577779998e-08,2.3233599428729007e-06,1.3187362431810126,0.05290765180705264,2.930451009042117
0.05,8.234252577779998e-08,2.3233599428729007e-06,1.3187362431810126,0.05290765180705264,2.930451009042117
0.05,8.234252577779998e-08,2.3233599428729007e-06,1.3187362431810126,0.09030993281074247,2.930451009042117
0.05,7.339125025021772e-08,2.3233599428729007e-06,1.3176282606135106,0.06654683954468475,2.930451009042117
0.05,7.339125025021772e-08,2.3233599428729007e-06,1.3176282606135106,0.06654683954468475,2.930451009042117
0.05,7.339125025021772e-08,2.3233599428729007e-06,1.3176282606135106,0.06654683954468475,4.617685334227163
0.05,7.339125025021772e-08,2.3233599428729007e-06,1.3176282606135106,0.06654683954468475,4.617685334227163
0.05,7.339125025021772e-08,2.3233599428729007e-06,1.3205191876005733,0.260498397057127,4.710616016227457
0.05,6.607751989398378e-08,9.041841678040595e-07,1.3205191876005733,0.260498397057127,8.719545553885897
0.05,6.607751989398378e-08,9.041841678040595e-07,0.9152369627925905,0.5033007527101744,8.719545553885897
0.05,7.332284132182042e-08,2.4995089496156493e-07,0.9152369627925905,0.5033007527101744,8.173047882461336
0.05,6.037532226135397e-08,2.4995089496156493e-07,0.9152369627925905,0.5342512786833759,8.173047882461336
0.05,6.037532226135397e-08,1.0530003039072971e-07,0.9152369627925905,0.5342512786833759,8.173047882461336
0.05,5.615106632159047e-08,1.0530003039072971e-07,0.9152369627925905,0.5342512786833759,9.342714500399742
0.05,6.788896531184574e-08,6.936071573671385e-08,0.9152369627925905,0.5342512786833759,9.342714500399742
0.05,7.404669425586278e-08,6.251146286457091e-08,0.9152369627925905,0.5342512786833759,7.9900815415602775
0.05,7.404669425586278e-08,4.0251758735193225e-07,2.2422743277885266,0.5342512786833759,7.034745791874207
0.05,7.404669425586278e-08,5.2426870499411613e-08,2.249087144537355,0.5342512786833759,7.593689721431805
0.05,7.404669425586278e-08,5.2426870499411613e-08,1.5782677746085407,0.488628906289884,6.971321051746118
0.05,7.404669425586278e-08,8.604766994824425e-08,1.5782677746085407,0.3505610073230375,6.971321051746118
0.05,7.404669425586278e-08,8.604766994824425e-08,1.5782677746085407,0.3505610073230375,7.518254352798323
0.05,7.404669425586278e-08,8.604766994824425e-08,1.5782677746085407,0.5028693779549356,7.518254352798323
0.05,7.404669425586278e-08,3.147076550814057e-07,1.5782677746085407,0.18625417247035495,7.518254352798323
0.05,6.392638498778448e-08,2.1021704425827325e-06,1.5782677746085407,0.18625417247035495,6.667268790000654
0.05,6.392638498778448e-08,2.1021704425827325e-06,1.5782677746085407,0.3615409544672697,6.667268790000654
0.05,6.392638498778448e-08,2.1021704425827325e-06,1.5782677746085407,0.41446547633344727,6.667268790000654
0.05,6.392638498778448e-08,2.1021704425827325e-06,1.5782677746085407,0.41446547633344727,6.667268790000654
0.05,6.392638498778448e-08,2.1021704425827325e-06,1.5782677746085407,0.41446547633344727,5.561070027620108
0.05,6.392638498778448e-08,2.2836919370305297e-07,1.5782677746085407,0.41446547633344727,6.066340672809439
0.05,6.392638498778448e-08,2.2836919370305297e-07,1.5782677746085407,0.41446547633344727,6.01386600049427
0.05,6.392638498778448e-08,9.413792517957215e-08,1.5782677746085407,0.41446547633344727,6.36952763667825
0.05,6.392638498778448e-08,9.413792517957215e-08,1.3260770134678077,0.41446547633344727,6.36952763667825
0.05,6.392638498778448e-08,2.7432543150101654e-07,1.3260770134678077,0.41446547633344727,6.333158330270719
0.05,6.231320459496065e-08,2.7432543150101654e-07,1.3260770134678077,0.41446547633344727,6.333158330270719
0.05,6.231320459496065e-08,1.6759802337857695e-07,1.5556358829325303,0.44175314165824403,6.333158330270719
0.05,6.231320459496065e-08,3.671440191749378e-07,1.5556358829325303,0.44175314165824403,6.333158330270719
0.05,5.2239370663481153e-08,3.671440191749378e-07,2.117858667416437,0.44175314165824403,2.7902829311062667
0.05,5.2239370663481153e-08,2.9619806629551628e-06,2.0764967380136086,0.44175314165824403,2.7902829311062667
0.05,5.364678730349613e-08,5.073990103828034e-07,2.0764967380136086,0.44175314165824403,2.3402678318487484
0.05,5.364678730349613e-08,5.073990103828034e-07,2.0764967380136086,0.44175314165824403,2.3402678318487484
0.05,5.364678730349613e-08,5.073990103828034e-07,2.0764967380136086,0.44175314165824403,9.536454273033668
0.05,5.364678730349613e-08,2.113978367409673e-07,2.0764967380136086,0.19995399433172983,2.612505776798991
0.05,5.364678730349613e-08,1.2935999956482325e-06,2.0764967380136086,0.2076560952455165,2.612505776798991
0.05,7.813180661186527e-08,1.2935999956482325e-06,2.0764967380136086,0.1730106168734061,3.600174459108925
0.05,8.365577658055633e-08,1.2537508855524273e-06,2.8904959464801077,0.1885972470715294,0.23712890368427159
0.05,8.365577658055633e-08,6.729345131413758e-07,2.8904959464801077,0.1314655120466945,0.23712890368427159
0.05,7.281060670302994e-08,6.729345131413758e-07,2.8904959464801077,0.1314655120466945,0.23712890368427159
0.05,7.281060670302994e-08,3.373039234755457e-07,1.786616630342498,0.1314655120466945,1.2331895254493739
0.05,5.26930737764985e-08,3.373039234755457e-07,1.258551801629766,0.1057693804543548,1.2331895254493739
0.05,5.26930737764985e-08,3.373039234755457e-07,1.258551801629766,0.19507319614349597,1.2331895254493739
0.05,5.26930737764985e-08,8.650087175708014e-07,2.1106029967342597,0.19507319614349597,1.2331895254493739
0.05,5.26930737764985e-08,8.650087175708014e-07,1.90615205606097,0.26557824213773046,1.2331895254493739
0.05,5.26930737764985e-08,6.05462224736111e-07,1.90615205606097,0.26557824213773046,0.513091959944605
0.05,5.26930737764985e-08,2.7190701902312616e-06,1.90615205606097,0.26557824213773046,8.004342414497687
0.05,5.26930737764985e-08,2.9347880444100542e-06,1.90615205606097,0.26557824213773046,4.192567616334966
0.05,5.26930737764985e-08,2.9347880444100542e-06,2.8735873924464754,0.26557824213773046,1.5326229155277296
0.05,5.920352641666144e-08,1.9036128135732063e-06,2.8735873924464754,0.3466222556818079,1.0916049699775712
0.05,5.920352641666144e-08,1.9036128135732063e-06,2.8735873924464754,0.294939134116964,1.2038201182154524
0.05,5.920352641666144e-08,1.9036128135732063e-06,2.8735873924464754,0.294939134116964,4.512907704874799
0.05,5.920352641666144e-08,1.9036128135732063e-06,2.8735873924464754,0.294939134116964,0.43294811019487855
0.05,5.920352641666144e-08,1.9036128135732063e-06,1.620309389714287,0.294939134116964,0.43294811019487855
0.05,5.920352641666144e-08,1.0939074655268842e-06,1.7701887660685185,0.294939134116964,0.783461021000339
0.05,8.750476777514258e-08,1.4447559230156881e-06,1.7701887660685185,0.294939134116964,6.130997067363529
0.05,8.750476777514258e-08,1.4447559230156881e-06,1.7701887660685185,0.17703511009192233,6.130997067363529
0.05,8.750476777514258e-08,1.4447559230156881e-06,1.7701887660685185,0.17703511009192233,1.3469985461613454
0.05,8.814338481865879e-08,1.4447559230156881e-06,1.7701887660685185,0.23508935713895054,2.677239383038858
0.05,8.814338481865879e-08,1.4447559230156881e-06,1.9339534577657191,0.23508935713895054,2.677239383038858
0.05,4.767465503739443e-08,1.4447559230156881e-06,1.9339534577657191,0.34494981767655813,4.900718101941036
0.05,4.767465503739443e-08,8.707287968934847e-07,1.9339534577657191,0.34494981767655813,4.900718101941036
0.05,4.767465503739443e-08,8.707287968934847e-07,1.698082470724759,0.34494981767655813,4.900718101941036
0.05,7.497073444412758e-08,3.105592074821682e-06,1.8306386678175484,0.34494981767655813,4.900718101941036
0.05,7.497073444412758e-08,1.8321780564311254e-06,1.719417704968982,0.34494981767655813,4.900718101941036
0.05,7.497073444412758e-08,1.8321780564311254e-06,1.719417704968982,0.34494981767655813,4.900718101941036
0.05,7.497073444412758e-08,8.646548675997654e-07,1.719417704968982,0.34494981767655813,3.382346008699921
0.05,7.497073444412758e-08,4.978263579867488e-06,1.719417704968982,0.16763333883644102,3.382346008699921
0.05,7.497073444412758e-08,4.978263579867488e-06,2.1847502337497007,0.16763333883644102,3.4657607911307298
0.05,9.363739768955625e-08,4.978263579867488e-06,2.1847502337497007,0.16763333883644102,0.6056315909181327
0.05,5.838652735688896e-08,4.978263579867488e-06,2.1847502337497007,0.17979918910708995,0.6056315909181327
0.05,5.838652735688896e-08,4.978263579867488e-06,1.6851763681911123,0.17979918910708995,0.6056315909181327
0.05,6.136901362148636e-08,4.978263579867488e-06,3.024965674632134,0.17979918910708995,5.287104853910889
0.05,6.136901362148636e-08,4.767799321060255e-07,2.621866469328158,0.17979918910708995,5.287104853910889
0.05,6.136901362148636e-08,4.754742305909283e-06,2.621866469328158,0.17979918910708995,1.0812737592994388
0.05,6.136901362148636e-08,4.754742305909283e-06,2.621866469328158,0.1703642589556961,0.0698148912467903
0.05,6.501565378790179e-08,4.754742305909283e-06,2.621866469328158,0.11744143525947259,0.0698148912467903
0.05,6.501565378790179e-08,4.754742305909283e-06,2.621866469328158,0.05636285615371052,0.0698148912467903
0.05,6.501565378790179e-08,4.754742305909283e-06,2.621866469328158,0.05636285615371052,0.0698148912467903
0.05,6.501565378790179e-08,4.754742305909283e-06,2.621866469328158,0.147719764450406,0.07997540459577326
0.05,6.501565378790179e-08,4.754742305909283e-06,2.165833494563787,0.147719764450406,0.11017017630028722
0.05,6.287424358832257e-08,4.754742305909283e-06,2.165833494563787,0.147719764450406,0.11017017630028722
0.05,6.287424358832257e-08,4.754742305909283e-06,2.165833494563787,0.2017824092941273,0.04209188269425034
0.05,1.0304601130748631e-07,4.754742305909283e-06,2.165833494563787,0.11378565653778495,0.04209188269425034
0.05,1.0304601130748631e-07,4.754742305909283e-06,3.077247138274543,0.11378565653778495,0.04209188269425034
0.05,1.0304601130748631e-07,5.975217143665806e-06,2.283548095519553,0.11378565653778495,0.04209188269425034
0.05,6.785754894205027e-08,8.568584203515096e-06,2.283548095519553,0.053790756130138125,0.04209188269425034
0.05,6.785754894205027e-08,9.809592862437074e-07,2.283548095519553,0.1779713662094288,0.04209188269425034
0.05,6.785754894205027e-08,1.006988555824976e-06,3.0191882119234075,0.1779713662094288,0.15056934427184188
0.05,6.785754894205027e-08,6.281461455152459e-07,3.0191882119234075,0.21208507369516308,0.16341123777517919
0.05,6.566766995231581e-08,6.281461455152459e-07,3.0191882119234075,0.21208507369516308,0.16341123777517919
0.05,6.566766995231581e-08,6.281461455152459e-07,3.0191882119234075,0.21208507369516308,0.060984974952374246
0.05,7.050441224526337e-08,6.281461455152459e-07,3.0191882119234075,0.21208507369516308,0.028888570998458065
0.05,7.050441224526337e-08,6.281461455152459e-07,3.0191882119234075,0.25533457125112413,2.073212798708768
0.05,7.050441224526337e-08,6.281461455152459e-07,1.8740161611424972,0.170064224478424,0.8850214513800247
0.05,7.050441224526337e-08,2.0163504297060858e-06,1.8740161611424972,0.2288269363867525,0.8850214513800247
0.05,8.090795888161068e-08,2.0163504297060858e-06,1.8740161611424972,0.2288269363867525,0.8850214513800247
0.05,7.225524743752446e-08,2.0163504297060858e-06,1.8740161611424972,0.2288269363867525,0.8850214513800247
0.05,7.225524743752446e-08,3.205850070423122e-06,1.8740161611424972,0.2288269363867525,3.838857755154494
0.05,5.960203540769203e-08,5.407464317180391e-07,1.8740161611424972,0.2288269363867525,3.838857755154494
0.05,5.960203540769203e-08,5.407464317180391e-07,1.8740161611424972,0.40614372245036023,3.838857755154494
0.05,5.960203540769203e-08,5.407464317180391e-07,1.8740161611424972,0.40614372245036023,9.358848344677185
0.05,5.960203540769203e-08,5.407464317180391e-07,1.8740161611424972,0.40614372245036023,8.51203504907142
0.05,5.960203540769203e-08,5.407464317180391e-07,1.8740161611424972,0.40614372245036023,8.51203504907142
0.05,5.960203540769203e-08,5.407464317180391e-07,1.769436447863158,0.40614372245036023,8.51203504907142
0.05,6.69959551513024e-08,6.458143962472943e-07,0.9262248748350319,0.32869595794466466,8.51203504907142
0.05,6.955512854609927e-08,6.458143962472943e-07,0.9262248748350319,0.32869595794466466,8.51203504907142
0.05,6.955512854609927e-08,6.458143962472943e-07,1.9971859064774102,0.32869595794466466,8.51203504907142
0.05,6.955512854609927e-08,6.458143962472943e-07,1.9971859064774102,0.32869595794466466,8.51203504907142
0.05,6.955512854609927e-08,6.458143962472943e-07,1.3586658041171198,0.3097731473326668,7.780356118709477
0.05,6.955512854609927e-08,1.6651121755604243e-06,1.1805657262149132,0.3097731473326668,7.780356118709477
0.05,6.955512854609927e-08,1.6651121755604243e-06,1.1805657262149132,0.21862964596864215,6.650855650688529
0.05,6.955512854609927e-08,1.6651121755604243e-06,1.1805657262149132,0.37294327975318076,6.650855650688529
0.05,7.793595395798777e-08,1.6651121755604243e-06,1.1805657262149132,0.37294327975318076,6.650855650688529
0.05,6.016659854610235e-08,3.7623544860916676e-06,1.1805657262149132,0.2816846450815542,6.650855650688529
0.05,6.016659854610235e-08,3.7623544860916676e-06,1.1805657262149132,0.2816846450815542,4.271411508432995
0.05,6.016659854610235e-08,3.7623544860916676e-06,1.1805657262149132,0.2816846450815542,4.809795125658163
0.05,6.016659854610235e-08,4.017650936449478e-06,1.1805657262149132,0.2816846450815542,4.599546836820576
0.05,6.016659854610235e-08,7.184745816925748e-07,1.1805657262149132,0.2816846450815542,4.599546836820576
0.05,6.016659854610235e-08,7.184745816925748e-07,1.4092041057749969,0.23453535221770852,4.599546836820576
0.05,6.016659854610235e-08,7.184745816925748e-07,1.7030256978615963,0.23453535221770852,1.1481709254988994
0.05,6.016659854610235e-08,7.184745816925748e-07,1.676934828287811,0.23453535221770852,1.1481709254988994
0.05,6.016659854610235e-08,1.985932175756739e-06,4.393532764036609,0.23453535221770852,1.1481709254988994
0.05,6.016659854610235e-08,5.336045342655941e-07,4.393532764036609,0.23453535221770852,1.1481709254988994
0.05,6.016659854610235e-08,5.336045342655941e-07,4.393532764036609,0.23453535221770852,0.3346010677126865
0.05,6.016659854610235e-08,1.6699409942874418e-07,1.6791946041631074,0.23453535221770852,0.3346010677126865
0.05,6.016659854610235e-08,1.6699409942874418e-07,1.6791946041631074,0.33015311951839516,1.5344454210117844
0.05,5.765162716051068e-08,1.910242697955927e-06,1.6791946041631074,0.33015311951839516,1.5344454210117844
0.05,5.765162716051068e-08,7.430875988647001e-06,3.153252671584747,0.33015311951839516,1.5344454210117844
0.05,5.765162716051068e-08,2.2134934023899548e-07,3.153252671584747,0.33015311951839516,1.5344454210117844
0.05,5.765162716051068e-08,1.2542529115351118e-05,3.153252671584747,0.33015311951839516,1.5344454210117844
0.05,5.765162716051068e-08,1.2542529115351118e-05,1.7696203716905698,0.33015311951839516,0.6769095309804839
0.05,5.765162716051068e-08,6.220255628824513e-07,1.7696203716905698,0.308301725463008,0.6769095309804839
0.05,5.765162716051068e-08,2.4293335998763104e-06,1.7696203716905698,0.31159385907236287,7.118719348899595
0.05,4.6323499033890424e-08,3.851831365862048e-06,1.4750523799313167,0.31159385907236287,7.118719348899595
0.05,4.6323499033890424e-08,3.851831365862048e-06,1.4750523799313167,0.31159385907236287,4.117586015258841
0.05,4.6323499033890424e-08,3.851831365862048e-06,1.4750523799313167,0.1423793491591399,4.117586015258841
0.05,4.6323499033890424e-08,3.851831365862048e-06,1.725288204384985,0.4110097514814067,4.117586015258841
0.05,5.303974230656042e-08,1.6790734632878721e-06,1.725288204384985,0.3039415045976614,8.242539815353387
0.05,5.303974230656042e-08,1.6790734632878721e-06,1.548287020904173,0.40426857536956556,8.242539815353387
0.05,4.129044204585475e-08,1.486022912535255e-06,1.419743171541136,0.40426857536956556,9.381650943027504
0.05,4.1956140803350347e-08,1.9668911227214747e-06,0.8876046145079683,0.40426857536956556,9.633353392247859
0.05,4.1956140803350347e-08,1.9668911227214747e-06,2.215910833820308,0.42576865862237523,9.633353392247859
0.05,4.1956140803350347e-08,1.9668911227214747e-06,1.0837675160682119,0.5217637113896876,9.633353392247859
0.05,4.1956140803350347e-08,1.9668911227214747e-06,1.0837675160682119,0.5491720430734004,9.633353392247859
0.05,4.1956140803350347e-08,2.788906470851934e-06,1.0837675160682119,0.5491720430734004,9.78821707499161
0.05,4.1956140803350347e-08,2.532624140516334e-07,1.0837675160682119,0.6038400192009786,9.78821707499161
0.05,3.928852621793722e-08,9.141915809997739e-07,1.0837675160682119,0.41777363658582595,9.950037491292491
0.05,5.165798834800243e-08,9.141915809997739e-07,3.863322156744802,0.41777363658582595,2.2314233661040417
0.05,5.165798834800243e-08,9.141915809997739e-07,3.46149584935742,0.41777363658582595,2.2314233661040417
0.05,4.4900187306823426e-08,9.141915809997739e-07,3.46149584935742,0.41777363658582595,2.2314233661040417
0.05,6.306768798359706e-08,6.953502724627043e-07,3.46149584935742,0.41777363658582595,3.1407253197905067
0.05,5.680529254723901e-08,6.953502724627043e-07,3.253947249941773,0.2390647466328407,3.1407253197905067
0.05,5.680529254723901e-08,3.4290861110308045e-06,3.253947249941773,0.2390647466328407,1.7537396105210412
0.05,5.680529254723901e-08,4.423614208571799e-06,2.6743188153422635,0.2390647466328407,1.7537396105210412
0.05,5.680529254723901e-08,4.423614208571799e-06,2.6743188153422635,0.2390647466328407,1.7537396105210412
0.05,6.556064342937126e-08,7.696444071682352e-07,3.0824364963134965,0.2390647466328407,1.7537396105210412
0.05,6.556064342937126e-08,7.696444071682352e-07,3.0824364963134965,0.2726691064428348,1.7537396105210412
0.05,6.556064342937126e-08,1.7023219840268112e-07,3.0824364963134965,0.2726691064428348,1.7537396105210412
0.05,5.914504914028296e-08,5.319162116670449e-07,3.0824364963134965,0.2726691064428348,1.7537396105210412
0.05,5.914504914028296e-08,6.17238800122295e-07,3.0824364963134965,0.2329049193076859,1.7537396105210412
0.05,5.914504914028296e-08,1.0094032841729135e-07,3.0824364963134965,0.2329049193076859,2.566224255254844
0.05,5.914504914028296e-08,1.0094032841729135e-07,3.0824364963134965,0.2329049193076859,3.543592615583286
0.05,5.914504914028296e-08,1.0094032841729135e-07,3.0824364963134965,0.2329049193076859,3.543592615583286
0.05,5.355335837299161e-08,5.391216402090052e-07,3.0824364963134965,0.2864083084529303,3.543592615583286
0.05,5.355335837299161e-08,5.391216402090052e-07,3.0824364963134965,0.22628940164906144,0.26494824383510107
0.05,5.355335837299161e-08,5.391216402090052e-07,3.1437502067823426,0.22628940164906144,0.3045447514936982
0.05,5.0905568729335e-08,5.391216402090052e-07,3.1437502067823426,0.22628940164906144,4.485502850197076
0.05,7.153096496145791e-08,1.1740217961858824e-06,2.6308247285554076,0.4295057027531013,3.3630535328306803
0.05,8.093802979938231e-08,2.4668018835659395e-06,1.746720024605588,0.4295057027531013,3.3630535328306803
0.05,8.093802979938231e-08,9.28016082736825e-07,1.746720024605588,0.4295057027531013,6.974256864737427
0.05,8.093802979938231e-08,9.28016082736825e-07,1.185506943155568,0.4295057027531013,6.974256864737427
0.05,7.337244733924498e-08,9.28016082736825e-07,2.3297616230952625,0.4295057027531013,5.5794174216820895
0.05,7.337244733924498e-08,9.28016082736825e-07,2.3297616230952625,0.4295057027531013,6.646821714353274
0.05,7.337244733924498e-08,1.4337426074870389e-06,1.7942724364628202,0.4295057027531013,6.646821714353274
0.05,7.337244733924498e-08,1.4337426074870389e-06,1.7942724364628202,0.4295057027531013,5.775920213378085
0.05,7.337244733924498e-08,1.3238073954989208e-06,1.4562186851160164,0.26197003779762784,5.775920213378085
0.05,8.072312468195292e-08,1.3238073954989208e-06,1.6672321518851625,0.26197003779762784,5.808120915671578
0.05,8.072312468195292e-08,1.3238073954989208e-06,1.5037353048003,0.26197003779762784,3.680538879384196
0.05,8.072312468195292e-08,4.7637513584663046e-07,1.3787045404985732,0.26197003779762784,3.680538879384196
0.05,8.072312468195292e-08,4.7637513584663046e-07,1.3787045404985732,0.26197003779762784,2.939313342638792
0.05,8.072312468195292e-08,4.7637513584663046e-07,2.296589619845675,0.370826130903833,2.939313342638792
0.05,6.156787850263199e-08,4.7637513584663046e-07,2.296589619845675,0.370826130903833,2.939313342638792
0.05,6.156787850263199e-08,3.0011651688603477e-07,2.296589619845675,0.370826130903833,2.615549982447911
0.05,6.156787850263199e-08,2.0271056628789225e-06,2.296589619845675,0.275268475201983,2.615549982447911
0.05,6.156787850263199e-08,2.0271056628789225e-06,2.296589619845675,0.15242743491921168,0.3592080647619775
0.05,6.156787850263199e-08,4.297540767561418e-06,1.836702099906711,0.15242743491921168,0.505440734194291
0.05,6.156787850263199e-08,1.8191898643346265e-06,1.836702099906711,0.1906591005792852,0.505440734194291
0.05,6.156787850263199e-08,5.843341420626298e-06,1.836702099906711,0.21229861101411368,4.670630636823305
0.05,6.156787850263199e-08,3.2102409352279354e-06,2.1414027714086257,0.21229861101411368,4.670630636823305
0.05,6.363392568503598e-08,5.17088936255421e-07,2.1414027714086257,0.21229861101411368,4.474509752842863
0.05,5.737960081200666e-08,5.17088936255421e-07,2.064785037300393,0.21229861101411368,4.474509752842863
0.05,5.737960081200666e-08,1.2500314633060745e-06,1.2266842906408257,0.22866352554935293,4.474509752842863
0.05,5.737960081200666e-08,3.104062020621955e-06,2.0645462301906123,0.25050893040283134,4.474509752842863
0.05,5.737960081200666e-08,3.104062020621955e-06,1.5559811525645852,0.25050893040283134,2.46813877049798
0.05,4.6364749372493784e-08,5.592117666255116e-06,1.4318703685221275,0.25050893040283134,5.14796603562809
0.05,7.897606197053811e-08,1.6171178741092899e-06,1.4318703685221275,0.517140903192301,5.14796603562809
0.05,7.897606197053811e-08,1.6171178741092899e-06,1.4318703685221275,0.4792371070888584,5.14796603562809
0.05,7.897606197053811e-08,1.6171178741092899e-06,1.4318703685221275,0.3571272443003511,5.14796603562809
0.05,8.670485885781848e-08,1.6171178741092899e-06,2.093219674097859,0.3571272443003511,3.6034158425856626
0.05,8.670485885781848e-08,1.6171178741092899e-06,2.093219674097859,0.3571272443003511,3.6034158425856626
0.05,6.410486052033884e-08,1.6171178741092899e-06,2.093219674097859,0.3549667818264902,3.6034158425856626
0.05,6.410486052033884e-08,2.848517838818754e-07,2.416103244367368,0.3549667818264902,3.6034158425856626
0.05,7.048807929921719e-08,2.848517838818754e-07,2.416103244367368,0.3549667818264902,3.6034158425856626
0.05,7.011564589611217e-08,6.890408132929786e-07,2.416103244367368,0.3549667818264902,3.6034158425856626
0.05,6.308558461439531e-08,1.8420163304968567e-07,2.416103244367368,0.3549667818264902,3.6034158425856626
0.05,6.308558461439531e-08,1.8420163304968567e-07,2.416103244367368,0.3549667818264902,3.6034158425856626
0.05,6.308558461439531e-08,8.552848970538349e-08,2.416103244367368,0.3549667818264902,3.6034158425856626
0.05,6.308558461439531e-08,1.3536738842113965e-06,2.416103244367368,0.3549667818264902,3.6034158425856626
0.05,6.404540348570686e-08,1.3536738842113965e-06,1.6071746786904444,0.38978574116700976,3.6034158425856626
0.05,6.404540348570686e-08,1.3536738842113965e-06,1.6071746786904444,0.38978574116700976,8.86513308455562
0.05,6.404540348570686e-08,2.672560488520101e-06,1.1028165547815518,0.38978574116700976,7.391950526660324
0.05,6.404540348570686e-08,2.672560488520101e-06,1.1028165547815518,0.38978574116700976,7.391950526660324
0.05,6.404540348570686e-08,2.672560488520101e-06,1.1028165547815518,0.38978574116700976,7.391950526660324
0.05,4.994725378224237e-08,2.672560488520101e-06,1.374317657764884,0.45090970101030187,7.674837718590274
0.05,4.994725378224237e-08,2.672560488520101e-06,1.374317657764884,0.45090970101030187,7.674837718590274
0.05,4.994725378224237e-08,2.672560488520101e-06,1.374317657764884,0.37234793949309647,7.674837718590274
0.05,4.994725378224237e-08,2.672560488520101e-06,1.4523229545564875,0.5435648664837891,7.674837718590274
0.05,6.272779979748142e-08,2.672560488520101e-06,1.4523229545564875,0.43726566675388767,8.117153314303136
0.05,6.272779979748142e-08,2.672560488520101e-06,1.5545729405647266,0.43726566675388767,8.117153314303136
0.05,6.272779979748142e-08,5.003783708715299e-08,1.5545729405647266,0.43726566675388767,8.117153314303136
0.05,6.272779979748142e-08,4.9569751935677516e-08,1.5545729405647266,0.43726566675388767,8.117153314303136
0.05,4.4690140904795694e-08,4.9569751935677516e-08,1.5545729405647266,0.4133089849306519,7.9691677001403
0.05,4.4690140904795694e-08,9.603259740506613e-09,2.5510801710434095,0.4133089849306519,2.6341985393225005
0.05,5.36132662964451e-08,9.603259740506613e-09,2.5510801710434095,0.4133089849306519,2.6341985393225005
0.05,5.36132662964451e-08,9.603259740506613e-09,2.5510801710434095,0.4133089849306519,2.6341985393225005
0.05,5.36132662964451e-08,8.623818969186444e-07,2.5510801710434095,0.4133089849306519,2.6341985393225005
0.05,8.525521967812897e-08,1.1130896897272641e-06,1.3257640629943135,0.38716979604667784,2.6341985393225005
0.05,8.525521967812897e-08,1.1130896897272641e-06,1.3257640629943135,0.38716979604667784,3.2461917628690244
0.05,8.525521967812897e-08,1.1130896897272641e-06,1.3257640629943135,0.38716979604667784,8.983535893116539
0.05,8.525521967812897e-08,1.1088944817824377e-06,1.3257640629943135,0.38716979604667784,8.983535893116539
0.05,5.103759326326609e-08,1.1088944817824377e-06,1.3257640629943135,0.38716979604667784,7.481967368573249
0.05,7.383480842144305e-08,1.0790231175823837e-06,1.8815959222900902,0.38716979604667784,7.481967368573249
0.05,6.020884295139879e-08,1.0790231175823837e-06,1.8815959222900902,0.38716979604667784,7.481967368573249
0.05,6.020884295139879e-08,1.343988977233199e-08,2.3192341655450432,0.33099828920997004,5.862776829194861
0.05,6.020884295139879e-08,1.119917277567251e-08,2.3192341655450432,0.33099828920997004,3.814108216008076
0.05,6.020884295139879e-08,2.970213200127158e-09,2.3192341655450432,0.18031246652573926,3.814108216008076
0.05,6.020884295139879e-08,1.4084097884552114e-07,2.3192341655450432,0.18031246652573926,3.814108216008076
0.05,6.020884295139879e-08,1.4084097884552114e-07,1.0034498978347501,0.224763499339419,3.814108216008076
0.05,6.020884295139879e-08,8.329332897885715e-07,1.0034498978347501,0.224763499339419,3.814108216008076
0.05,8.193374116233276e-08,1.7453469014895635e-06,1.0034498978347501,0.15536267101544207,3.814108216008076
0.05,6.452664980549001e-08,1.7453469014895635e-06,1.0034498978347501,0.16402052898952227,4.482946329579887
0.05,6.452664980549001e-08,1.7453469014895635e-06,1.0034498978347501,0.16402052898952227,4.482946329579887
0.05,6.452664980549001e-08,1.7453469014895635e-06,1.0034498978347501,0.16402052898952227,3.1267987636303247
0.05,6.452664980549001e-08,2.2015255904285164e-06,1.4276551581962118,0.16402052898952227,4.076732702714212
0.05,6.452664980549001e-08,2.2015255904285164e-06,1.4276551581962118,0.16402052898952227,0.9962376485326956
0.05,5.883818666667835e-08,2.2015255904285164e-06,1.4276551581962118,0.16402052898952227,0.9962376485326956
0.05,6.912387779467056e-08,2.2015255904285164e-06,1.4276551581962118,0.22558360555350532,0.34222143576445696
0.05,7.129035885802607e-08,2.2015255904285164e-06,2.551339266712491,0.22558360555350532,0.431535411361487
0.05,7.129035885802607e-08,2.359233438670386e-06,3.162575948146884,0.26289409453137497,0.40550463230615835
0.05,7.129035885802607e-08,1.1483234807355627e-06,2.6766702872977817,0.26289409453137497,0.40550463230615835
0.05,7.129035885802607e-08,1.1483234807355627e-06,2.6766702872977817,0.18968913099274032,0.43885290020958706
0.05,7.129035885802607e-08,1.1483234807355627e-06,2.6766702872977817,0.18968913099274032,0.43885290020958706
0.05,7.129035885802607e-08,1.1483234807355627e-06,2.6766702872977817,0.18968913099274032,0.43885290020958706
0.05,6.287049303283654e-08,1.1483234807355627e-06,2.6766702872977817,0.18968913099274032,0.43885290020958706
0.05,6.287049303283654e-08,2.0118496563194666e-06,2.1709955487426806,0.36235867540258837,0.43885290020958706
0.05,6.287049303283654e-08,2.0118496563194666e-06,2.1709955487426806,0.36235867540258837,0.2969907505556909
0.05,6.287049303283654e-08,2.0118496563194666e-06,2.227698982942577,0.36235867540258837,6.285717505609636
0.05,6.563650512241681e-08,2.0118496563194666e-06,2.227698982942577,0.36235867540258837,6.957663347906258
0.05,6.563650512241681e-08,1.5545759791839553e-07,2.227698982942577,0.41325509252658343,6.957663347906258
0.05,6.563650512241681e-08,1.640118466043737e-07,2.227698982942577,0.41325509252658343,6.957663347906258
0.05,6.563650512241681e-08,2.205085199783255e-07,2.227698982942577,0.3354469480275053,6.957663347906258
0.05,6.563650512241681e-08,1.750133377435533e-08,1.134077675301429,0.3354469480275053,6.957663347906258
0.05,6.563650512241681e-08,3.907007236499312e-07,1.134077675301429,0.4528716401888867,6.957663347906258
0.05,6.563650512241681e-08,3.907007236499312e-07,1.134077675301429,0.5193116262932709,6.957663347906258
0.05,6.563650512241681e-08,3.907007236499312e-07,1.0458758603051606,0.5193116262932709,8.987854467677064
0.05,6.563650512241681e-08,1.638516262211936e-07,1.0458758603051606,0.3954116304690413,8.987854467677064
0.05,6.563650512241681e-08,8.904797938369566e-08,1.0458758603051606,0.3954116304690413,8.987854467677064
0.05,6.563650512241681e-08,8.904797938369566e-08,1.6196942640990648,0.3954116304690413,8.390626527086686
0.05,4.125259248577838e-08,9.899652046525653e-08,1.6196942640990648,0.3954116304690413,8.390626527086686
0.05,8.517932657568596e-08,1.4924366930952683e-07,1.7402868031260645,0.3954116304690413,8.390626527086686
0.05,7.477115138789685e-08,1.4924366930952683e-07,1.7402868031260645,0.3954116304690413,8.390626527086686
0.05,7.477115138789685e-08,1.4924366930952683e-07,1.6685023551289624,0.40980176887404157,8.390626527086686
0.05,7.477115138789685e-08,1.4924366930952683e-07,1.6685023551289624,0.40980176887404157,5.187739669316011
0.05,7.477115138789685e-08,1.4924366930952683e-07,1.1041331868874118,0.10717794379166697,5.187739669316011
0.05,4.668462412044407e-08,2.1547561977187103e-06,1.1041331868874118,0.10717794379166697,6.8787402844826575
0.05,7.341025926863669e-08,2.1547561977187103e-06,1.1041331868874118,0.11764775092452949,6.8787402844826575
0.05,7.341025926863669e-08,2.1547561977187103e-06,1.3691634460808295,0.11764775092452949,1.8548118449183457
0.05,7.341025926863669e-08,2.1547561977187103e-06,1.3691634460808295,0.2822377800668748,1.8548118449183457
0.05,7.341025926863669e-08,2.1547561977187103e-06,0.9971631501574845,0.1343185663055707,4.125054518525947
0.05,7.341025926863669e-08,2.1547561977187103e-06,0.9971631501574845,0.11346479116252144,3.2463069360031587
0.05,7.341025926863669e-08,2.1547561977187103e-06,0.9971631501574845,0.11346479116252144,3.2463069360031587
0.05,7.341025926863669e-08,3.2275827684261224e-07,1.288322651451836,0.11346479116252144,3.2463069360031587
0.05,7.341025926863669e-08,1.056902352261244e-06,2.8464957211472712,0.401476877087291,3.2463069360031587
0.05,7.341025926863669e-08,7.506334829590206e-07,2.8464957211472712,0.3027550671818499,3.2463069360031587
0.05,7.341025926863669e-08,1.5805956141038741e-06,0.8576465795240428,0.3027550671818499,3.2463069360031587
0.05,7.341025926863669e-08,1.5805956141038741e-06,2.638381817191913,0.11411412261400965,3.2463069360031587
0.05,5.3811101646277556e-08,3.3743741371533497e-06,1.8435367465411274,0.11411412261400965,3.2463069360031587
0.05,5.3811101646277556e-08,3.3743741371533497e-06,1.8435367465411274,0.11411412261400965,3.2463069360031587
0.05,7.323804942989646e-08,3.3743741371533497e-06,1.8435367465411274,0.11411412261400965,0.15768451902895436
0.05,7.323804942989646e-08,3.3743741371533497e-06,2.5950503145345465,0.031435282424819584,0.15768451902895436
0.05,7.323804942989646e-08,3.3743741371533497e-06,2.365128896270382,0.3714815146250314,0.15768451902895436
0.05,7.323804942989646e-08,3.3743741371533497e-06,2.365128896270382,0.3714815146250314,0.15768451902895436
0.05,7.323804942989646e-08,3.3743741371533497e-06,2.365128896270382,0.3714815146250314,0.6694363251118649
0.05,7.323804942989646e-08,3.3743741371533497e-06,2.365128896270382,0.35617784398015634,1.1617777314321946
0.05,7.706208182480592e-08,3.3743741371533497e-06,2.365128896270382,0.13555687406996886,1.1617777314321946
0.05,7.706208182480592e-08,3.3743741371533497e-06,2.365128896270382,0.13555687406996886,1.1617777314321946
0.05,7.706208182480592e-08,4.777721393088417e-06,2.365128896270382,0.13555687406996886,1.1617777314321946
0.05,7.706208182480592e-08,4.777721393088417e-06,2.365128896270382,0.13555687406996886,1.1617777314321946
0.05,6.136867589839733e-08,2.6067982507005547e-06,2.365128896270382,0.13555687406996886,1.1617777314321946
0.05,6.136867589839733e-08,2.6067982507005547e-06,2.555057555045847,0.3267316064129738,1.1617777314321946
0.05,6.136867589839733e-08,4.071997753839364e-06,2.555057555045847,0.17468215665614353,0.7557173381708597
0.05,7.465710348470253e-08,4.071997753839364e-06,2.555057555045847,0.2051495523160186,0.7557173381708597
0.05,7.465710348470253e-08,3.666611240087039e-07,2.555057555045847,0.2051495523160186,0.7557173381708597
0.05,7.465710348470253e-08,1.9669387995653375e-08,2.555057555045847,0.2051495523160186,0.7557173381708597
0.05,7.465710348470253e-08,6.254374038241339e-07,2.555057555045847,0.11736896201577368,0.7557173381708597
0.05,7.012695703227062e-08,6.254374038241339e-07,2.555057555045847,0.22478851724855137,0.7557173381708597
0.05,5.8687318761011084e-08,1.594951457748579e-07,2.555057555045847,0.22478851724855137,1.0804911989453083
0.05,5.8687318761011084e-08,4.513775486803869e-08,2.555057555045847,0.22478851724855137,1.0804911989453083
0.05,3.682557887125041e-08,1.2907985737900324e-05,2.555057555045847,0.22478851724855137,1.0804911989453083
0.05,3.682557887125041e-08,6.706811210623326e-06,3.4098098545079676,0.22478851724855137,1.0804911989453083
0.05,3.682557887125041e-08,6.706811210623326e-06,3.4098098545079676,0.22378125936461024,1.0804911989453083
0.05,3.682557887125041e-08,6.706811210623326e-06,3.4098098545079676,0.22378125936461024,1.233716745370023
0.05,3.9389512406350445e-08,6.706811210623326e-06,2.273435554065176,0.22378125936461024,1.233716745370023
0.05,3.891691550731223e-08,6.706811210623326e-06,2.273435554065176,0.22378125936461024,1.233716745370023
0.05,3.891691550731223e-08,7.902912388445958e-06,2.273435554065176,0.12608353481776954,1.6001464835925079
0.05,3.891691550731223e-08,7.902912388445958e-06,2.273435554065176,0.12608353481776954,1.6001464835925079
0.05,3.891691550731223e-08,7.902912388445958e-06,2.273435554065176,0.19483212138633269,0.6911858354984299
0.05,3.891691550731223e-08,7.4592411126567925e-06,2.2068060647251975,0.19483212138633269,0.28746538481263506
0.05,3.891691550731223e-08,7.4592411126567925e-06,2.2068060647251975,0.19483212138633269,2.47733055359097
0.05,3.891691550731223e-08,7.4592411126567925e-06,2.2068060647251975,0.16696803404927013,2.47733055359097
0.05,5.805288439464794e-08,7.4592411126567925e-06,2.2068060647251975,0.16696803404927013,2.47733055359097
0.05,5.0277419031517704e-08,5.338731082229486e-06,2.0846847880230186,0.16696803404927013,2.47733055359097
0.05,5.0277419031517704e-08,5.338731082229486e-06,2.417731725818733,0.16696803404927013,2.47733055359097
0.05,5.0277419031517704e-08,5.338731082229486e-06,2.417731725818733,0.10358893354502867,0.5124024674136944
0.05,8.658412508095326e-08,5.338731082229486e-06,2.417731725818733,0.0643845179295321,0.8323368245284581
0.05,8.658412508095326e-08,6.292721258800497e-07,2.417731725818733,0.0643845179295321,0.6642140536413919
0.05,5.223852187316775e-08,6.292721258800497e-07,2.417731725818733,0.07743932073770539,0.6642140536413919
0.05,6.663349468959807e-08,6.292721258800497e-07,2.417731725818733,0.25479257071784467,0.6642140536413919
0.05,6.663349468959807e-08,6.292721258800497e-07,2.52656065129858,0.25479257071784467,2.3945894477761835
0.05,7.726243389032369e-08,2.7398068484041467e-07,2.52656065129858,0.2538616558364656,2.3945894477761835
0.05,7.726243389032369e-08,2.7398068484041467e-07,2.52656065129858,0.2538616558364656,0.9875997663254732
0.05,7.726243389032369e-08,2.7398068484041467e-07,2.52656065129858,0.1565379935933532,3.252370452378863
0.05,7.726243389032369e-08,2.7398068484041467e-07,2.52656065129858,0.1565379935933532,1.5131498221851731
0.05,7.726243389032369e-08,1.0927733594599217e-07,2.52656065129858,0.20561653038899746,1.5131498221851731
0.05,7.726243389032369e-08,1.0927733594599217e-07,2.52656065129858,0.20561653038899746,1.0101612540744767
0.05,7.726243389032369e-08,9.71173832148472e-06,2.52656065129858,0.1360183610466657,0.504553756839023
0.05,7.726243389032369e-08,1.0137359678271353e-05,2.52656065129858,0.1354097481960434,0.18907446289377816
0.05,6.289803091594089e-08,3.6392102019871062e-06,2.52656065129858,0.17255187315029447,0.18907446289377816
0.05,6.289803091594089e-08,2.630950018278173e-06,2.52656065129858,0.17255187315029447,0.18907446289377816
0.05,6.752808334447757e-08,4.799792508588128e-06,2.4633351603105282,0.2197033142883379,0.31605340271761806
0.05,4.913728908625205e-08,4.799792508588128e-06,2.025109527771569,0.13542781942944868,0.31605340271761806
0.05,4.913728908625205e-08,4.799792508588128e-06,2.025109527771569,0.13542781942944868,5.307782825115657
0.05,4.913728908625205e-08,4.22558783101058e-06,2.025109527771569,0.1766494265835047,1.3672770888731804
0.05,5.6406384292407664e-08,4.22558783101058e-06,2.025109527771569,0.1766494265835047,1.3672770888731804
0.05,5.6406384292407664e-08,4.22558783101058e-06,2.025109527771569,0.1766494265835047,1.3543584078819204
0.05,5.6406384292407664e-08,4.22558783101058e-06,1.8349691527388603,0.1766494265835047,1.3543584078819204
0.05,4.791905725765712e-08,1.7362490461897316e-06,1.8349691527388603,0.1766494265835047,1.3543584078819204
0.05,4.791905725765712e-08,1.7362490461897316e-06,1.8349691527388603,0.1766494265835047,5.400451409172104
0.05,4.791905725765712e-08,5.227784804923396e-06,1.510211722274283,0.14144096434243494,5.400451409172104
0.05,4.791905725765712e-08,5.227784804923396e-06,1.9014077154453428,0.408309006496067,5.6442424294647555
0.05,4.791905725765712e-08,5.227784804923396e-06,1.9014077154453428,0.36677710192040425,5.6442424294647555
0.05,4.791905725765712e-08,5.227784804923396e-06,2.074755014411655,0.39390488774233723,4.859348739985004
0.05,4.791905725765712e-08,1.262869688970615e-06,2.074755014411655,0.39390488774233723,5.652996191776979
0.05,4.791905725765712e-08,2.0563514574239924e-06,2.074755014411655,0.39390488774233723,5.652996191776979
0.05,4.791905725765712e-08,2.0563514574239924e-06,2.286991754348805,0.39390488774233723,1.0475162772626088
0.05,4.791905725765712e-08,2.1608060420563538e-06,2.286991754348805,0.39390488774233723,1.0475162772626088
0.05,4.791905725765712e-08,3.50516462370214e-07,2.286991754348805,0.39390488774233723,1.0475162772626088
0.05,4.791905725765712e-08,3.50516462370214e-07,2.210322641905032,0.39390488774233723,1.0475162772626088
0.05,4.791905725765712e-08,3.50516462370214e-07,2.210322641905032,0.39390488774233723,3.916248168102957
0.05,5.047647413418895e-08,3.171073239638554e-07,2.210322641905032,0.39390488774233723,3.916248168102957
0.05,5.047647413418895e-08,3.171073239638554e-07,2.210322641905032,0.39390488774233723,3.916248168102957
0.05,5.047647413418895e-08,6.394481321787303e-07,1.7410334100707445,0.4658080847417465,6.816373947259628
0.05,4.8317527086531186e-08,6.394481321787303e-07,1.7410334100707445,0.4658080847417465,6.816373947259628
0.05,6.866701875676708e-08,2.4974163798970323e-07,1.7410334100707445,0.5500369581896362,5.512493375206785
0.05,5.886574168610112e-08,2.4974163798970323e-07,1.7410334100707445,0.5662510850680031,9.122053929438781
0.05,4.5906137324190176e-08,2.4974163798970323e-07,1.7410334100707445,0.5662510850680031,9.561844175023658
0.05,4.5906137324190176e-08,2.4974163798970323e-07,1.7410334100707445,0.6400755541061,9.561844175023658
0.05,4.5906137324190176e-08,2.4974163798970323e-07,1.7410334100707445,0.6400755541061,9.098849407171965
0.05,4.5906137324190176e-08,2.141941319133835e-07,1.7410334100707445,0.6165464710276498,9.098849407171965
0.05,4.8322531675058427e-08,2.141941319133835e-07,1.7410334100707445,0.49390385190636954,9.098849407171965
0.05,5.797004674533033e-08,2.141941319133835e-07,1.7410334100707445,0.4272406183854915,9.098849407171965
0.05,6.341622971981257e-08,2.6170942957256084e-07,1.2961522002629164,0.13019584346603466,1.4385150128153055
0.05,6.341622971981257e-08,1.278616914503532e-06,2.1886023602851385,0.13019584346603466,1.4385150128153055
0.05,6.341622971981257e-08,4.3082164067297213e-07,2.1886023602851385,0.13019584346603466,1.4385150128153055
0.05,6.341622971981257e-08,4.3082164067297213e-07,2.1886023602851385,0.13019584346603466,0.2921627908807758
0.05,6.341622971981257e-08,4.3082164067297213e-07,3.130030099043003,0.14384004068197007,0.2921627908807758
0.05,6.341622971981257e-08,2.6957637029779914e-06,2.9457124644751365,0.16213362846034798,0.038850789369577005
0.05,6.341622971981257e-08,1.0575061068611426e-06,2.9457124644751365,0.16213362846034798,0.038850789369577005
0.05,6.341622971981257e-08,1.0575061068611426e-06,3.527184389264405,0.16213362846034798,0.038850789369577005
0.05,6.341622971981257e-08,2.8567595133161228e-06,3.527184389264405,0.18395938465791606,1.1419993205808094
0.05,6.341622971981257e-08,4.219595801823277e-06,1.1639136223195248,0.18395938465791606,1.3619164130022254
0.05,6.341622971981257e-08,4.794318779460177e-06,1.1639136223195248,0.09072557911568754,1.8766062167099016
0.05,5.304315503840931e-08,4.794318779460177e-06,1.8399366674869344,0.18763471169923898,1.8766062167099016
0.05,5.304315503840931e-08,4.794318779460177e-06,1.8399366674869344,0.18763471169923898,1.8766062167099016
0.05,8.004511157843374e-08,2.0289857169395483e-06,1.8399366674869344,0.18763471169923898,1.8766062167099016
0.05,4.8857849643022244e-08,1.1558317655381905e-06,1.8399366674869344,0.18763471169923898,1.8766062167099016
0.05,4.8857849643022244e-08,1.1558317655381905e-06,1.8399366674869344,0.18763471169923898,0.7252855974149042
0.05,4.8857849643022244e-08,1.1558317655381905e-06,1.8399366674869344,0.18763471169923898,0.7252855974149042
0.05,4.8857849643022244e-08,9.814672354992513e-07,1.8399366674869344,0.30489934885488157,0.7252855974149042
0.05,4.9505863568957814e-08,9.814672354992513e-07,1.5017046421312352,0.33316791736500123,6.531050681087425
0.05,4.9505863568957814e-08,3.8044539546916598e-06,1.5017046421312352,0.33316791736500123,6.531050681087425
0.05,4.9505863568957814e-08,3.8044539546916598e-06,1.5017046421312352,0.33316791736500123,6.531050681087425
0.05,4.9505863568957814e-08,3.8044539546916598e-06,1.5017046421312352,0.33316791736500123,6.531050681087425
0.05,4.9505863568957814e-08,3.8044539546916598e-06,1.5017046421312352,0.33316791736500123,6.531050681087425
0.05,7.114519203791796e-08,3.8044539546916598e-06,1.5017046421312352,0.33316791736500123,6.531050681087425
0.05,7.114519203791796e-08,3.814626149040815e-07,1.5017046421312352,0.4725163680830528,6.531050681087425
0.05,7.114519203791796e-08,1.0608500520175348e-06,1.8811120985945542,0.4725163680830528,6.531050681087425
0.05,7.114519203791796e-08,1.0608500520175348e-06,1.9366750174312228,0.4725163680830528,6.531050681087425
0.05,7.114519203791796e-08,2.088214908256874e-06,1.9366750174312228,0.4725163680830528,6.531050681087425
0.05,7.114519203791796e-08,4.229772301929277e-07,1.9366750174312228,0.4725163680830528,6.531050681087425
0.05,7.114519203791796e-08,4.229772301929277e-07,1.9366750174312228,0.4725163680830528,6.531050681087425
0.05,7.114519203791796e-08,4.229772301929277e-07,1.8251905352486155,0.3241412484168004,6.531050681087425
0.05,7.114519203791796e-08,3.8834244450220247e-07,1.8251905352486155,0.47414935348603704,9.273422631164813
0.05,7.114519203791796e-08,3.8834244450220247e-07,1.8251905352486155,0.47414935348603704,9.273422631164813
0.05,7.114519203791796e-08,1.2539691049015454e-06,1.8251905352486155,0.47414935348603704,9.273422631164813
0.05,7.114519203791796e-08,1.2539691049015454e-06,1.8251905352486155,0.47414935348603704,9.273422631164813
0.05,5.797216884916626e-08,1.2539691049015454e-06,1.0076455752063802,0.47414935348603704,9.273422631164813
0.05,8.877705814905832e-08,1.2539691049015454e-06,0.615782521827749,0.47414935348603704,9.093236299779301
0.05,8.877705814905832e-08,1.2539691049015454e-06,0.615782521827749,0.6428052374209379,9.51346729117742
0.05,8.877705814905832e-08,2.64296100311932e-07,0.615782521827749,0.6465828931812094,9.730648369130364
0.05,8.877705814905832e-08,2.8052005990183516e-07,0.615782521827749,0.5751587956799085,9.730648369130364
0.05,3.608903069542439e-08,2.3542752469637052e-06,2.353362112827144,0.5751587956799085,9.730648369130364
0.05,3.608903069542439e-08,2.3542752469637052e-06,2.353362112827144,0.5751587956799085,9.730648369130364
0.05,3.608903069542439e-08,2.3542752469637052e-06,2.6424383664538937,0.5751587956799085,9.730648369130364
0.05,4.49833890710467e-08,8.07122547891551e-07,1.6462514292198742,0.534051550458386,9.556978761202492
0.05,4.49833890710467e-08,8.07122547891551e-07,1.6462514292198742,0.534051550458386,3.810080756549954
0.05,4.49833890710467e-08,8.07122547891551e-07,2.0603991344991295,0.534051550458386,4.558459123540816
0.05,5.205332566345126e-08,8.07122547891551e-07,1.9204569508399123,0.5533228293854912,7.671327153842352
0.05,5.205332566345126e-08,8.07122547891551e-07,1.9204569508399123,0.4833013087619234,5.431957939770042
0.05,5.205332566345126e-08,1.0176201414137581e-06,1.9204569508399123,0.4833013087619234,5.431957939770042
0.05,5.205332566345126e-08,1.0176201414137581e-06,1.9204569508399123,0.4833013087619234,1.641774281473019
0.05,5.205332566345126e-08,1.0176201414137581e-06,1.2105927888090204,0.4833013087619234,9.966872566720578
0.05,7.7750054761554e-08,1.0176201414137581e-06,1.3348446131609135,0.4833013087619234,9.966872566720578
0.05,7.7750054761554e-08,1.0176201414137581e-06,1.3348446131609135,0.4833013087619234,9.853923865757723
0.05,7.7750054761554e-08,1.0176201414137581e-06,1.029481377935806,0.4833013087619234,9.264849348906921
0.05,7.7750054761554e-08,1.0176201414137581e-06,1.029481377935806,0.13340354349283884,5.0198905459709025
0.05,7.7750054761554e-08,1.0176201414137581e-06,1.029481377935806,0.13340354349283884,5.0198905459709025
0.05,6.424304130119346e-08,1.8405660026529789e-06,2.3968432745707307,0.3040536929607978,5.0198905459709025
0.05,6.424304130119346e-08,1.0534712923968449e-06,2.3968432745707307,0.3040536929607978,5.0198905459709025
0.05,6.424304130119346e-08,1.0534712923968449e-06,2.3968432745707307,0.3040536929607978,3.7105176978541845
0.05,9.766193389791614e-08,6.413304118130472e-07,2.3968432745707307,0.2635983082604777,3.7105176978541845
0.05,9.766193389791614e-08,6.441958098424757e-06,2.2925706631087603,0.42035893946302383,4.158795783072521
0.05,9.533400926074695e-08,1.5841182659007298e-06,2.2925706631087603,0.35143505549625476,3.5495964747424025
0.05,9.533400926074695e-08,1.5841182659007298e-06,2.70420639180919,0.35143505549625476,3.5495964747424025
0.05,8.048267764763354e-08,1.5841182659007298e-06,2.70420639180919,0.3443691095611383,3.5495964747424025
0.05,6.660249663162642e-08,1.5841182659007298e-06,2.70420639180919,0.3443691095611383,0.7703021123798368
0.05,6.660249663162642e-08,8.747840020376089e-07,2.70420639180919,0.40436096257310455,1.0551557640067801
0.05,6.660249663162642e-08,8.747840020376089e-07,1.5103478153036183,0.4057425724874953,4.0848660971624735
0.05,9.276375344001968e-08,7.913347465341701e-07,1.5103478153036183,0.4057425724874953,4.0848660971624735
0.05,9.041863798272496e-08,7.416764955612892e-07,1.5103478153036183,0.35401606568025423,4.944294469589797
0.05,9.041863798272496e-08,1.441555040315109e-06,1.5103478153036183,0.35401606568025423,4.944294469589797
0.05,9.041863798272496e-08,1.441555040315109e-06,1.801902355271741,0.2740788526836025,3.5151377805515907
0.05,9.041863798272496e-08,1.441555040315109e-06,1.801902355271741,0.2740788526836025,3.5151377805515907
0.05,9.041863798272496e-08,1.441555040315109e-06,1.801902355271741,0.2740788526836025,3.5151377805515907
0.05,9.041863798272496e-08,1.441555040315109e-06,2.459965091100413,0.2740788526836025,3.5151377805515907
0.05,9.041863798272496e-08,1.441555040315109e-06,2.459965091100413,0.2740788526836025,3.5151377805515907
0.05,9.041863798272496e-08,8.84162175521254e-07,2.459965091100413,0.19997901763847212,0.9483168052222128
0.05,9.041863798272496e-08,8.84162175521254e-07,2.8134573852939218,0.20241239030794217,0.9483168052222128
0.05,9.041863798272496e-08,8.84162175521254e-07,2.8134573852939218,0.3053250640356395,0.9483168052222128
0.05,9.041863798272496e-08,8.84162175521254e-07,2.8134573852939218,0.2560912269020406,0.9483168052222128
0.05,9.041863798272496e-08,8.84162175521254e-07,2.8134573852939218,0.2560912269020406,0.9483168052222128
0.05,7.882394796066803e-08,8.84162175521254e-07,2.353348044886174,0.2560912269020406,2.9429794070830577
0.05,7.592514364118804e-08,8.84162175521254e-07,2.353348044886174,0.2560912269020406,2.9429794070830577
0.05,7.313082680762813e-08,2.5610893748123683e-06,2.353348044886174,0.2560912269020406,2.9429794070830577
0.05,7.313082680762813e-08,2.5610893748123683e-06,2.353348044886174,0.1270010772408669,1.169595494466363
0.05,7.313082680762813e-08,2.5610893748123683e-06,2.353348044886174,0.1270010772408669,1.169595494466363
0.05,7.313082680762813e-08,2.5610893748123683e-06,2.353348044886174,0.1270010772408669,1.169595494466363
0.05,5.0607600380480765e-08,2.5610893748123683e-06,2.353348044886174,0.23620571619919428,1.169595494466363
0.05,5.0607600380480765e-08,2.5610893748123683e-06,1.8065770325930477,0.23620571619919428,4.142650166783351
0.05,7.975575535247885e-08,2.069141977644201e-06,1.8065770325930477,0.23620571619919428,4.142650166783351
0.05,7.975575535247885e-08,2.069141977644201e-06,1.8065770325930477,0.23620571619919428,4.142650166783351
0.05,7.975575535247885e-08,5.143816408844819e-06,1.8065770325930477,0.23620571619919428,4.142650166783351
0.05,6.760573666198928e-08,5.143816408844819e-06,1.8065770325930477,0.23620571619919428,4.142650166783351
0.05,6.760573666198928e-08,5.143816408844819e-06,1.8065770325930477,0.23620571619919428,1.0860703074867524
0.05,6.760573666198928e-08,2.1830524077412256e-06,2.0438576273377227,0.23620571619919428,1.0860703074867524
0.05,7.034213149647377e-08,2.1830524077412256e-06,2.0438576273377227,0.23620571619919428,1.0860703074867524
0.05,7.034213149647377e-08,2.1830524077412256e-06,2.0438576273377227,0.3050941053697977,1.0860703074867524
0.05,7.034213149647377e-08,2.1830524077412256e-06,2.0438576273377227,0.10563825100387676,1.0860703074867524
0.05,7.034213149647377e-08,5.964505715537135e-06,1.6377761363382237,0.10563825100387676,1.0860703074867524
0.05,7.034213149647377e-08,1.1956350141721776e-05,1.6377761363382237,0.03108348521153363,1.0860703074867524
0.05,7.126499252487121e-08,1.1956350141721776e-05,1.6377761363382237,0.051449330619967634,0.6764847356616732
0.05,7.126499252487121e-08,3.68263204077566e-06,1.6377761363382237,0.34882914842414364,0.6764847356616732
0.05,7.126499252487121e-08,8.810804937961907e-06,1.6928586295614152,0.24531554173390616,0.6764847356616732
0.05,7.126499252487121e-08,7.946047613056474e-06,1.6928586295614152,0.24531554173390616,0.6764847356616732
0.05,7.126499252487121e-08,7.946047613056474e-06,1.6928586295614152,0.24531554173390616,0.6764847356616732
0.05,7.126499252487121e-08,7.946047613056474e-06,1.6928586295614152,0.24531554173390616,6.922118600990936
0.05,7.126499252487121e-08,7.946047613056474e-06,2.0051275959012216,0.4118463025893412,6.922118600990936
0.05,7.126499252487121e-08,7.684178416572371e-07,1.7448965077069636,0.35649970348640286,6.922118600990936
0.05,7.126499252487121e-08,7.517458079021561e-08,1.7448965077069636,0.35649970348640286,6.922118600990936
0.05,6.093039131065496e-08,2.9552759645431535e-07,1.7448965077069636,0.35649970348640286,5.6538838902719135
0.05,6.093039131065496e-08,7.921627955867984e-07,1.7448965077069636,0.1569855924489111,5.6538838902719135
0.05,6.093039131065496e-08,1.9702886287221797e-06,1.7448965077069636,0.1569855924489111,1.7296992753194738
0.05,6.093039131065496e-08,4.212532092027892e-06,1.7448965077069636,0.1569855924489111,1.7296992753194738
0.05,4.2772435165291535e-08,4.212532092027892e-06,1.7448965077069636,0.1569855924489111,2.2748365897124305
0.05,4.2772435165291535e-08,4.212532092027892e-06,2.0572045735185336,0.30935068340737243,2.2748365897124305
0.05,6.575068090857043e-08,4.212532092027892e-06,2.0572045735185336,0.24974458084731296,2.2748365897124305
0.05,6.575068090857043e-08,4.212532092027892e-06,2.0572045735185336,0.2771692984907474,1.6505390467620584
0.05,5.6031087261404444e-08,2.819246937016978e-07,2.0572045735185336,0.21431979888920283,1.6505390467620584
0.05,5.6031087261404444e-08,2.544017013743852e-06,1.738983208319855,0.21431979888920283,0.385203360225982
0.05,5.6031087261404444e-08,5.8557348238229335e-06,1.5119581642271829,0.21431979888920283,0.385203360225982
0.05,5.544352883655106e-08,1.754859074871496e-06,2.003684294518571,0.4810851465810144,7.103151271318944
0.05,5.544352883655106e-08,1.754859074871496e-06,1.656167241314642,0.41394010735588216,7.103151271318944
0.05,5.544352883655106e-08,2.9580091601897415e-07,1.656167241314642,0.41394010735588216,7.103151271318944
0.05,6.78536493471744e-08,4.69758131733593e-06,1.656167241314642,0.33718589133908816,7.103151271318944
0.05,5.522171912495713e-08,4.69758131733593e-06,1.656167241314642,0.33718589133908816,7.103151271318944
0.05,5.181398647430207e-08,4.69758131733593e-06,1.656167241314642,0.33718589133908816,7.103151271318944
0.05,5.181398647430207e-08,4.69758131733593e-06,1.656167241314642,0.4038242083306138,7.103151271318944
0.05,4.4780285645969934e-08,4.69758131733593e-06,1.656167241314642,0.4038242083306138,8.934550093031774
0.05,4.4780285645969934e-08,4.69758131733593e-06,2.452106813172769,0.4038242083306138,8.934550093031774
0.05,4.4780285645969934e-08,9.821419983564331e-07,2.452106813172769,0.2095157857445972,2.5774714725917276
0.05,4.4780285645969934e-08,9.821419983564331e-07,2.452106813172769,0.2095157857445972,2.210701786016956
0.05,4.151066006521558e-08,2.3165402215670728e-06,2.452106813172769,0.2095157857445972,2.210701786016956
0.05,8.565978596729171e-08,2.3165402215670728e-06,2.452106813172769,0.2095157857445972,0.21122941333942827
0.05,5.913215203876688e-08,2.3165402215670728e-06,2.452106813172769,0.2095157857445972,0.29416257934338613
0.05,5.913215203876688e-08,2.3165402215670728e-06,2.452106813172769,0.2095157857445972,0.5912192381330648
0.05,5.913215203876688e-08,2.3165402215670728e-06,2.452106813172769,0.2095157857445972,0.4547881058320374
0.05,5.913215203876688e-08,2.3165402215670728e-06,2.452106813172769,0.2095157857445972,1.3901808662639503
0.05,5.913215203876688e-08,2.3165402215670728e-06,1.8445855064120047,0.30527492524914973,1.3901808662639503
0.05,5.913215203876688e-08,2.3165402215670728e-06,2.0487187938938263,0.30527492524914973,1.1201067315096678
0.05,5.189651497581408e-08,7.368439274302682e-06,2.0487187938938263,0.44240484352721204,5.966470964228316
0.05,5.189651497581408e-08,2.889496372742773e-06,2.0487187938938263,0.5370660486809882,2.9757640457040075
0.05,5.189651497581408e-08,2.889496372742773e-06,2.0487187938938263,0.5701195792817554,6.7548965216889725
0.05,5.189651497581408e-08,2.889496372742773e-06,0.7041405810812041,0.5329755394164152,6.7548965216889725
0.05,5.189651497581408e-08,2.889496372742773e-06,1.1135988236478616,0.5329755394164152,9.562488141312592
0.05,5.189651497581408e-08,2.3389527982648728e-06,1.1135988236478616,0.2616010649533332,6.492881791786321
0.05,5.189651497581408e-08,2.3389527982648728e-06,1.1135988236478616,0.2616010649533332,6.492881791786321
0.05,5.189651497581408e-08,2.3389527982648728e-06,1.1135988236478616,0.1373330101122032,2.606070358582455
0.05,5.189651497581408e-08,2.3389527982648728e-06,1.1135988236478616,0.26385597755387064,2.606070358582455
0.05,5.189651497581408e-08,2.3389527982648728e-06,1.3351932070490882,0.26385597755387064,2.606070358582455
0.05,5.189651497581408e-08,6.845052194525902e-06,1.3351932070490882,0.3621884540646678,4.627432893653392
0.05,5.189651497581408e-08,6.845052194525902e-06,1.3351932070490882,0.3621884540646678,4.627432893653392
0.05,5.391830533636664e-08,4.2644109075822994e-07,1.3351932070490882,0.3621884540646678,4.627432893653392
0.05,5.391830533636664e-08,4.2644109075822994e-07,1.7599265632871872,0.3621884540646678,4.627432893653392
0.05,5.391830533636664e-08,4.2644109075822994e-07,1.7599265632871872,0.3621884540646678,4.628372504046419
0.05,5.391830533636664e-08,4.2644109075822994e-07,1.7599265632871872,0.3621884540646678,4.628372504046419
0.05,5.391830533636664e-08,4.2644109075822994e-07,1.7599265632871872,0.3621884540646678,8.06445713034554
0.05,5.391830533636664e-08,4.496780008837504e-06,1.7599265632871872,0.30685435048946014,7.67136474724655
0.05,5.129020206813885e-08,4.864438566738846e-06,2.1873246173465235,0.30685435048946014,1.9280467044275362
0.05,5.129020206813885e-08,4.864438566738846e-06,2.1873246173465235,0.25245335376086614,0.9504387215319394
0.05,6.420277957862255e-08,4.864438566738846e-06,2.1873246173465235,0.11129683602233637,0.7377955402099851
0.05,6.420277957862255e-08,4.864438566738846e-06,1.8038878331290613,0.1438026993929774,0.6241814983703189
0.05,6.420277957862255e-08,4.864438566738846e-06,1.8038878331290613,0.1438026993929774,4.4169820206946495
0.05,6.420277957862255e-08,4.864438566738846e-06,1.8038878331290613,0.0288662185997781,0.29401198147280305
0.05,6.420277957862255e-08,6.3291370805453045e-06,1.8038878331290613,0.0288662185997781,0.29401198147280305
0.05,6.420277957862255e-08,6.3291370805453045e-06,1.2650892886553622,0.0288662185997781,0.1968474339012805
0.05,6.420277957862255e-08,6.3291370805453045e-06,1.5010903483371294,0.0288662185997781,0.1968474339012805
0.05,6.420277957862255e-08,6.3291370805453045e-06,2.2719526078526853,0.030726198030087765,0.1968474339012805
0.05,6.420277957862255e-08,5.047914700389195e-06,2.7911774825865097,0.06694523801037759,0.11557609009664513
0.05,6.420277957862255e-08,5.047914700389195e-06,2.7911774825865097,0.06694523801037759,0.11557609009664513
0.05,6.420277957862255e-08,6.874691888863542e-07,2.234785518087819,0.06694523801037759,0.10302297561494769
0.05,6.423297207917081e-08,1.974644286679193e-07,3.3859892296319654,0.1734232880900813,0.10302297561494769
0.05,6.423297207917081e-08,4.115880768042601e-08,3.795968135023204,0.1734232880900813,2.2486739606079107
0.05,6.423297207917081e-08,2.5285722056539415e-07,3.795968135023204,0.1734232880900813,1.0895143125738915
0.05,6.423297207917081e-08,2.2003264735627913e-06,3.795968135023204,0.31461008236568955,1.0895143125738915
0.05,6.423297207917081e-08,2.2003264735627913e-06,3.795968135023204,0.31461008236568955,1.0895143125738915
0.05,6.423297207917081e-08,2.2003264735627913e-06,3.795968135023204,0.31461008236568955,2.0863868351751695
0.05,7.501595900543008e-08,2.3111489235050784e-06,3.795968135023204,0.31461008236568955,2.0863868351751695
0.05,6.519189509112117e-08,1.3900647034225383e-07,3.795968135023204,0.31461008236568955,2.0863868351751695
0.05,6.519189509112117e-08,2.5361428747929994e-07,3.4786979538027203,0.31461008236568955,2.0863868351751695
0.05,6.519189509112117e-08,2.5361428747929994e-07,2.764315354427077,0.31461008236568955,1.5222695358226659
0.05,5.658649131960896e-08,1.0711514304279838e-07,2.647490686101736,0.20182739743001069,1.5222695358226659
0.05,5.658649131960896e-08,1.0711514304279838e-07,2.647490686101736,0.20182739743001069,1.5222695358226659
0.05,5.658649131960896e-08,1.0711514304279838e-07,2.647490686101736,0.24317760340647054,4.781477612145755
0.05,5.658649131960896e-08,1.0711514304279838e-07,2.647490686101736,0.24317760340647054,1.6123951037514652
0.05,5.658649131960896e-08,1.0711514304279838e-07,2.5010075727850674,0.24317760340647054,1.6123951037514652
0.05,7.847756577280423e-08,1.0711514304279838e-07,0.9753478015724515,0.36290330327106235,6.405191425072716
0.05,6.961783323587748e-08,1.0711514304279838e-07,0.9753478015724515,0.36290330327106235,6.405191425072716
0.05,6.961783323587748e-08,1.0711514304279838e-07,1.1158324410216252,0.35730704634642163,6.405191425072716
0.05,5.539450770384699e-08,8.540644435050334e-07,1.775824075215783,0.3727460953413024,6.405191425072716
0.05,6.352840319841235e-08,8.540644435050334e-07,1.775824075215783,0.3727460953413024,6.405191425072716
0.05,6.352840319841235e-08,8.540644435050334e-07,1.4544279844603416,0.3727460953413024,6.405191425072716
0.05,6.352840319841235e-08,2.002267383956539e-06,1.4544279844603416,0.3727460953413024,7.70324731134261
0.05,6.352840319841235e-08,2.002267383956539e-06,1.4544279844603416,0.338308932451441,7.70324731134261
0.05,6.352840319841235e-08,1.1907540398812653e-06,1.4544279844603416,0.338308932451441,7.70324731134261
0.05,8.53223723925784e-08,1.1907540398812653e-06,1.4544279844603416,0.338308932451441,7.70324731134261
0.05,8.53223723925784e-08,1.1907540398812653e-06,1.4544279844603416,0.6764735929815515,9.380603711629194
0.05,8.53223723925784e-08,2.1922441795739346e-07,1.4544279844603416,0.6025865515294051,9.380603711629194
0.05,8.53223723925784e-08,2.1922441795739346e-07,1.4544279844603416,0.6025865515294051,9.380603711629194
0.05,8.53223723925784e-08,3.465541451791544e-07,1.4544279844603416,0.6025865515294051,7.437548426751848
0.05,8.691577646056963e-08,3.452857194147586e-07,1.4544279844603416,0.6025865515294051,7.437548426751848
0.05,4.586380185978377e-08,3.452857194147586e-07,1.3810336678790445,0.537598304523961,5.99286104166315
0.05,7.865003874022193e-08,3.452857194147586e-07,2.063350676856827,0.537598304523961,5.99286104166315
0.05,5.3261811358784025e-08,3.452857194147586e-07,2.063350676856827,0.537598304523961,5.99286104166315
0.05,5.3261811358784025e-08,3.452857194147586e-07,1.8043463031086433,0.537598304523961,9.553669617707943
0.05,6.788231976585372e-08,3.452857194147586e-07,1.8043463031086433,0.537598304523961,9.553669617707943
0.05,6.788231976585372e-08,3.7737400449765574e-06,1.8043463031086433,0.537598304523961,9.553669617707943
0.05,6.788231976585372e-08,1.2625553009733245e-06,1.8829301962509848,0.537598304523961,9.602731384275756
0.05,4.8988455252400814e-08,1.2625553009733245e-06,1.8829301962509848,0.537598304523961,9.602731384275756
0.05,3.473039266894103e-08,1.2625553009733245e-06,1.8829301962509848,0.30978606234722345,6.83619911332666
0.05,3.473039266894103e-08,1.2625553009733245e-06,2.0813052510359658,0.30978606234722345,6.83619911332666
0.05,3.473039266894103e-08,7.4795905828426795e-06,2.0813052510359658,0.30978606234722345,6.83619911332666
0.05,3.473039266894103e-08,7.4795905828426795e-06,2.0813052510359658,0.41957337433155567,6.83619911332666
0.05,3.300123505364912e-08,7.4795905828426795e-06,0.6915343995528163,0.41957337433155567,6.83619911332666
0.05,5.248630189911319e-08,8.218238067719655e-07,2.0591921203329684,0.8549257127514339,9.808729777049273
0.05,5.248630189911319e-08,5.959633463142679e-07,2.0591921203329684,0.8549257127514339,9.808729777049273
0.05,5.248630189911319e-08,5.959633463142679e-07,2.0591921203329684,0.6555170323728354,9.808729777049273
0.05,5.248630189911319e-08,5.039723554345973e-07,2.0591921203329684,0.5055908829562272,9.84736036335103
0.05,6.114353511907843e-08,5.039723554345973e-07,2.0591921203329684,0.5055908829562272,9.84736036335103
0.05,6.114353511907843e-08,5.039723554345973e-07,1.4868086877093822,0.5055908829562272,7.070964884546696
0.05,6.114353511907843e-08,5.039723554345973e-07,1.9268321871693062,0.32529523753757783,7.070964884546696
0.05,5.352511182650424e-08,5.039723554345973e-07,1.9268321871693062,0.32529523753757783,7.070964884546696
0.05,5.352511182650424e-08,5.039723554345973e-07,1.4177237764888337,0.32529523753757783,7.070964884546696
0.05,5.352511182650424e-08,5.039723554345973e-07,1.5403161942515093,0.32529523753757783,4.331317799745335
0.05,6.496718841070504e-08,5.039723554345973e-07,1.3862251855706231,0.1195924834831309,1.305669922544601
0.05,6.496718841070504e-08,5.039723554345973e-07,1.3862251855706231,0.32005908475833816,1.305669922544601
0.05,6.496718841070504e-08,5.039723554345973e-07,1.3862251855706231,0.3455243098591714,3.536882183596144
0.05,6.518571414150503e-08,5.039723554345973e-07,1.3862251855706231,0.17693859751130156,3.0944250097758967
0.05,6.518571414150503e-08,5.039723554345973e-07,1.3862251855706231,0.2208409394778416,3.0944250097758967
0.05,6.518571414150503e-08,5.039723554345973e-07,1.3562473386198546,0.24432232795711337,7.696469389122367
0.05,5.656879181644737e-08,5.039723554345973e-07,1.3562473386198546,0.505855761703796,7.696469389122367
0.05,7.734348682394276e-08,4.772190398500005e-07,1.3562473386198546,0.505855761703796,6.775849447756787
0.05,7.734348682394276e-08,4.772190398500005e-07,1.3562473386198546,0.38877383948513367,6.775849447756787
0.05,6.668672599991717e-08,4.772190398500005e-07,1.3562473386198546,0.3980392352574178,6.775849447756787
0.05,6.668672599991717e-08,2.7234215662101228e-06,1.3562473386198546,0.3980392352574178,6.775849447756787
0.05,6.668672599991717e-08,2.7234215662101228e-06,1.3562473386198546,0.292823088899068,6.775849447756787
0.05,4.71619077305053e-08,2.7234215662101228e-06,1.3562473386198546,0.292823088899068,2.3986274473095395
0.05,4.71619077305053e-08,2.7234215662101228e-06,1.7401227390736471,0.09643088834962352,2.3986274473095395
0.05,4.71619077305053e-08,3.4981442032445384e-06,1.4779685362402561,0.09643088834962352,1.2631867965753165
0.05,4.71619077305053e-08,4.8250556846393374e-06,1.4779685362402561,0.2721814264565509,1.431744083954102
0.05,7.408533165022753e-08,4.8250556846393374e-06,1.79128835756054,0.10955098305516439,1.1612047864669526
0.05,7.408533165022753e-08,4.8250556846393374e-06,1.79128835756054,0.10955098305516439,1.889720746485328
0.05,7.408533165022753e-08,4.8250556846393374e-06,1.79128835756054,0.014941756043056387,1.889720746485328
0.05,7.408533165022753e-08,4.8250556846393374e-06,1.79128835756054,0.014941756043056387,1.889720746485328
0.05,7.408533165022753e-08,3.1604218956367415e-06,1.79128835756054,0.014941756043056387,0.5415153163475985
0.05,7.408533165022753e-08,3.1604218956367415e-06,1.79128835756054,0.014941756043056387,0.1338046128549318
0.05,7.408533165022753e-08,3.1604218956367415e-06,1.79128835756054,0.014941756043056387,0.1338046128549318
0.05,7.408533165022753e-08,3.1604218956367415e-06,1.79128835756054,0.07180548235745403,0.1338046128549318
0.05,4.1641506818703935e-08,3.1604218956367415e-06,1.79128835756054,0.07180548235745403,1.2883193609531063
0.05,4.1641506818703935e-08,3.3479086278907726e-07,1.79128835756054,0.061877382675266615,1.2883193609531063
0.05,4.1641506818703935e-08,3.3479086278907726e-07,1.79128835756054,0.061877382675266615,1.2883193609531063
0.05,8.712906100770054e-08,3.3479086278907726e-07,1.79128835756054,0.028521731006481265,4.24403014542744
0.05,8.712906100770054e-08,3.3479086278907726e-07,1.79128835756054,0.022542563752958624,4.24403014542744
0.05,1.0344625005049889e-07,3.3479086278907726e-07,1.538297396539653,0.07375139184435923,4.24403014542744
0.05,8.171527669789531e-08,8.832885868996658e-06,1.538297396539653,0.362929138057293,2.2714806971706616
0.05,7.440525853735196e-08,8.832885868996658e-06,1.538297396539653,0.35146554899048876,2.287850864247675
0.05,7.440525853735196e-08,6.158738557663631e-06,1.538297396539653,0.35146554899048876,2.287850864247675
0.05,7.440525853735196e-08,1.1270151560905018e-06,1.8577593915143216,0.35146554899048876,2.287850864247675
0.05,7.37968521610546e-08,1.1270151560905018e-06,1.8577593915143216,0.18044393758963057,2.287850864247675
0.05,5.904362946771772e-08,7.021968406743175e-07,2.353817599040319,0.19806147984497804,2.287850864247675
0.05,5.904362946771772e-08,7.021968406743175e-07,2.353817599040319,0.394164376565981,2.287850864247675
0.05,5.904362946771772e-08,7.38691862932556e-07,1.7152597686259097,0.45301958969316275,5.668521577078762
0.05,5.904362946771772e-08,7.38691862932556e-07,1.471206603484759,0.2851915722432608,7.1029335232617825
0.05,5.904362946771772e-08,1.03525643615048e-05,1.471206603484759,0.2851915722432608,3.9782672948624183
0.05,5.904362946771772e-08,1.03525643615048e-05,1.471206603484759,0.2851915722432608,3.9782672948624183
0.05,3.4818472021805016e-08,1.03525643615048e-05,2.051610317488071,0.4288283820392103,3.9782672948624183
0.05,3.514508203886856e-08,1.03525643615048e-05,2.051610317488071,0.4288283820392103,3.9782672948624183
0.05,3.514508203886856e-08,1.03525643615048e-05,2.051610317488071,0.4288283820392103,4.570530713296993
0.05,5.618153564419949e-08,3.0135408132722433e-06,2.051610317488071,0.4288283820392103,4.570530713296993
0.05,5.618153564419949e-08,3.0743902270064798e-06,2.318912576864083,0.4288283820392103,4.570530713296993
0.05,5.618153564419949e-08,3.265395763413497e-06,2.318912576864083,0.4288283820392103,5.978246575210472
0.05,6.408269320641676e-08,3.265395763413497e-06,2.318912576864083,0.37048486986347984,5.978246575210472
0.05,6.408269320641676e-08,3.265395763413497e-06,2.318912576864083,0.36521477994823,5.978246575210472
0.05,6.408269320641676e-08,3.265395763413497e-06,2.318912576864083,0.36521477994823,3.518492542721417
0.05,7.092807406866417e-08,3.265395763413497e-06,1.9995893029435943,0.36521477994823,3.518492542721417
0.05,7.092807406866417e-08,3.4140308338996953e-06,2.210942534107593,0.36521477994823,3.518492542721417
0.05,7.092807406866417e-08,3.4140308338996953e-06,2.210942534107593,0.2810121817214688,3.518492542721417
0.05,7.092807406866417e-08,3.4140308338996953e-06,2.210942534107593,0.10228282649461126,3.518492542721417
0.05,7.092807406866417e-08,3.4140308338996953e-06,2.210942534107593,0.10228282649461126,3.518492542721417
0.05,7.092807406866417e-08,3.4140308338996953e-06,1.2352450751137698,0.06595510870162676,3.518492542721417
0.05,7.092807406866417e-08,1.5794592093516623e-06,1.2352450751137698,0.055694617294186344,0.4917992049788198
0.05,7.092807406866417e-08,6.899878591797645e-07,1.2941336814068596,0.3593356981782437,1.4258727580272814
0.05,7.092807406866417e-08,4.232286684116838e-06,1.2941336814068596,0.10516747023278669,3.6292839988737073
0.05,7.092807406866417e-08,4.232286684116838e-06,1.3495588827795477,0.2060375199294644,0.9638379084783257
0.05,7.092807406866417e-08,4.232286684116838e-06,1.3495588827795477,0.2060375199294644,0.12340083633645908
0.05,7.092807406866417e-08,4.232286684116838e-06,2.923338422780471,0.22491351912125734,0.32347323191578264
0.05,7.092807406866417e-08,4.232286684116838e-06,2.1970149880350505,0.2853132769025387,0.32347323191578264
0.05,8.489242080367785e-08,1.0033905483619507e-06,2.1970149880350505,0.12926096194433898,0.5490673536836576
0.05,8.489242080367785e-08,1.0033905483619507e-06,1.5893538076719338,0.12926096194433898,0.4082863140256479
0.05,8.489242080367785e-08,1.0747636459003115e-06,3.0715374809853713,0.12926096194433898,0.4082863140256479
0.05,8.489242080367785e-08,1.0747636459003115e-06,1.2931754260078816,0.09283931359639604,1.098963663219231
0.05,8.489242080367785e-08,1.0747636459003115e-06,1.4518106828129185,0.0373459787233339,1.126076042483385
0.05,6.953129224778949e-08,3.9523964145461715e-06,1.4518106828129185,0.2490313226371931,1.126076042483385
0.05,7.210093277081929e-08,3.9523964145461715e-06,1.0723348253368283,0.2490313226371931,0.9369299040316774
0.05,7.210093277081929e-08,1.9960070062369586e-06,2.362858195338535,0.2490313226371931,0.9369299040316774
0.05,7.210093277081929e-08,1.9960070062369586e-06,1.1704918493625367,0.24958770237699499,0.9369299040316774
0.05,7.210093277081929e-08,1.9960070062369586e-06,1.1509564367378695,0.17984947411119212,0.9369299040316774
0.05,4.722877617451483e-08,1.9960070062369586e-06,1.2127366264403825,0.0711892662750429,6.022433479405349
0.05,4.722877617451483e-08,1.9960070062369586e-06,1.0739777994798703,0.1849970502473959,6.022433479405349
0.05,4.722877617451483e-08,1.9960070062369586e-06,1.245771019216612,0.43474572640527975,6.358929244740806
0.05,7.75718925757291e-08,1.9960070062369586e-06,1.245771019216612,0.43474572640527975,6.358929244740806
0.05,7.75718925757291e-08,1.9960070062369586e-06,1.245771019216612,0.43474572640527975,2.018317500693206
0.05,7.75718925757291e-08,1.9960070062369586e-06,2.1231949983413347,0.43474572640527975,7.461829552186056
0.05,4.825847239456782e-08,1.9960070062369586e-06,1.3903015830870569,0.43474572640527975,7.461829552186056
0.05,4.825847239456782e-08,1.9960070062369586e-06,1.3903015830870569,0.2678779621204276,7.461829552186056
0.05,4.6446326811573523e-08,1.9960070062369586e-06,1.3903015830870569,0.2678779621204276,7.461829552186056
0.05,4.6446326811573523e-08,1.9960070062369586e-06,1.3903015830870569,0.2678779621204276,7.461829552186056
0.05,8.647373152172134e-08,2.1913830810848645e-06,1.3903015830870569,0.22231009570944502,0.38575982647813856
0.05,8.647373152172134e-08,1.7065551843696763e-06,1.3903015830870569,0.22231009570944502,0.5783408994424984
0.05,8.647373152172134e-08,1.7065551843696763e-06,1.3903015830870569,0.22231009570944502,0.9187308496308734
0.05,8.467884944438253e-08,1.7065551843696763e-06,1.7085294551679735,0.22231009570944502,0.9187308496308734
0.05,7.569386549238536e-08,1.8508165679520921e-06,1.7085294551679735,0.4454455459676749,2.890805134574431
0.05,7.569386549238536e-08,6.634844074353947e-07,0.9352455258223695,0.08041884125741632,2.917047410394055
0.05,7.569386549238536e-08,7.570754001655536e-07,0.9352455258223695,0.0452737120822761,1.3490768570904828
0.05,7.569386549238536e-08,1.4483565511541668e-06,1.16609320787504,0.18167624938146812,4.75684640785368
0.05,7.569386549238536e-08,1.4483565511541668e-06,1.813345220058361,0.18167624938146812,4.75684640785368
0.05,4.805897462497045e-08,1.4483565511541668e-06,1.1458636847130823,0.4773393819088538,4.75684640785368
0.05,7.915035071621062e-08,1.4483565511541668e-06,1.1458636847130823,0.3007617923329084,8.631235743934955
0.05,7.915035071621062e-08,1.4483565511541668e-06,0.9941192025452716,0.34096428383898514,8.631235743934955
0.05,7.915035071621062e-08,1.4483565511541668e-06,0.9364580236736708,0.34096428383898514,8.631235743934955
0.05,5.510767653025494e-08,1.4483565511541668e-06,1.1962210690486934,0.34096428383898514,9.820835549654078
0.05,5.510767653025494e-08,1.4483565511541668e-06,1.1962210690486934,0.34096428383898514,9.943308715037176
0.05,5.510767653025494e-08,1.4483565511541668e-06,1.1962210690486934,0.29471994850844024,9.943308715037176
0.05,5.510767653025494e-08,9.406151970986159e-07,1.1962210690486934,0.29471994850844024,9.72396685788983
0.05,5.510767653025494e-08,1.3491595615796548e-06,2.1619435821998736,0.4120403872399969,9.735953931754969
0.05,5.510767653025494e-08,1.3491595615796548e-06,1.813889044550856,0.2674457152047985,8.862070170976326
0.05,5.510767653025494e-08,1.3491595615796548e-06,1.813889044550856,0.2674457152047985,7.613882089878655
0.05,4.4566745558729256e-08,1.3491595615796548e-06,1.813889044550856,0.2674457152047985,5.229094710548516
0.05,5.542804312452895e-08,3.087514534991082e-06,1.813889044550856,0.2674457152047985,5.229094710548516
0.05,5.542804312452895e-08,3.087514534991082e-06,1.813889044550856,0.2674457152047985,5.229094710548516
0.05,5.542804312452895e-08,3.087514534991082e-06,1.813889044550856,0.347076889498531,5.229094710548516
0.05,5.542804312452895e-08,1.5172429637407694e-06,1.813889044550856,0.347076889498531,5.229094710548516
0.05,5.542804312452895e-08,1.5172429637407694e-06,2.1147347154138227,0.347076889498531,5.229094710548516
0.05,6.609074392081793e-08,2.126923517593402e-06,2.1147347154138227,0.347076889498531,5.229094710548516
0.05,5.918883409825674e-08,4.6798563802212085e-07,2.1147347154138227,0.2899373377226432,3.853808107627583
0.05,6.320770472872765e-08,2.5299460446689594e-06,2.5738984060086167,0.2899373377226432,3.853808107627583
0.05,6.826755126977746e-08,1.5398523726030941e-06,2.5738984060086167,0.18443991964002315,3.853808107627583
0.05,6.826755126977746e-08,1.1540513455843453e-06,2.5738984060086167,0.18443991964002315,2.2023836751559536
0.05,6.826755126977746e-08,1.1540513455843453e-06,2.5738984060086167,0.18443991964002315,0.6163831119881817
0.05,6.826755126977746e-08,1.3926865462825756e-06,1.7920084460146144,0.18443991964002315,0.6163831119881817
0.05,6.826755126977746e-08,1.3926865462825756e-06,3.438530705892054,0.18443991964002315,0.6163831119881817
0.05,6.826755126977746e-08,1.3926865462825756e-06,3.438530705892054,0.32779935115683206,0.534339651760916
0.05,6.826755126977746e-08,1.3926865462825756e-06,2.131403979819258,0.33188056576081065,1.3078779692411249
0.05,6.484958309013079e-08,3.069411829770287e-06,2.131403979819258,0.19973656789156682,1.3078779692411249
0.05,6.484958309013079e-08,3.0890742408898156e-07,2.131403979819258,0.19973656789156682,1.3078779692411249
0.05,6.484958309013079e-08,7.54964012016581e-07,1.6383391357186547,0.2723643042420576,1.3078779692411249
0.05,6.484958309013079e-08,7.54964012016581e-07,1.6383391357186547,0.2723643042420576,1.3078779692411249
0.05,6.658978677208899e-08,7.54964012016581e-07,1.6383391357186547,0.2723643042420576,2.541389798655609
0.05,5.861634763637554e-08,7.54964012016581e-07,1.6383391357186547,0.2723643042420576,2.541389798655609
0.05,5.861634763637554e-08,7.54964012016581e-07,1.6383391357186547,0.2723643042420576,2.541389798655609
0.05,5.861634763637554e-08,7.54964012016581e-07,1.6383391357186547,0.2723643042420576,4.151566371451924
0.05,5.861634763637554e-08,2.8315460377130132e-06,1.6383391357186547,0.2723643042420576,3.61246167293326
0.05,5.861634763637554e-08,2.8315460377130132e-06,1.6383391357186547,0.2723643042420576,3.248419526440858
0.05,5.861634763637554e-08,2.8315460377130132e-06,1.6383391357186547,0.2723643042420576,5.966085249207671
0.05,5.861634763637554e-08,2.5121730578795394e-06,1.6383391357186547,0.2723643042420576,2.8716898380383227
0.05,5.861634763637554e-08,2.5121730578795394e-06,1.6383391357186547,0.2917407656074726,2.8716898380383227
0.05,5.861634763637554e-08,2.5121730578795394e-06,1.6383391357186547,0.3289603535192589,2.8716898380383227
0.05,5.861634763637554e-08,2.5121730578795394e-06,1.6383391357186547,0.3289603535192589,9.381860175531417
0.05,5.861634763637554e-08,2.5121730578795394e-06,1.6383391357186547,0.519946706530514,8.131835061202661
0.05,5.2879686851285754e-08,5.379175509565225e-07,1.6383391357186547,0.519946706530514,9.965198734666378
0.05,5.2879686851285754e-08,5.31392438173719e-07,1.6383391357186547,0.519946706530514,9.965198734666378
0.05,5.2879686851285754e-08,5.31392438173719e-07,1.6383391357186547,0.519946706530514,9.965198734666378
0.05,6.676319872497284e-08,8.507778449660578e-07,1.6383391357186547,0.44488970200310385,5.263671792540878
0.05,6.676319872497284e-08,8.507778449660578e-07,1.6383391357186547,0.373940977188806,5.263671792540878
0.05,6.676319872497284e-08,8.507778449660578e-07,1.6383391357186547,0.13783948074458874,5.263671792540878
0.05,6.676319872497284e-08,8.507778449660578e-07,1.429321707351482,0.23866406747155164,5.263671792540878
0.05,7.044209449992325e-08,8.507778449660578e-07,1.429321707351482,0.3686026659730816,5.263671792540878
0.05,7.044209449992325e-08,8.507778449660578e-07,1.429321707351482,0.3686026659730816,5.263671792540878
0.05,7.044209449992325e-08,8.507778449660578e-07,1.429321707351482,0.3686026659730816,9.374991642045485
0.05,4.796340324068431e-08,8.507778449660578e-07,2.128501992948416,0.3686026659730816,9.13377938563045
0.05,4.4402331462342405e-08,8.507778449660578e-07,2.128501992948416,0.3686026659730816,9.13377938563045
0.05,4.805297013480988e-08,8.507778449660578e-07,1.8891690736260083,0.3124212793172241,5.456264435532753
0.05,4.805297013480988e-08,8.507778449660578e-07,1.8891690736260083,0.3907378408778397,5.456264435532753
0.05,4.805297013480988e-08,2.76727476049823e-06,0.961960884640269,0.3907378408778397,8.057946017004388
0.05,4.805297013480988e-08,4.717389356630559e-07,0.961960884640269,0.3907378408778397,8.057946017004388
0.05,4.805297013480988e-08,4.717389356630559e-07,0.961960884640269,0.3026129519166962,9.815240617088232
0.05,9.019967589080611e-08,1.464400144754554e-07,0.961960884640269,0.3377243378265561,9.632172287799186
0.05,9.019967589080611e-08,1.5971957471402532e-07,0.961960884640269,0.3377243378265561,9.910406863462665
0.05,9.019967589080611e-08,1.5971957471402532e-07,0.961960884640269,0.5135297706805532,0.836451109626829
0.05,9.019967589080611e-08,1.3869388859306424e-06,1.1614568890787957,0.5135297706805532,0.836451109626829
0.05,8.041461602588642e-08,3.786164860384489e-07,1.1614568890787957,0.5343275412667117,0.18483386802149113
0.05,8.041461602588642e-08,4.36702345097677e-06,1.1614568890787957,0.5343275412667117,1.1221262795204319
0.05,8.041461602588642e-08,2.2787138012000716e-06,1.1614568890787957,0.5343275412667117,1.1221262795204319
0.05,8.041461602588642e-08,2.2787138012000716e-06,1.1614568890787957,0.5092004613797048,1.1221262795204319
0.05,8.041461602588642e-08,2.2787138012000716e-06,1.1614568890787957,0.30586929243518807,1.1221262795204319
0.05,8.041461602588642e-08,6.150351996442472e-07,1.1614568890787957,0.30586929243518807,9.71898957650915
0.05,8.041461602588642e-08,6.150351996442472e-07,1.5465451231391472,0.5071288183698822,1.9509697234186634
0.05,8.041461602588642e-08,4.784879647214777e-07,1.5465451231391472,0.2817233659385967,8.611115541240961
0.05,8.041461602588642e-08,4.784879647214777e-07,1.5465451231391472,0.2817233659385967,8.611115541240961
0.05,8.041461602588642e-08,4.784879647214777e-07,1.5465451231391472,0.5709789276935061,8.611115541240961
0.05,5.5170632788653286e-08,4.784879647214777e-07,1.5465451231391472,0.5709789276935061,8.052511115189791
0.05,5.5170632788653286e-08,4.784879647214777e-07,1.5465451231391472,0.6156406768004088,8.535265023484923
0.05,6.74878602859809e-08,4.784879647214777e-07,1.6403102725448577,0.6156406768004088,8.535265023484923
0.05,6.74878602859809e-08,9.132572994913742e-07,1.6403102725448577,0.6156406768004088,9.213984281553799
0.05,6.74878602859809e-08,9.132572994913742e-07,2.794826295750654,0.6156406768004088,8.621342677551787
0.05,6.74878602859809e-08,5.0660273306829323e-08,2.794826295750654,0.6584624200285558,8.621342677551787
0.05,6.74878602859809e-08,5.0660273306829323e-08,0.6759387813624457,0.6219852698578918,8.621342677551787
0.05,6.022820037117933e-08,5.6198167832695004e-08,1.8949196056291298,0.5608171670884677,8.621342677551787
0.05,6.022820037117933e-08,2.913791747009971e-08,1.8949196056291298,0.4248664812361865,8.621342677551787
0.05,4.585453342843088e-08,2.913791747009971e-08,1.8949196056291298,0.4248664812361865,1.4005904142307337
0.05,4.829249038918713e-08,5.7656096067386e-08,1.8949196056291298,0.3774590105736521,9.549822391338083
0.05,4.829249038918713e-08,2.4694717746376097e-06,1.3395718647261372,0.6954633641258368,9.549822391338083
0.05,4.829249038918713e-08,2.4694717746376097e-06,0.8308710857946021,0.6954633641258368,9.549822391338083
0.05,4.829249038918713e-08,2.4694717746376097e-06,0.6685130908371679,0.6954633641258368,9.003440327985036
0.05,4.829249038918713e-08,2.4694717746376097e-06,0.8093555004366348,0.35361962232375393,9.983070104305865
0.05,4.829249038918713e-08,2.4694717746376097e-06,0.8093555004366348,0.35361962232375393,9.43090854975135
0.05,4.829249038918713e-08,2.4694717746376097e-06,1.2294642070742428,0.35361962232375393,9.823862312953802
0.05,4.829249038918713e-08,2.4694717746376097e-06,1.6692518498949327,0.35361962232375393,9.823862312953802
0.05,4.829249038918713e-08,2.4694717746376097e-06,1.6692518498949327,0.35361962232375393,9.382751235845163
0.05,4.829249038918713e-08,2.4694717746376097e-06,1.6692518498949327,0.6375395660113193,8.966859633215345
0.05,4.829249038918713e-08,5.775232971870316e-07,1.967592830142924,0.2648159153584042,5.295093824754355
0.05,4.829249038918713e-08,5.775232971870316e-07,1.967592830142924,0.2648159153584042,5.303945396451512
0.05,4.829249038918713e-08,5.775232971870316e-07,1.967592830142924,0.28893829158539197,5.303945396451512
0.05,4.829249038918713e-08,5.775232971870316e-07,1.967592830142924,0.28893829158539197,4.351657213574979
0.05,6.658600755394217e-08,5.775232971870316e-07,1.967592830142924,0.28893829158539197,4.351657213574979
0.05,6.658600755394217e-08,5.775232971870316e-07,1.967592830142924,0.28893829158539197,4.351657213574979
0.05,5.1760524242739595e-08,5.665250526827105e-07,2.389462327964785,0.28893829158539197,4.351657213574979
0.05,5.1760524242739595e-08,5.665250526827105e-07,2.1015088725071607,0.28893829158539197,4.351657213574979
0.05,6.817992131642894e-08,5.665250526827105e-07,2.1015088725071607,0.28893829158539197,5.989163712408379
0.05,6.817992131642894e-08,5.665250526827105e-07,1.4304901311128515,0.28893829158539197,5.989163712408379
0.05,6.817992131642894e-08,5.665250526827105e-07,1.4304901311128515,0.28893829158539197,5.989163712408379
0.05,6.817992131642894e-08,5.960148091740424e-07,1.4304901311128515,0.28893829158539197,5.989163712408379
0.05,6.817992131642894e-08,5.960148091740424e-07,1.4304901311128515,0.28893829158539197,5.989163712408379
0.05,6.817992131642894e-08,5.960148091740424e-07,1.4304901311128515,0.28893829158539197,5.989163712408379
0.05,6.817992131642894e-08,5.960148091740424e-07,1.4304901311128515,0.28893829158539197,5.989163712408379
0.05,6.817992131642894e-08,5.960148091740424e-07,1.4304901311128515,0.28893829158539197,7.511705336369179
0.05,8.267261924623134e-08,1.0123023180626842e-06,1.4304901311128515,0.17085944321764995,7.511705336369179
0.05,8.267261924623134e-08,1.0123023180626842e-06,1.4304901311128515,0.17085944321764995,7.511705336369179
0.05,9.065565144356417e-08,2.098624489518507e-06,1.1529848777936815,0.17085944321764995,6.251407210599247
0.05,9.065565144356417e-08,2.098624489518507e-06,1.1529848777936815,0.20288559625116184,0.822852426697359
0.05,9.065565144356417e-08,2.098624489518507e-06,1.1529848777936815,0.27967263446702967,0.822852426697359
0.05,9.065565144356417e-08,2.098624489518507e-06,1.1529848777936815,0.37695698684673234,8.453389527988387
0.05,9.065565144356417e-08,2.098624489518507e-06,1.1529848777936815,0.3265399506590807,7.437785131656254
0.05,7.476672381033129e-08,2.098624489518507e-06,1.1529848777936815,0.3265399506590807,7.437785131656254
0.05,7.571427618342004e-08,2.2830867999437267e-06,0.8503778607828077,0.2884319520339547,8.742082405565831
0.05,7.571427618342004e-08,2.2830867999437267e-06,0.8700181006514395,0.2884319520339547,8.805625994600419
0.05,7.571427618342004e-08,2.2830867999437267e-06,1.321830352774091,0.2440375255896766,8.153062645864651
0.05,7.571427618342004e-08,2.2830867999437267e-06,1.321830352774091,0.2440375255896766,3.4124521908447045
0.05,7.571427618342004e-08,2.2830867999437267e-06,1.2879995139447193,0.2440375255896766,3.4124521908447045
0.05,8.584599758298737e-08,1.144336100903881e-06,1.2879995139447193,0.2440375255896766,3.0192781322493922
0.05,8.584599758298737e-08,1.0743515954933995e-06,1.5711557435867816,0.2992536369221065,3.0192781322493922
0.05,7.183165242898036e-08,4.652877995760202e-06,1.0714135250637016,0.2992536369221065,3.0192781322493922
0.05,7.22607812985248e-08,4.652877995760202e-06,0.8983850549689973,0.2992536369221065,3.0192781322493922
0.05,7.208317444578762e-08,3.0321946816903886e-06,0.7926751999269877,0.22853754382269786,3.0192781322493922
0.05,6.521294234130191e-08,3.0321946816903886e-06,1.348825521750114,0.22853754382269786,3.0192781322493922
0.05,6.745300157492752e-08,1.2024708115849968e-06,3.1855796077463667,0.2921047683535914,2.8649356323493285
0.05,5.1874971203589736e-08,7.982034295260538e-07,1.1699872169203025,0.2921047683535914,2.7750327391223015
0.05,5.1874971203589736e-08,1.6175860983484773e-06,1.4283557983923632,0.08093116012418664,0.4926643756898577
0.05,5.1874971203589736e-08,2.599330185849574e-06,1.4283557983923632,0.06494048748190534,0.4926643756898577
0.05,5.1874971203589736e-08,2.599330185849574e-06,0.9934819153251067,0.16124463247420456,0.4926643756898577
0.05,4.174033084059459e-08,5.516273964930718e-06,0.9934819153251067,0.15114646028002046,0.4926643756898577
0.05,4.174033084059459e-08,5.516273964930718e-06,0.9934819153251067,0.11906138655391649,0.4926643756898577
0.05,4.174033084059459e-08,5.516273964930718e-06,0.9934819153251067,0.11906138655391649,5.117237937243132
0.05,4.174033084059459e-08,8.792843215024814e-07,1.6241265286228783,0.3800341997869893,4.03830855584663
0.05,5.434356826378115e-08,1.6883605161450586e-06,2.1357992607300433,0.3800341997869893,4.03830855584663
0.05,5.434356826378115e-08,1.9260064524403296e-06,2.8596744287582325,0.3800341997869893,4.03830855584663
0.05,5.434356826378115e-08,1.9073634968655977e-06,2.8596744287582325,0.3800341997869893,4.023855116613842
0.05,4.4393181129737344e-08,4.572938410162645e-06,2.8596744287582325,0.3800341997869893,4.023855116613842
0.05,4.4393181129737344e-08,4.572938410162645e-06,1.9610177212552546,0.3800341997869893,3.6966257226842227
0.05,5.96137300479507e-08,3.7791152039760498e-06,1.9610177212552546,0.1899063258810573,3.6966257226842227
0.05,5.96137300479507e-08,3.7791152039760498e-06,1.7132738075959728,0.1541052322632067,3.6966257226842227
0.05,5.931758017005809e-08,2.248772880395374e-06,1.7132738075959728,0.5029976789283105,3.6966257226842227
0.05,5.931758017005809e-08,2.248772880395374e-06,1.7132738075959728,0.5029976789283105,7.890309648341295
0.05,5.4260133159612424e-08,2.248772880395374e-06,1.7132738075959728,0.5029976789283105,7.890309648341295
0.05,5.4260133159612424e-08,2.248772880395374e-06,1.7132738075959728,0.5029976789283105,7.890309648341295
0.05,3.5955640029721114e-08,2.248772880395374e-06,1.7132738075959728,0.5585945149225524,7.62741391167451
0.05,5.582080960152914e-08,2.248772880395374e-06,1.7132738075959728,0.2798090051926609,7.62741391167451
0.05,5.582080960152914e-08,1.945777490457932e-07,1.7132738075959728,0.3126667338573535,7.028628951587166
0.05,7.655362779733781e-08,1.945777490457932e-07,1.7132738075959728,0.3126667338573535,3.023614534453081
0.05,7.655362779733781e-08,3.407288889490541e-07,1.7132738075959728,0.3126667338573535,3.023614534453081
0.05,7.655362779733781e-08,1.4270234168165125e-06,1.7132738075959728,0.25375010785759977,3.023614534453081
0.05,7.655362779733781e-08,1.4270234168165125e-06,1.7132738075959728,0.25375010785759977,3.023614534453081
0.05,7.655362779733781e-08,1.4270234168165125e-06,1.7132738075959728,0.25375010785759977,3.023614534453081
0.05,7.655362779733781e-08,1.4270234168165125e-06,2.088014712461756,0.25375010785759977,3.023614534453081
0.05,7.655362779733781e-08,1.4270234168165125e-06,2.4505563678311186,0.25375010785759977,3.023614534453081
0.05,7.655362779733781e-08,6.523491800003493e-07,2.4505563678311186,0.39838301102345364,3.023614534453081
0.05,7.655362779733781e-08,6.523491800003493e-07,1.2387315090791633,0.39759262447570803,3.023614534453081
0.05,8.40401238961685e-08,6.523491800003493e-07,2.6554776933724056,0.1987961343593751,3.023614534453081
0.05,8.40401238961685e-08,6.523491800003493e-07,1.6591387133502946,0.1987961343593751,3.023614534453081
0.05,8.40401238961685e-08,6.523491800003493e-07,1.6591387133502946,0.1987961343593751,3.023614534453081
0.05,5.794290043072888e-08,6.523491800003493e-07,2.099265534860552,0.1987961343593751,3.608130138829054
0.05,7.072968697025931e-08,6.523491800003493e-07,2.099265534860552,0.1987961343593751,0.37084839816785875
0.05,5.7356278638869336e-08,6.523491800003493e-07,2.099265534860552,0.1987961343593751,0.23055823929792132
0.05,5.7356278638869336e-08,6.523491800003493e-07,2.099265534860552,0.15537783946170144,0.32656448484441736
0.05,5.7356278638869336e-08,2.2315989999895825e-06,2.099265534860552,0.15537783946170144,2.365980879516017
0.05,5.7356278638869336e-08,2.4470511067413755e-06,2.099265534860552,0.15537783946170144,2.365980879516017
0.05,5.280900683309588e-08,2.3333093771197685e-06,2.099265534860552,0.4925761607129649,2.365980879516017
0.05,5.280900683309588e-08,2.3333093771197685e-06,2.099265534860552,0.4925761607129649,6.822170238095228
0.05,5.280900683309588e-08,2.3333093771197685e-06,2.099265534860552,0.32810372360484186,6.822170238095228
0.05,5.280900683309588e-08,5.810574916385866e-07,1.4748622004416752,0.32810372360484186,6.822170238095228
0.05,5.280900683309588e-08,5.810574916385866e-07,2.4410510023076153,0.32810372360484186,6.822170238095228
0.05,5.280900683309588e-08,5.810574916385866e-07,2.094545913400226,0.32810372360484186,4.976363347373693
0.05,7.328017104965472e-08,5.810574916385866e-07,2.3762801473514212,0.32810372360484186,4.976363347373693
0.05,7.328017104965472e-08,2.8202964321347436e-06,2.3762801473514212,0.32810372360484186,4.47724184112636
0.05,7.328017104965472e-08,2.8202964321347436e-06,2.3762801473514212,0.32810372360484186,4.47724184112636
0.05,7.23831852256531e-08,2.8202964321347436e-06,1.641452108942142,0.32810372360484186,4.47724184112636
0.05,4.717114647930592e-08,1.7183535132382716e-06,1.641452108942142,0.32810372360484186,9.23332232324564
0.05,5.178529423604382e-08,3.2884903764149404e-06,1.641452108942142,0.32810372360484186,9.23332232324564
0.05,4.6684332888332106e-08,4.203551141837086e-06,1.641452108942142,0.40135078289538045,5.172442801883225
0.05,3.6348145524046035e-08,4.203551141837086e-06,2.68949922883864,0.40135078289538045,5.047776616500118
0.05,3.9483211906540494e-08,4.203551141837086e-06,1.8143397736742433,0.40135078289538045,5.047776616500118
0.05,4.77471445378384e-08,4.203551141837086e-06,1.8143397736742433,0.40135078289538045,5.047776616500118
0.05,4.77471445378384e-08,6.396922996004001e-06,1.8143397736742433,0.40135078289538045,5.047776616500118
0.05,4.77471445378384e-08,1.2347478866298546e-07,1.8143397736742433,0.40135078289538045,8.283310117684913
0.05,5.2568212665878804e-08,4.759570864925421e-06,1.8143397736742433,0.6049978102762696,8.283310117684913
0.05,5.2568212665878804e-08,1.182668333377739e-06,1.7061499958221686,0.6049978102762696,5.7833603359863375
0.05,5.8783404084687784e-08,1.182668333377739e-06,1.7061499958221686,0.6049978102762696,5.7833603359863375
0.05,4.7612965997224015e-08,2.352751517608656e-06,1.7061499958221686,0.5405597032453499,5.7833603359863375
0.05,4.106826192092515e-08,2.5141250959143067e-06,1.7061499958221686,0.5405597032453499,9.280255570340953
0.05,4.106826192092515e-08,2.5141250959143067e-06,1.7061499958221686,0.5405597032453499,9.280255570340953
0.05,4.106826192092515e-08,4.330061777034916e-07,1.7061499958221686,0.5405597032453499,9.280255570340953
0.05,4.106826192092515e-08,2.512898221033437e-07,1.153663504298976,0.5405597032453499,9.280255570340953
0.05,4.106826192092515e-08,4.7333257910089957e-07,1.153663504298976,0.5405597032453499,9.280255570340953
0.05,4.588936379496456e-08,4.7333257910089957e-07,0.8032597185965734,0.5405597032453499,9.307148746118937
0.05,4.588936379496456e-08,4.7333257910089957e-07,0.8032597185965734,0.5405597032453499,9.307148746118937
0.05,7.861848527153466e-08,4.7333257910089957e-07,0.8032597185965734,0.644485526328023,9.307148746118937
0.05,7.651609888782986e-08,4.7333257910089957e-07,0.8032597185965734,0.644485526328023,6.377031533105221
0.05,7.651609888782986e-08,4.7333257910089957e-07,2.022519380792164,0.3343604060064497,6.377031533105221
0.05,7.651609888782986e-08,4.7333257910089957e-07,2.022519380792164,0.3343604060064497,5.099089474643229
0.05,7.651609888782986e-08,4.7333257910089957e-07,2.022519380792164,0.38662104127153823,5.099089474643229
0.05,7.651609888782986e-08,1.8086437959903186e-06,2.022519380792164,0.3585750474176125,5.099089474643229
0.05,7.651609888782986e-08,1.8086437959903186e-06,1.1613069435208914,0.2429187893744904,3.0660640131989325
0.05,7.651609888782986e-08,7.835354122327268e-07,1.4679652397482588,0.05530081523007138,3.0660640131989325
0.05,7.651609888782986e-08,7.835354122327268e-07,1.4679652397482588,0.05789795935226958,3.0660640131989325
0.05,7.651609888782986e-08,5.310007639165672e-06,1.4679652397482588,0.06252119811654626,3.0660640131989325
0.05,7.651609888782986e-08,2.873549213896997e-07,1.4679652397482588,0.0489120694904348,0.8633968798145173
0.05,7.872538091455031e-08,2.873549213896997e-07,1.4679652397482588,0.0489120694904348,0.8633968798145173
0.05,6.578648653170468e-08,2.873549213896997e-07,1.4679652397482588,0.27945844165012457,3.982226680090364
0.05,6.578648653170468e-08,5.216924233037079e-07,2.3131753475146306,0.27945844165012457,3.982226680090364
0.05,6.4863481902848e-08,5.216924233037079e-07,2.3131753475146306,0.3983266396382212,3.982226680090364
0.05,6.4863481902848e-08,5.216924233037079e-07,1.7327490545752946,0.35199197023219986,3.982226680090364
0.05,6.4863481902848e-08,5.216924233037079e-07,1.7327490545752946,0.36009747990329743,4.787235226865681
0.05,6.4863481902848e-08,4.390816129350874e-06,1.979949624602739,0.36009747990329743,4.787235226865681
0.05,6.054923427741467e-08,7.943351919830176e-07,1.979949624602739,0.39689513272464133,6.011029696403539
0.05,6.883206531832243e-08,7.943351919830176e-07,1.979949624602739,0.4356611739630524,7.292377789485489
0.05,6.883206531832243e-08,7.897928470889446e-07,1.979949624602739,0.4356611739630524,7.292377789485489
0.05,7.908927988386069e-08,7.897928470889446e-07,1.979949624602739,0.4356611739630524,7.292377789485489
0.05,7.908927988386069e-08,4.574789918230194e-07,1.979949624602739,0.4356611739630524,7.590159941033811
0.05,7.908927988386069e-08,4.574789918230194e-07,1.979949624602739,0.4356611739630524,7.590159941033811
0.05,5.145230877329242e-08,9.909528996331174e-07,1.979949624602739,0.4356611739630524,8.401710306950608
0.05,5.145230877329242e-08,6.100277066975645e-07,1.5644085747490586,0.4901495500826511,8.401710306950608
0.05,5.831682904587804e-08,6.100277066975645e-07,1.5644085747490586,0.4901495500826511,8.896995527665888
0.05,5.831682904587804e-08,6.100277066975645e-07,1.5644085747490586,0.4901495500826511,8.896995527665888
0.05,5.831682904587804e-08,4.138826700701369e-07,1.5644085747490586,0.4901495500826511,9.785009297443441
0.05,5.831682904587804e-08,4.138826700701369e-07,1.5644085747490586,0.4901495500826511,9.785009297443441
0.05,5.831682904587804e-08,1.1216768741033359e-06,1.5644085747490586,0.4901495500826511,9.847329011068135
0.05,5.831682904587804e-08,3.685766763923364e-06,1.7620793526742116,0.4901495500826511,9.847329011068135
0.05,5.831682904587804e-08,3.685766763923364e-06,1.7620793526742116,0.6154406808720362,9.847329011068135
0.05,4.674986540744055e-08,3.685766763923364e-06,1.7620793526742116,0.6154406808720362,9.930836521874534
0.05,4.674986540744055e-08,1.135382062378696e-06,1.7620793526742116,0.6154406808720362,9.930836521874534
0.05,4.674986540744055e-08,2.368777949592209e-06,1.373296163674533,0.6154406808720362,9.930836521874534
0.05,4.674986540744055e-08,2.368777949592209e-06,1.7384289125039085,0.6154406808720362,9.90733630648643
0.05,6.14839152807054e-08,2.368777949592209e-06,1.7384289125039085,0.5783886359796327,9.90733630648643
0.05,4.885984456733953e-08,2.368777949592209e-06,0.651158687212746,0.19545739104175508,9.830250156379623
0.05,6.284363183528533e-08,2.368777949592209e-06,0.8257041726695742,0.19545739104175508,9.830250156379623
0.05,6.284363183528533e-08,2.368777949592209e-06,0.7929605931916743,0.08902677289434564,9.830250156379623
0.05,6.284363183528533e-08,2.368777949592209e-06,0.864525904242788,0.08902677289434564,9.981807999212387
0.05,5.7348153067125036e-08,2.368777949592209e-06,0.5884083874703536,0.08902677289434564,9.981807999212387
0.05,5.7348153067125036e-08,2.649083857112847e-07,0.7190411295451237,0.08902677289434564,9.981807999212387
0.05,5.7348153067125036e-08,1.4059211733858064e-07,0.7190411295451237,0.08902677289434564,9.981807999212387
0.05,6.447026305722555e-08,7.40411626347649e-07,0.7190411295451237,0.3788571036635288,7.739384494102125
0.05,6.883330648734704e-08,7.40411626347649e-07,1.5934239716839498,0.45724538813730875,9.409921310643115
0.05,6.883330648734704e-08,7.40411626347649e-07,1.5934239716839498,0.5212025730033025,7.267448655441808
0.05,6.883330648734704e-08,7.40411626347649e-07,1.6635992284168357,0.5212025730033025,7.267448655441808
0.05,5.449032498699883e-08,7.40411626347649e-07,1.6635992284168357,0.5501089054429494,7.267448655441808
0.05,5.449032498699883e-08,7.40411626347649e-07,1.6635992284168357,0.46271617166842627,8.415253475717332
0.05,5.449032498699883e-08,1.206537388189003e-07,0.7902819332184821,0.46271617166842627,7.027367634399388
0.05,5.449032498699883e-08,8.745222619446519e-07,1.2767641211866343,0.46271617166842627,7.027367634399388
0.05,5.449032498699883e-08,8.745222619446519e-07,1.1570694680966866,0.46271617166842627,5.9803198992299675
0.05,5.449032498699883e-08,8.745222619446519e-07,1.1570694680966866,0.45555190286602704,5.9803198992299675
0.05,5.449032498699883e-08,6.433866317404898e-07,1.1570694680966866,0.384314277428159,5.9803198992299675
0.05,5.449032498699883e-08,5.508079391400931e-07,1.1570694680966866,0.384314277428159,8.439226102785653
0.05,5.449032498699883e-08,5.508079391400931e-07,1.1570694680966866,0.384314277428159,9.271587336321994
0.05,6.072709527167723e-08,5.508079391400931e-07,1.1570694680966866,0.384314277428159,9.271587336321994
0.05,6.072709527167723e-08,5.508079391400931e-07,1.1570694680966866,0.6946003914690521,9.94530533941522
0.05,5.1849062120756666e-08,1.388060283342252e-06,1.1570694680966866,0.23444499588230036,9.94530533941522
0.05,5.1849062120756666e-08,1.388060283342252e-06,1.1570694680966866,0.23444499588230036,9.94530533941522
0.05,5.1849062120756666e-08,1.388060283342252e-06,1.1570694680966866,0.23444499588230036,9.017311851412375
0.05,5.1849062120756666e-08,1.388060283342252e-06,1.1570694680966866,0.5846349224766214,8.742722520851267
0.05,6.433417848005719e-08,1.122284355332991e-06,1.7267751761745112,0.5846349224766214,8.742722520851267
0.05,5.5533523556130734e-08,1.6227871731763788e-07,1.7267751761745112,0.5846349224766214,6.2046655274993965
0.05,5.5533523556130734e-08,1.6227871731763788e-07,1.7267751761745112,0.5211328472335861,9.903314557069141
0.05,3.3182697599025736e-08,5.542046691045333e-06,1.7267751761745112,0.5211328472335861,9.940424681406023
0.05,3.3182697599025736e-08,5.542046691045333e-06,1.7267751761745112,0.5211328472335861,9.91011127791332
0.05,3.3182697599025736e-08,5.542046691045333e-06,1.814732696635812,0.5211328472335861,9.91011127791332
0.05,3.3646312949565123e-08,5.542046691045333e-06,1.814732696635812,0.3322775364360768,7.065203366153963
0.05,3.4130494061312454e-08,1.1545770958443406e-06,1.814732696635812,0.3322775364360768,7.0534570045784335
0.05,3.4130494061312454e-08,1.1545770958443406e-06,1.7222750788515682,0.3322775364360768,7.0534570045784335
0.05,3.4130494061312454e-08,6.108906476479933e-07,1.7222750788515682,0.3322775364360768,7.0534570045784335
0.05,3.4130494061312454e-08,6.108906476479933e-07,1.7222750788515682,0.3322775364360768,7.0534570045784335
0.05,3.4130494061312454e-08,3.8158326445781214e-07,1.7222750788515682,0.3496072477319526,7.0534570045784335
0.05,3.4130494061312454e-08,3.8158326445781214e-07,1.7222750788515682,0.3496072477319526,7.0534570045784335
0.05,7.449676053598635e-08,3.0666047792533946e-06,1.7222750788515682,0.47453710286948814,9.023692278973884
0.05,7.449676053598635e-08,3.0666047792533946e-06,1.7222750788515682,0.47704974121216237,2.6082430487277524
0.05,7.449676053598635e-08,3.223567361147245e-06,1.183575734722538,0.2795523064488439,5.810224489107175
0.05,7.449676053598635e-08,2.35152655533996e-06,1.183575734722538,0.2795523064488439,6.478621234611276
0.05,7.317099204317233e-08,2.35152655533996e-06,1.183575734722538,0.2041109785043231,6.478621234611276
0.05,7.317099204317233e-08,2.35152655533996e-06,1.183575734722538,0.2041109785043231,4.1277097708556525
0.05,7.317099204317233e-08,2.35152655533996e-06,1.183575734722538,0.2041109785043231,4.1277097708556525
0.05,4.263398322902639e-08,2.35152655533996e-06,2.0700763094024635,0.6054334541746488,4.1277097708556525
0.05,4.263398322902639e-08,2.35152655533996e-06,1.4273595121268454,0.35646048588174767,4.1277097708556525
0.05,6.249613781565822e-08,5.499270470078138e-07,1.4273595121268454,0.35646048588174767,2.6114117602078473
0.05,6.249613781565822e-08,5.499270470078138e-07,1.4273595121268454,0.2691636641961193,0.6346003227912006
0.05,6.379223208566206e-08,2.2131463747694707e-07,1.4273595121268454,0.06516468828780417,0.6346003227912006
0.05,6.379223208566206e-08,2.2016821939987477e-06,2.0665489443738885,0.34171594864121757,0.6346003227912006
0.05,6.379223208566206e-08,2.2016821939987477e-06,2.0665489443738885,0.15915008046796786,2.691152828097203
0.05,6.379223208566206e-08,1.9712714937519543e-06,2.631514863058182,0.15915008046796786,2.691152828097203
0.05,6.379223208566206e-08,1.9712714937519543e-06,2.7179093337153306,0.3323596805325966,2.691152828097203
0.05,6.379223208566206e-08,8.169796714173921e-07,2.7179093337153306,0.3323596805325966,2.691152828097203
0.05,5.2161101261811963e-08,8.169796714173921e-07,2.7179093337153306,0.3323596805325966,3.4211161925399702
0.05,5.2161101261811963e-08,4.621667690212246e-06,1.3915407561570778,0.3323596805325966,3.4211161925399702
0.05,5.769162931242363e-08,4.621667690212246e-06,1.3915407561570778,0.3014305962984722,2.6217958566437134
0.05,4.790636969824237e-08,4.621667690212246e-06,1.3915407561570778,0.09008872232330561,2.6217958566437134
0.05,4.979279571471574e-08,4.621667690212246e-06,1.3915407561570778,0.10062734539066058,2.6217958566437134
0.05,4.979279571471574e-08,4.621667690212246e-06,1.3915407561570778,0.10062734539066058,2.6217958566437134
0.05,4.979279571471574e-08,4.621667690212246e-06,1.3915407561570778,0.12335691281522093,2.6217958566437134
0.05,4.979279571471574e-08,4.621667690212246e-06,1.1506408095625262,0.18352178020177004,2.6217958566437134
0.05,4.979279571471574e-08,5.462155987305515e-07,1.1506408095625262,0.18352178020177004,2.6217958566437134
0.05,4.979279571471574e-08,5.462155987305515e-07,1.1506408095625262,0.2885179063653409,2.6217958566437134
0.05,6.447117287991462e-08,5.462155987305515e-07,1.1506408095625262,0.6579533928240362,4.810618012905421
0.05,7.387589300150944e-08,5.462155987305515e-07,1.1506408095625262,0.6579533928240362,4.810618012905421
0.05,7.387589300150944e-08,6.195098664625823e-07,1.1506408095625262,0.2572021267324959,4.810618012905421
0.05,7.387589300150944e-08,6.195098664625823e-07,1.1506408095625262,0.2572021267324959,2.4356274416758454
0.05,7.387589300150944e-08,6.195098664625823e-07,1.398943627633401,0.2572021267324959,7.421445163318189
0.05,7.387589300150944e-08,5.375711263403254e-07,1.398943627633401,0.4609106815698312,7.421445163318189
0.05,7.387589300150944e-08,2.740390603603966e-07,1.398943627633401,0.6119921097558811,7.421445163318189
0.05,7.387589300150944e-08,5.600027966171834e-07,1.398943627633401,0.6119921097558811,6.783277196722457
0.05,7.387589300150944e-08,5.600027966171834e-07,1.4174014721866155,0.6119921097558811,6.783277196722457
0.05,7.387589300150944e-08,1.8590255720116407e-06,1.4174014721866155,0.6119921097558811,9.598223891104949
0.05,7.387589300150944e-08,1.8590255720116407e-06,1.4174014721866155,0.20723190881685535,8.127372236138465
0.05,7.387589300150944e-08,1.8590255720116407e-06,1.2570578751321062,0.20723190881685535,8.127372236138465
0.05,7.387589300150944e-08,1.8590255720116407e-06,1.426419277147001,0.6434676734114717,8.127372236138465
0.05,6.943696937492951e-08,4.6304330114190153e-07,1.426419277147001,0.4150608512283055,8.127372236138465
0.05,6.943696937492951e-08,4.6304330114190153e-07,1.6232233373975964,0.4150608512283055,6.971443456782039
0.05,9.751882791348322e-08,4.364969977145418e-07,1.6232233373975964,0.4150608512283055,6.971443456782039
0.05,3.407376423205037e-08,4.364969977145418e-07,1.6232233373975964,0.533199567653833,9.049048114609077
0.05,3.407376423205037e-08,4.364969977145418e-07,1.6232233373975964,0.533199567653833,9.049048114609077
0.05,3.407376423205037e-08,4.364969977145418e-07,1.6232233373975964,0.29756654298851193,9.049048114609077
0.05,3.407376423205037e-08,4.364969977145418e-07,1.6232233373975964,0.28265183414034756,7.416663089733077
0.05,4.9260385097363307e-08,7.787255261407577e-06,1.6232233373975964,0.5825531867754673,7.416663089733077
0.05,4.468555029293567e-08,7.787255261407577e-06,1.206302660526623,0.5825531867754673,8.926226382543783
0.05,4.468555029293567e-08,7.787255261407577e-06,1.1450405913783959,0.08884993714809736,5.414173372021787
0.05,4.468555029293567e-08,7.787255261407577e-06,1.3934522713300954,0.07880256580186869,2.906249135559329
0.05,6.12847894384997e-08,7.787255261407577e-06,1.3934522713300954,0.057778189240120424,2.7233061176506252
0.05,6.12847894384997e-08,1.676545203029526e-06,3.0192895872786902,0.3602592265093141,3.0145861385864974
0.05,6.12847894384997e-08,3.5505878965042485e-06,3.0192895872786902,0.37926297133991305,3.0145861385864974
0.05,6.12847894384997e-08,1.5506524105279897e-06,1.8080516391303112,0.16585078917764406,0.6589939254034187
0.05,6.12847894384997e-08,1.5506524105279897e-06,1.836551160126204,0.19938337609120416,0.6589939254034187
0.05,6.12847894384997e-08,1.5506524105279897e-06,1.836551160126204,0.31419214878249396,0.8388629155896252
0.05,6.12847894384997e-08,3.658365939155487e-07,1.836551160126204,0.19801036842116168,0.8388629155896252
0.05,7.495465423186676e-08,3.658365939155487e-07,1.836551160126204,0.19801036842116168,2.4929431476584076
0.05,7.471432700315146e-08,6.139354455303527e-06,1.836551160126204,0.09213837958863538,2.4929431476584076
0.05,7.471432700315146e-08,6.139354455303527e-06,1.836551160126204,0.09213837958863538,2.4929431476584076
0.05,5.454416721501601e-08,6.139354455303527e-06,1.836551160126204,0.09213837958863538,2.4929431476584076
0.05,5.597721979752185e-08,6.139354455303527e-06,1.836551160126204,0.13218454565849413,2.4929431476584076
0.05,5.693259012263941e-08,8.118595058541569e-07,1.836551160126204,0.40995372910839617,2.4929431476584076
0.05,5.693259012263941e-08,8.118595058541569e-07,1.7242930208174871,0.40995372910839617,1.348185128953212
0.05,6.038053576546755e-08,8.118595058541569e-07,0.7147719560376202,0.37013860557555783,3.993130743219745
0.05,6.038053576546755e-08,1.422315288489936e-06,0.7370868920484499,0.24118903119838148,3.993130743219745
0.05,6.038053576546755e-08,1.422315288489936e-06,0.7370868920484499,0.21809054531940744,7.234897069491362
0.05,6.038053576546755e-08,1.422315288489936e-06,0.7370868920484499,0.21809054531940744,5.837381904505483
0.05,6.038053576546755e-08,1.422315288489936e-06,1.229371321349899,0.24917455141328418,5.837381904505483
0.05,6.038053576546755e-08,1.422315288489936e-06,1.229371321349899,0.24917455141328418,5.07199296104405
0.05,6.038053576546755e-08,5.7538951374549555e-06,1.229371321349899,0.4059743855582879,5.07199296104405
0.05,6.038053576546755e-08,5.7538951374549555e-06,1.1105893248035503,0.0891788017821593,5.07199296104405
0.05,6.038053576546755e-08,3.198815815327629e-07,1.1105893248035503,0.15549736135691272,5.07199296104405
0.05,8.435154684177451e-08,3.198815815327629e-07,0.96931094139618,0.15549736135691272,5.07199296104405
0.05,8.092874279816803e-08,3.795483642812128e-06,1.175963918673673,0.15549736135691272,7.0662072954748485
0.05,8.092874279816803e-08,4.783804349363938e-07,1.0040611712570615,0.15549736135691272,7.0662072954748485
0.05,6.754779245379891e-08,3.666929343692243e-08,1.0040611712570615,0.15549736135691272,8.514962090730235
0.05,6.754779245379891e-08,2.6026670780428013e-08,1.0040611712570615,0.0632280022999301,8.514962090730235
0.05,6.754779245379891e-08,1.1046914683058024e-07,1.0040611712570615,0.0632280022999301,8.514962090730235
0.05,6.754779245379891e-08,1.5903385337826724e-06,1.0040611712570615,0.10563741890599847,1.6856661029384798
0.05,6.754779245379891e-08,1.5903385337826724e-06,1.0074012053965054,0.14874863215825349,6.715123324829789
0.05,6.754779245379891e-08,2.760219540300659e-06,1.4043247575511553,0.14874863215825349,6.715123324829789
0.05,6.754779245379891e-08,2.760219540300659e-06,1.4043247575511553,0.2512401748465155,1.9812952313559082
0.05,6.754779245379891e-08,2.760219540300659e-06,1.2958432061005403,0.1908804987972955,6.481056899065319
0.05,6.754779245379891e-08,5.216379926533167e-06,1.2958432061005403,0.1908804987972955,4.301367666461248
0.05,6.754779245379891e-08,5.216379926533167e-06,1.2958432061005403,0.1908804987972955,4.301367666461248
0.05,6.754779245379891e-08,5.959776848055696e-06,0.8076333790040545,0.1908804987972955,4.301367666461248
0.05,7.627248183981923e-08,1.8142147666333273e-07,0.8076333790040545,0.1908804987972955,4.301367666461248
0.05,7.074997402523195e-08,1.1906611350601354e-06,0.8076333790040545,0.1908804987972955,4.301367666461248
0.05,7.074997402523195e-08,1.1906611350601354e-06,0.8076333790040545,0.20821416609059828,1.5863851557383315
0.05,7.074997402523195e-08,1.1906611350601354e-06,0.9532779338650909,0.44848038200869883,6.236191363231962
0.05,7.074997402523195e-08,1.2049760196202486e-06,0.9532779338650909,0.44848038200869883,6.236191363231962
0.05,7.074997402523195e-08,1.2049760196202486e-06,0.8063659019852671,0.44848038200869883,6.393149224994412
0.05,7.074997402523195e-08,1.2049760196202486e-06,0.8063659019852671,0.31033693185308364,6.393149224994412
0.05,7.074997402523195e-08,2.8471922378915387e-06,0.8063659019852671,0.31033693185308364,6.393149224994412
0.05,4.942498021077814e-08,2.8471922378915387e-06,1.8098539402062062,0.1734030356473106,4.296554345270042
0.05,4.942498021077814e-08,2.8471922378915387e-06,1.8098539402062062,0.3227325626185764,4.296554345270042
0.05,4.942498021077814e-08,5.302468976019541e-07,1.8098539402062062,0.3227325626185764,4.296554345270042
0.05,4.942498021077814e-08,5.302468976019541e-07,1.8098539402062062,0.3338123113025499,4.296554345270042
0.05,4.553247863706716e-08,5.302468976019541e-07,1.8098539402062062,0.3338123113025499,4.296554345270042
0.05,3.611512233604019e-08,5.302468976019541e-07,1.8098539402062062,0.28051534724266497,4.296554345270042
0.05,3.611512233604019e-08,5.783618783679463e-06,1.8098539402062062,0.28051534724266497,4.296554345270042
0.05,4.977799231207458e-08,3.009184423615508e-08,1.8098539402062062,0.28441991574603,4.220869524459413
0.05,4.6246096144422387e-08,1.223413236923585e-06,2.741040718740318,0.28441991574603,2.7653157118864997
0.05,4.6246096144422387e-08,1.223413236923585e-06,2.741040718740318,0.28441991574603,2.7653157118864997
0.05,4.8974796182658534e-08,7.745854534098564e-06,2.741040718740318,0.28441991574603,2.7653157118864997
0.05,4.8974796182658534e-08,4.6104409488863294e-07,2.873694367853688,0.28441991574603,2.7653157118864997
0.05,4.8974796182658534e-08,4.6104409488863294e-07,2.9272929954988935,0.28441991574603,2.7653157118864997
0.05,4.8974796182658534e-08,7.216206987111916e-07,2.9272929954988935,0.3336465129494631,2.7653157118864997
0.05,4.8974796182658534e-08,7.216206987111916e-07,2.9272929954988935,0.3336465129494631,2.7653157118864997
0.05,4.8974796182658534e-08,7.216206987111916e-07,2.9272929954988935,0.3336465129494631,2.940541950157036
0.05,5.752278793955255e-08,7.216206987111916e-07,2.9272929954988935,0.3336465129494631,2.940541950157036
0.05,8.002118937541945e-08,7.216206987111916e-07,2.9272929954988935,0.27329603749456666,2.940541950157036
0.05,8.002118937541945e-08,7.216206987111916e-07,2.2433955476514784,0.27329603749456666,2.5705685010134327
0.05,5.6283231293112316e-08,7.216206987111916e-07,2.2433955476514784,0.27329603749456666,2.5705685010134327
0.05,5.6283231293112316e-08,1.5166948476226089e-06,1.76012258625463,0.4065605551630973,2.989157540421594
0.05,5.6283231293112316e-08,1.5166948476226089e-06,1.76012258625463,0.2780936181535785,2.989157540421594
0.05,5.6283231293112316e-08,1.5166948476226089e-06,2.134935724982025,0.2780936181535785,2.989157540421594
0.05,4.730998429493293e-08,1.1639008085014604e-06,2.134935724982025,0.2780936181535785,3.7561252633866253
0.05,4.730998429493293e-08,2.729085101534965e-06,2.134935724982025,0.2780936181535785,3.7561252633866253
0.05,4.730998429493293e-08,2.729085101534965e-06,2.134935724982025,0.2780936181535785,3.7561252633866253
0.05,3.6461167664960735e-08,2.887992360244082e-06,2.134935724982025,0.2780936181535785,3.7561252633866253
0.05,4.366656290522663e-08,2.887992360244082e-06,2.134935724982025,0.38612872206356763,1.9740003945092435
0.05,4.8582394544394545e-08,3.5969518215283106e-06,2.2787332959706856,0.38612872206356763,1.9740003945092435
0.05,4.8582394544394545e-08,1.7536352472399688e-06,2.2787332959706856,0.38612872206356763,3.848222921855493
0.05,4.8582394544394545e-08,1.7536352472399688e-06,2.2787332959706856,0.4666104293113062,3.848222921855493
0.05,4.8582394544394545e-08,1.7536352472399688e-06,1.3035035186613062,0.4666104293113062,3.848222921855493
0.05,5.677092677185433e-08,3.60137527237007e-06,1.3035035186613062,0.4666104293113062,3.611665370324144
0.05,5.677092677185433e-08,3.60137527237007e-06,1.4310297844861743,0.4666104293113062,3.611665370324144
0.05,5.677092677185433e-08,3.60137527237007e-06,1.4310297844861743,0.4666104293113062,8.410913234856617
0.05,5.9321121391410955e-08,3.60137527237007e-06,1.4310297844861743,0.4666104293113062,8.462579034555596
0.05,5.9321121391410955e-08,3.60137527237007e-06,1.4310297844861743,0.40850530146165326,8.75513720138835
0.05,5.9321121391410955e-08,3.60137527237007e-06,1.4310297844861743,0.40850530146165326,7.733260983672157
0.05,5.698684062090767e-08,3.60137527237007e-06,1.459362301529961,0.40850530146165326,6.664468726200611
0.05,5.698684062090767e-08,4.671286432179882e-06,1.459362301529961,0.22392095912157978,6.664468726200611
0.05,5.698684062090767e-08,4.671286432179882e-06,1.459362301529961,0.3063775727838387,7.748169142740318
0.05,3.4275597150187686e-08,4.671286432179882e-06,1.459362301529961,0.3063775727838387,7.758073251228396
0.05,4.6632149560368326e-08,4.671286432179882e-06,1.0128457499352037,0.3063775727838387,7.758073251228396
0.05,4.6632149560368326e-08,3.32013324446353e-06,1.0128457499352037,0.5855581877125977,9.19459827378528
0.05,7.491153239578338e-08,7.145828167919151e-07,1.3544286414605222,0.5855581877125977,9.00402838040359
0.05,4.615880544463279e-08,4.4123814451617557e-07,1.3544286414605222,0.5855581877125977,9.00402838040359
0.05,4.615880544463279e-08,1.1794478109348413e-06,1.3544286414605222,0.5855581877125977,7.918760894788765
0.05,4.615880544463279e-08,1.1794478109348413e-06,1.2937851324597398,0.5855581877125977,8.390011493261575
0.05,6.83671545608442e-08,1.2113701515160885e-06,1.2937851324597398,0.2743564915573188,8.390011493261575
0.05,7.277124603952354e-08,1.2113701515160885e-06,1.2937851324597398,0.2743564915573188,7.343155083213353
0.05,7.277124603952354e-08,1.2113701515160885e-06,1.2937851324597398,0.517465065022429,7.343155083213353
0.05,7.277124603952354e-08,1.2113701515160885e-06,1.2937851324597398,0.517465065022429,7.343155083213353
0.05,7.277124603952354e-08,3.4506845359728514e-06,1.2937851324597398,0.517465065022429,7.343155083213353
0.05,7.277124603952354e-08,3.4506845359728514e-06,1.2937851324597398,0.33750058465452787,7.343155083213353
0.05,7.277124603952354e-08,3.4506845359728514e-06,1.2937851324597398,0.33750058465452787,7.343155083213353
0.05,9.669248723866372e-08,3.4506845359728514e-06,1.2937851324597398,0.33750058465452787,4.347929172463011
0.05,6.255818571757706e-08,7.620542740013977e-07,1.2937851324597398,0.33750058465452787,6.403430988650506
0.05,6.042560131203625e-08,1.4040989717277614e-06,1.2937851324597398,0.33750058465452787,6.403430988650506
0.05,6.042560131203625e-08,1.4040989717277614e-06,1.9805822525785048,0.4302200735049718,6.06947949324643
0.05,5.90299856714256e-08,1.924676296554102e-07,1.9805822525785048,0.4302200735049718,6.06947949324643
0.05,7.601578585999258e-08,1.924676296554102e-07,1.9901056574393547,0.28035189453016796,6.06947949324643
0.05,7.601578585999258e-08,1.924676296554102e-07,1.9901056574393547,0.28035189453016796,6.06947949324643
0.05,7.601578585999258e-08,3.235346174706428e-07,1.9901056574393547,0.28035189453016796,6.06947949324643
0.05,7.601578585999258e-08,9.802912612472374e-07,2.218426097932406,0.28035189453016796,6.06947949324643
0.05,7.601578585999258e-08,9.802912612472374e-07,1.511499981619061,0.27252625529128904,6.06947949324643
0.05,7.601578585999258e-08,9.802912612472374e-07,1.1724443491264578,0.27252625529128904,6.06947949324643
0.05,8.07606875202857e-08,9.802912612472374e-07,1.1724443491264578,0.27252625529128904,6.06947949324643
0.05,8.07606875202857e-08,9.802912612472374e-07,1.692559018225699,0.27252625529128904,5.626075710678413
0.05,8.07606875202857e-08,9.802912612472374e-07,1.692559018225699,0.27252625529128904,5.626075710678413
0.05,8.004397511484684e-08,9.802912612472374e-07,1.692559018225699,0.3297910755787119,6.347996245148259
0.05,7.648240540519948e-08,9.802912612472374e-07,0.9818429234297521,0.45118872482686956,6.347996245148259
0.05,7.648240540519948e-08,9.802912612472374e-07,0.9818429234297521,0.45118872482686956,6.347996245148259
0.05,7.648240540519948e-08,1.699018909349005e-07,0.9818429234297521,0.45118872482686956,6.347996245148259
0.05,4.655486563348783e-08,4.1776112038324836e-07,0.9818429234297521,0.7924235619199641,6.347996245148259
0.05,4.655486563348783e-08,2.977375124340523e-06,0.9818429234297521,0.17749799414797635,6.347996245148259
0.05,7.284848028967074e-08,2.977375124340523e-06,0.9818429234297521,0.17749799414797635,4.767767941762298
0.05,6.683101775024913e-08,1.6890005609478643e-06,1.1328230710589333,0.17749799414797635,4.481441412505124
0.05,8.987560922172684e-08,1.6890005609478643e-06,1.3119246489834309,0.17749799414797635,4.481441412505124
0.05,4.32709431236517e-08,1.6890005609478643e-06,1.3119246489834309,0.17749799414797635,4.481441412505124
0.05,4.32709431236517e-08,1.6890005609478643e-06,1.3119246489834309,0.17749799414797635,4.481441412505124
0.05,6.305761557615542e-08,1.6890005609478643e-06,1.3429012917875718,0.1798821651067688,4.481441412505124
0.05,6.305761557615542e-08,1.6890005609478643e-06,1.3429012917875718,0.1798821651067688,4.498565766435826
0.05,5.1532441888545654e-08,1.6890005609478643e-06,1.4138112963819762,0.5173070736288563,4.498565766435826
0.05,5.1532441888545654e-08,1.6890005609478643e-06,0.8129058473411309,0.7079778085803429,4.498565766435826
0.05,5.1532441888545654e-08,3.7642196777001574e-06,0.8129058473411309,0.7079778085803429,4.498565766435826
0.05,5.1532441888545654e-08,3.7642196777001574e-06,0.9510869109837192,0.4290297062069112,4.498565766435826
0.05,5.1532441888545654e-08,2.2226073074563166e-06,0.9510869109837192,0.2837509771087033,4.498565766435826
0.05,5.1532441888545654e-08,2.2226073074563166e-06,0.9510869109837192,0.2837509771087033,4.498565766435826
0.05,5.1532441888545654e-08,2.2226073074563166e-06,0.9510869109837192,0.2837509771087033,6.9546245184180835
0.05,5.380174673593043e-08,2.2226073074563166e-06,0.9510869109837192,0.375176054571698,6.9546245184180835
0.05,5.380174673593043e-08,2.2226073074563166e-06,0.9510869109837192,0.375176054571698,5.891364842989935
0.05,5.380174673593043e-08,2.2226073074563166e-06,0.9619406771407669,0.2986356390625626,5.099645409406741
0.05,6.023137161480306e-08,2.2226073074563166e-06,0.9619406771407669,0.44068307004067425,5.099645409406741
0.05,6.023137161480306e-08,1.255803042422529e-06,0.9619406771407669,0.3218905501025299,5.099645409406741
0.05,6.023137161480306e-08,1.34879917395068e-06,0.9619406771407669,0.15571238380170488,3.315727131574915
0.05,6.023137161480306e-08,1.34879917395068e-06,0.7629597191287029,0.18614008839209645,3.315727131574915
0.05,6.023137161480306e-08,3.904633686606046e-06,0.7629597191287029,0.23691491425084568,0.07887607465605502
0.05,8.028661171029655e-08,3.904633686606046e-06,0.7986194347859438,0.23691491425084568,0.07887607465605502
0.05,8.028661171029655e-08,3.904633686606046e-06,0.7986194347859438,0.1299769743698428,0.07887607465605502
0.05,8.028661171029655e-08,3.904633686606046e-06,0.7986194347859438,0.1299769743698428,3.164876250888594
0.05,8.028661171029655e-08,3.904633686606046e-06,1.0226951380673068,0.1299769743698428,8.289064847854817
0.05,8.028661171029655e-08,3.904633686606046e-06,0.7827639761051595,0.29769009545873343,8.289064847854817
0.05,6.556371389505782e-08,3.904633686606046e-06,0.8497585852902884,0.2819038352646648,8.289064847854817
0.05,6.556371389505782e-08,3.904633686606046e-06,0.8497585852902884,0.409845620268942,8.429890424616067
0.05,7.481214887016448e-08,2.446058046960212e-07,0.8497585852902884,0.409845620268942,8.429890424616067
0.05,7.481214887016448e-08,2.446058046960212e-07,1.0336356131346605,0.409845620268942,2.6382156377452404
0.05,7.481214887016448e-08,2.446058046960212e-07,1.5451898232499706,0.3299371823824858,9.039110344760205
0.05,9.194788276048153e-08,2.446058046960212e-07,1.5451898232499706,0.483222396904138,9.039110344760205
0.05,6.239258050568087e-08,2.446058046960212e-07,1.5451898232499706,0.483222396904138,9.039110344760205
0.05,6.239258050568087e-08,3.131568923616509e-07,1.4896756046526054,0.483222396904138,9.616960345799562
0.05,6.239258050568087e-08,1.5242995882533441e-06,1.4896756046526054,0.483222396904138,9.47170736703397
0.05,9.710750115307557e-08,1.5242995882533441e-06,1.4896756046526054,0.483222396904138,9.47170736703397
0.05,8.611078571907686e-08,3.0175169177350626e-07,1.4896756046526054,0.3177706819640487,9.47170736703397
0.05,8.611078571907686e-08,3.0175169177350626e-07,1.4896756046526054,0.3177706819640487,9.47170736703397
0.05,8.611078571907686e-08,7.619176594695512e-07,1.4896756046526054,0.3177706819640487,9.47170736703397
0.05,8.611078571907686e-08,7.619176594695512e-07,1.4896756046526054,0.4486170406138486,9.47170736703397
0.05,8.079607254437444e-08,7.619176594695512e-07,1.4896756046526054,0.4486170406138486,9.47170736703397
0.05,4.954892333827925e-08,1.7216811184075142e-06,1.4896756046526054,0.5735479451991569,9.376509268133459
0.05,4.954892333827925e-08,1.7216811184075142e-06,1.4896756046526054,0.2520446955163226,8.197406544978904
0.05,4.954892333827925e-08,1.7216811184075142e-06,1.222065360038608,0.2520446955163226,8.197406544978904
0.05,4.954892333827925e-08,2.9010661313236023e-06,1.5261673960028952,0.2520446955163226,3.233070742061632
0.05,7.807644125281952e-08,2.9010661313236023e-06,1.5261673960028952,0.32543170109215414,3.233070742061632
0.05,7.807644125281952e-08,2.326009732353323e-06,0.8596570727926063,0.5480739547618801,8.5568587854682
0.05,4.1559002421734425e-08,2.633235999282552e-06,0.8596570727926063,0.22744861552632015,5.430229023254248
0.05,4.505809295756005e-08,2.633235999282552e-06,1.1649262343401618,0.22744861552632015,5.430229023254248
0.05,4.505809295756005e-08,2.633235999282552e-06,1.1649262343401618,0.22744861552632015,5.430229023254248
0.05,4.505809295756005e-08,2.633235999282552e-06,2.283561228060029,0.35001712502916643,5.430229023254248
0.05,4.505809295756005e-08,1.0082893884651676e-06,2.283561228060029,0.35001712502916643,5.430229023254248
0.05,4.505809295756005e-08,1.0082893884651676e-06,2.283561228060029,0.30081074716769085,5.430229023254248
0.05,4.505809295756005e-08,6.7026511263223e-07,2.283561228060029,0.30081074716769085,5.430229023254248
0.05,4.505809295756005e-08,1.048340582566878e-06,2.283561228060029,0.30081074716769085,5.430229023254248
0.05,4.505809295756005e-08,6.547843856843679e-06,2.283561228060029,0.30081074716769085,0.9052967267445683
0.05,4.505809295756005e-08,4.2629507801128003e-07,2.283561228060029,0.30081074716769085,0.9052967267445683
0.05,5.169830286242285e-08,4.2629507801128003e-07,2.283561228060029,0.22618531177641366,1.2801301486133376
0.05,3.811548777258797e-08,6.064228227655131e-06,2.283561228060029,0.22618531177641366,1.2801301486133376
0.05,3.811548777258797e-08,6.064228227655131e-06,1.8589669874313692,0.22618531177641366,5.505497809440935
0.05,3.811548777258797e-08,6.064228227655131e-06,1.8589669874313692,0.031225617761559313,1.4893716950581957
0.05,3.811548777258797e-08,6.064228227655131e-06,1.8589669874313692,0.2117873532448048,0.3953310017019852
0.05,3.811548777258797e-08,6.064228227655131e-06,1.8589669874313692,0.4000975266480288,6.2660629781040456
0.05,3.811548777258797e-08,1.3337346289446987e-06,1.8589669874313692,0.4000975266480288,6.2660629781040456
0.05,9.960845568557519e-08,1.3337346289446987e-06,1.8589669874313692,0.4000975266480288,6.2660629781040456
0.05,9.960845568557519e-08,1.3337346289446987e-06,1.8589669874313692,0.47656204900208515,4.65792785869534
0.05,5.273566503184554e-08,1.3337346289446987e-06,1.8589669874313692,0.4124082128952269,4.65792785869534
0.05,5.273566503184554e-08,2.9957777130639443e-06,1.8589669874313692,0.4124082128952269,4.65792785869534
0.05,6.167999397806399e-08,2.9957777130639443e-06,1.8589669874313692,0.29630122248532126,4.65792785869534
0.05,5.5244430349649556e-08,2.9957777130639443e-06,3.076708103987969,0.3176311984669686,4.65792785869534
0.05,4.801165299682615e-08,2.9957777130639443e-06,1.7900412819096907,0.3176311984669686,1.6047388470414772
0.05,4.801165299682615e-08,2.91559344391091e-06,1.7900412819096907,0.3176311984669686,2.6763418736871447
0.05,4.801165299682615e-08,2.91559344391091e-06,1.7900412819096907,0.341618623662788,4.102728700484616
0.05,7.594750122093015e-08,2.1655979543351803e-06,1.7900412819096907,0.341618623662788,0.7223523510070602
0.05,7.594750122093015e-08,2.1655979543351803e-06,1.7900412819096907,0.3188607837666518,4.249413996821037
0.05,6.291471998158372e-08,7.484822269314702e-07,1.7900412819096907,0.3188607837666518,4.249413996821037
0.05,6.291471998158372e-08,7.484822269314702e-07,1.3677620792265042,0.3188607837666518,4.6819736547072885
0.05,6.291471998158372e-08,7.484822269314702e-07,1.3677620792265042,0.3188607837666518,7.430595166267526
0.05,6.647860652895657e-08,7.484822269314702e-07,1.3677620792265042,0.33349965745214666,6.466640543424322
0.05,6.647860652895657e-08,7.484822269314702e-07,1.3677620792265042,0.33349965745214666,8.779708587192761
0.05,6.647860652895657e-08,7.484822269314702e-07,1.3677620792265042,0.33349965745214666,8.779708587192761
0.05,6.647860652895657e-08,1.8007110087533607e-06,1.3677620792265042,0.33349965745214666,8.799310706540549
0.05,6.647860652895657e-08,1.8007110087533607e-06,1.3677620792265042,0.33349965745214666,8.799310706540549
0.05,6.647860652895657e-08,1.2977177761684187e-06,1.3677620792265042,0.3947928356910247,8.799310706540549
0.05,5.880664244505715e-08,1.2977177761684187e-06,1.3677620792265042,0.3947928356910247,7.858878621065269
0.05,5.880664244505715e-08,1.2977177761684187e-06,1.5838254245277963,0.3947928356910247,7.858878621065269
0.05,4.262252311600964e-08,1.2977177761684187e-06,1.5838254245277963,0.49715865560247996,7.858878621065269
0.05,4.262252311600964e-08,2.7105915543098785e-06,1.5838254245277963,0.49715865560247996,7.744459401017837
0.05,4.262252311600964e-08,2.7105915543098785e-06,2.046306779248988,0.5011982125497528,7.744459401017837
0.05,8.00176241078924e-08,3.4612670839047743e-06,1.8694362899240078,0.4236193519392303,7.744459401017837
0.05,8.00176241078924e-08,3.4612670839047743e-06,1.8694362899240078,0.43967680478914806,7.744459401017837
0.05,8.00176241078924e-08,3.4612670839047743e-06,1.693601812191496,0.43967680478914806,7.744459401017837
0.05,8.00176241078924e-08,1.2506134530097923e-06,1.693601812191496,0.43967680478914806,2.717474754849534
0.05,8.00176241078924e-08,1.2506134530097923e-06,1.693601812191496,0.14640080806477987,2.717474754849534
0.05,8.00176241078924e-08,1.2506134530097923e-06,1.1813974832714027,0.14640080806477987,1.1568996365782038
0.05,8.251171463641932e-08,1.2506134530097923e-06,3.492371456879777,0.14640080806477987,1.1965305585908994
0.05,8.251171463641932e-08,1.2071199860309216e-05,3.8951628240485547,0.11524496684274946,0.12231122493285818
0.05,8.251171463641932e-08,2.5560290645015093e-06,3.8951628240485547,0.23460434446690265,0.12231122493285818
0.05,8.251171463641932e-08,2.5560290645015093e-06,3.8951628240485547,0.23460434446690265,0.4081042748111525
0.05,8.251171463641932e-08,9.081274416332076e-07,3.161424042855199,0.23460434446690265,0.4939918360767593
0.05,6.789041026609392e-08,9.081274416332076e-07,2.4989891013319414,0.23460434446690265,0.4939918360767593
0.05,6.789041026609392e-08,2.6491880449165792e-06,2.0596464433137456,0.23460434446690265,0.4939918360767593
0.05,5.837804413457966e-08,1.6183650560591419e-06,2.0596464433137456,0.23460434446690265,0.4345718747988022
0.05,5.007482807157826e-08,6.997172184204333e-07,2.0596464433137456,0.04658338351076482,0.4345718747988022
0.05,6.783227676340438e-08,6.997172184204333e-07,1.55309843535782,0.04658338351076482,1.412307050689021
0.05,6.783227676340438e-08,6.997172184204333e-07,1.55309843535782,0.1166963244387377,1.412307050689021
0.05,6.783227676340438e-08,6.997172184204333e-07,1.55309843535782,0.10938378173129809,3.483993164313258
0.05,7.586579693721084e-08,1.523855910421728e-06,1.55309843535782,0.19086405983457724,2.7890678359082304
0.05,7.586579693721084e-08,4.3432211741193827e-07,1.55309843535782,0.19086405983457724,2.7890678359082304
0.05,6.406242952856697e-08,3.1502327117202337e-07,1.55309843535782,0.4461240970253325,3.6023467549034205
0.05,6.406242952856697e-08,1.2359878396850973e-07,1.9857082414741414,0.1037763642405177,3.6023467549034205
0.05,6.406242952856697e-08,6.041402772356285e-08,1.9857082414741414,0.38891742910179683,2.8744899494412817
0.05,7.015169518215595e-08,6.041402772356285e-08,1.9857082414741414,0.38891742910179683,2.8744899494412817
0.05,7.015169518215595e-08,1.075487450944866e-07,1.9157516475225245,0.1265828280576005,2.9618440427083836
0.05,7.015169518215595e-08,3.44972366391161e-07,1.9157516475225245,0.1265828280576005,0.6028238705066156
0.05,7.015169518215595e-08,3.44972366391161e-07,2.0256218012457876,0.05781450825234106,0.6028238705066156
0.05,7.015169518215595e-08,3.777011922344163e-07,2.0256218012457876,0.19917753256904308,3.517197820868046
0.05,5.3654598138858456e-08,4.245597139951525e-06,2.0256218012457876,0.19917753256904308,3.517197820868046
0.05,5.3654598138858456e-08,3.059376562707333e-06,2.0256218012457876,0.19917753256904308,0.41371465484579506
0.05,5.3654598138858456e-08,3.059376562707333e-06,2.0256218012457876,0.19917753256904308,0.496081838049332
0.05,5.3654598138858456e-08,3.059376562707333e-06,2.0256218012457876,0.19917753256904308,4.4092311240534245
0.05,5.3654598138858456e-08,1.1229008741799592e-06,2.0256218012457876,0.3533374723925318,4.4092311240534245
0.05,5.3654598138858456e-08,5.450212560505909e-06,2.0256218012457876,0.3533374723925318,3.449251723880968
0.05,5.824653997963178e-08,9.387894407529384e-07,2.3914774674253563,0.3533374723925318,3.449251723880968
0.05,5.1458826940798616e-08,9.387894407529384e-07,2.3914774674253563,0.3533374723925318,3.449251723880968
0.05,4.3148380463645214e-08,4.950168117811607e-06,2.3914774674253563,0.23520927357871305,3.449251723880968
0.05,4.3148380463645214e-08,4.950168117811607e-06,2.3914774674253563,0.23520927357871305,1.584369920639869
0.05,3.329464144927379e-08,4.950168117811607e-06,2.147627049401278,0.23520927357871305,1.4372605720308096
0.05,3.712715774929485e-08,8.406177322798964e-06,2.5283692330711545,0.23520927357871305,1.4372605720308096
0.05,3.948751257947444e-08,8.406177322798964e-06,2.652768225574304,0.2921586307520159,1.4372605720308096
0.05,3.948751257947444e-08,8.406177322798964e-06,2.652768225574304,0.2921586307520159,4.608854723895364
0.05,3.948751257947444e-08,1.2270113251210526e-06,2.652768225574304,0.2921586307520159,4.608854723895364
0.05,3.948751257947444e-08,1.2270113251210526e-06,2.652768225574304,0.2921586307520159,4.608854723895364
0.05,6.40112407908721e-08,4.448963688932276e-06,2.2605602325211347,0.2921586307520159,4.608854723895364
0.05,6.40112407908721e-08,1.449410520076422e-06,2.2605602325211347,0.3409381817600767,2.926535677152885
0.05,6.762777450419851e-08,1.449410520076422e-06,2.2605602325211347,0.3409381817600767,3.448591565963132
0.05,6.762777450419851e-08,1.449410520076422e-06,0.7116073692817937,0.3409381817600767,7.46496153943137
0.05,6.762777450419851e-08,1.449410520076422e-06,0.7116073692817937,0.3409381817600767,9.359194589689295
0.05,6.762777450419851e-08,1.449410520076422e-06,0.9232844897625926,0.3409381817600767,8.78240372511472
0.05,6.762777450419851e-08,1.449410520076422e-06,0.9232844897625926,0.3409381817600767,8.78240372511472
0.05,6.178678715350708e-08,1.449410520076422e-06,0.9232844897625926,0.3409381817600767,8.78240372511472
0.05,6.178678715350708e-08,5.759738200301068e-06,1.6453941650849149,0.4277945875363448,8.78240372511472
0.05,6.178678715350708e-08,5.759738200301068e-06,1.6453941650849149,0.4277945875363448,8.78240372511472
0.05,6.178678715350708e-08,5.759738200301068e-06,2.6542287948474215,0.2121498493200927,2.6183926828153554
0.05,6.178678715350708e-08,5.759738200301068e-06,2.6542287948474215,0.2121498493200927,2.6183926828153554
0.05,6.178678715350708e-08,5.759738200301068e-06,1.8499373069964766,0.11812126911335835,2.6183926828153554
0.05,6.178678715350708e-08,5.759738200301068e-06,1.8499373069964766,0.040526032138272404,0.6994149419160927
0.05,6.178678715350708e-08,5.759738200301068e-06,1.8499373069964766,0.040526032138272404,0.6994149419160927
0.05,6.178678715350708e-08,5.759738200301068e-06,1.8499373069964766,0.040526032138272404,0.6994149419160927
0.05,6.213398872447665e-08,5.759738200301068e-06,1.8499373069964766,0.040526032138272404,0.6994149419160927
0.05,6.187544652495299e-08,5.759738200301068e-06,1.8499373069964766,0.040526032138272404,0.6994149419160927
0.05,5.669702663598381e-08,5.759738200301068e-06,1.8499373069964766,0.040526032138272404,2.232933044920841
0.05,4.9599719969178116e-08,5.2686857442702704e-06,2.2681408121016506,0.040526032138272404,0.41617506611683114
0.05,4.619295254685902e-08,3.141797779336696e-06,3.4696862642050226,0.040526032138272404,0.41617506611683114
0.05,4.619295254685902e-08,6.951303227235775e-07,3.3736675543121795,0.040526032138272404,0.3740463053893557
0.05,4.619295254685902e-08,4.868047394044749e-06,2.9201632132697624,0.04304949744282858,0.3740463053893557
0.05,4.619295254685902e-08,4.868047394044749e-06,2.9201632132697624,0.0310861583484126,0.3740463053893557
0.05,4.619295254685902e-08,4.868047394044749e-06,2.9201632132697624,0.1616331294363448,0.3740463053893557
0.05,4.619295254685902e-08,1.1714977647333373e-06,2.9507166564203704,0.1254121983881023,0.3740463053893557
0.05,4.619295254685902e-08,1.1714977647333373e-06,2.9507166564203704,0.1254121983881023,0.3740463053893557
0.05,4.3814682703026715e-08,2.7063411485063203e-06,2.9507166564203704,0.20662253602686365,1.3241947503534355
0.05,4.3814682703026715e-08,1.3744897756923743e-06,2.9507166564203704,0.10949953184328397,1.3241947503534355
0.05,4.3814682703026715e-08,1.3744897756923743e-06,2.9507166564203704,0.2143884072266694,1.3241947503534355
0.05,4.3814682703026715e-08,7.125081293567864e-06,2.9507166564203704,0.2143884072266694,1.111794652373941
0.05,4.3814682703026715e-08,1.9266812312081227e-06,2.9507166564203704,0.2143884072266694,1.111794652373941
0.05,4.3814682703026715e-08,1.9266812312081227e-06,2.9507166564203704,0.2143884072266694,1.111794652373941
0.05,5.305183550897167e-08,1.9266812312081227e-06,2.9507166564203704,0.2143884072266694,1.111794652373941
0.05,5.2508341657500136e-08,1.9266812312081227e-06,2.9507166564203704,0.2143884072266694,1.111794652373941
0.05,5.2508341657500136e-08,4.6435435904646303e-08,2.0952015304853924,0.2143884072266694,0.4861781901832286
0.05,5.2508341657500136e-08,4.6435435904646303e-08,2.0952015304853924,0.2143884072266694,0.6603033562390858
0.05,7.485152330883063e-08,7.118403596546767e-07,2.0952015304853924,0.21658805955695246,0.6603033562390858
0.05,7.485152330883063e-08,3.713550997888675e-07,2.0952015304853924,0.3305300269957975,3.391604576227025
0.05,7.272731487348865e-08,3.822221308027983e-07,2.0952015304853924,0.3305300269957975,3.391604576227025
0.05,6.146203913527056e-08,3.822221308027983e-07,1.9223822826732826,0.3305300269957975,3.391604576227025
0.05,6.146203913527056e-08,3.822221308027983e-07,1.9223822826732826,0.3305300269957975,3.391604576227025
0.05,6.146203913527056e-08,5.745830021687175e-07,1.9223822826732826,0.3305300269957975,4.392856722366884
0.05,6.943406449969207e-08,4.197486156600724e-06,1.9223822826732826,0.3305300269957975,4.392856722366884
0.05,6.943406449969207e-08,5.044242896916833e-06,1.9223822826732826,0.24903206227700245,4.392856722366884
0.05,6.943406449969207e-08,5.044242896916833e-06,1.9223822826732826,0.24903206227700245,2.8941028348320588
0.05,6.943406449969207e-08,1.311410570356245e-06,1.9223822826732826,0.24903206227700245,2.8941028348320588
0.05,6.943406449969207e-08,1.311410570356245e-06,1.6430512734858733,0.2682850152320077,2.8941028348320588
0.05,6.943406449969207e-08,4.4207472414247044e-07,1.6430512734858733,0.5283043560184633,2.8941028348320588
0.05,6.943406449969207e-08,4.4207472414247044e-07,1.6430512734858733,0.5407018326378434,4.320565326783943
0.05,6.943406449969207e-08,4.4207472414247044e-07,1.7237481236441645,0.5407018326378434,4.320565326783943
0.05,6.943406449969207e-08,4.4207472414247044e-07,1.7237481236441645,0.40367390911807155,4.320565326783943
0.05,6.943406449969207e-08,1.6963780137080714e-06,1.7237481236441645,0.40367390911807155,4.320565326783943
0.05,6.943406449969207e-08,1.6963780137080714e-06,3.074870851544842,0.32040144234896223,4.320565326783943
0.05,6.943406449969207e-08,1.6963780137080714e-06,0.8401567334253843,0.32040144234896223,4.320565326783943
0.05,6.943406449969207e-08,1.6963780137080714e-06,2.398898305665051,0.32040144234896223,4.64878138717805
0.05,9.419953621533968e-08,1.6963780137080714e-06,1.1204028194484321,0.45071749209681883,6.253492488581665
0.05,6.43693550426956e-08,1.6963780137080714e-06,1.1204028194484321,0.45071749209681883,7.261787316161925
0.05,6.43693550426956e-08,5.04364790469165e-06,1.1204028194484321,0.45071749209681883,7.261787316161925
0.05,6.569248087206188e-08,5.04364790469165e-06,1.1204028194484321,0.45071749209681883,6.88837550636511
0.05,6.569248087206188e-08,5.269257380955649e-07,1.1204028194484321,0.45071749209681883,6.88837550636511
0.05,6.569248087206188e-08,5.269257380955649e-07,1.3359981844707567,0.45071749209681883,8.40967299814307
0.05,6.569248087206188e-08,5.269257380955649e-07,1.3359981844707567,0.45071749209681883,9.58103691395277
0.05,6.569248087206188e-08,5.269257380955649e-07,1.3359981844707567,0.45071749209681883,7.262705912713767
0.05,6.569248087206188e-08,5.269257380955649e-07,1.3359981844707567,0.45071749209681883,7.262705912713767
0.05,6.569248087206188e-08,3.659682841391437e-07,1.1891798190353635,0.40381704924515194,4.721738050530074
0.05,6.569248087206188e-08,6.115499195656573e-07,0.8776384866853691,0.40381704924515194,4.721738050530074
0.05,6.569248087206188e-08,4.529458372893138e-07,0.8776384866853691,0.40381704924515194,5.301855063231059
0.05,6.569248087206188e-08,3.6630364638330833e-07,0.9022366399982631,0.3889398356275857,5.301855063231059
0.05,6.569248087206188e-08,1.877048595510515e-06,0.9022366399982631,0.45524931092322035,5.301855063231059
0.05,5.205953427452052e-08,1.877048595510515e-06,0.6854634287346234,0.45524931092322035,5.301855063231059
0.05,5.439751647451341e-08,4.2017578132063425e-07,0.6854634287346234,0.45524931092322035,5.301855063231059
0.05,5.439751647451341e-08,4.2017578132063425e-07,0.6854634287346234,0.45524931092322035,7.380999549409752
0.05,5.439751647451341e-08,2.4911553918054646e-07,2.306854364842951,0.2777400099415934,7.380999549409752
0.05,5.439751647451341e-08,2.4911553918054646e-07,1.9782053268402282,0.2777400099415934,0.326610654363813
0.05,5.439751647451341e-08,2.4911553918054646e-07,2.594773134469066,0.2777400099415934,0.326610654363813
0.05,5.439751647451341e-08,1.107380231932514e-06,2.586077192745301,0.2777400099415934,0.326610654363813
0.05,5.439751647451341e-08,1.107380231932514e-06,2.183848896344132,0.3170119580478668,3.1333115496653448
0.05,4.308687830661145e-08,5.270880556533368e-07,2.2311789160593163,0.3170119580478668,3.1333115496653448
0.05,4.275000415481695e-08,8.39958929584538e-07,2.2311789160593163,0.22202665860543483,3.1333115496653448
0.05,4.275000415481695e-08,8.39958929584538e-07,2.2311789160593163,0.1752489405618234,3.1333115496653448
0.05,4.275000415481695e-08,3.077332333806106e-06,2.555931700196745,0.1752489405618234,3.1333115496653448
0.05,4.275000415481695e-08,3.077332333806106e-06,2.555931700196745,0.16815562793233427,3.1333115496653448
0.05,4.7258280535922466e-08,3.077332333806106e-06,2.555931700196745,0.16815562793233427,3.1333115496653448
0.05,4.7258280535922466e-08,2.8011926021955355e-06,2.387966902454111,0.16815562793233427,0.13205608275339115
0.05,4.7258280535922466e-08,2.8011926021955355e-06,3.0323054274771204,0.11286365383829275,0.8246447458584911
0.05,4.7258280535922466e-08,1.845295985608411e-06,3.0323054274771204,0.11286365383829275,1.0199428687527143
0.05,3.441789594659711e-08,1.845295985608411e-06,1.7427545373131401,0.11286365383829275,1.0199428687527143
0.05,3.441789594659711e-08,1.845295985608411e-06,3.0724154941253206,0.47282465279173436,2.0185533392471737
0.05,3.441789594659711e-08,1.845295985608411e-06,2.190211032389854,0.47282465279173436,7.500828570915534
0.05,3.441789594659711e-08,1.845295985608411e-06,2.190211032389854,0.6685643522442493,8.411317320817549
0.05,4.7361762874192405e-08,8.452722662179135e-06,0.9090714199865714,0.6448522651562736,8.411317320817549
0.05,4.7361762874192405e-08,8.452722662179135e-06,1.1083309345056283,0.6448522651562736,8.73764553264053
0.05,4.792123651697566e-08,1.351150573656983e-08,1.1083309345056283,0.7279076204893487,8.73764553264053
0.05,4.792123651697566e-08,1.351150573656983e-08,1.1083309345056283,0.7279076204893487,9.05492278828162
0.05,4.454870582323435e-08,2.1940101141032096e-08,1.1083309345056283,0.7279076204893487,4.114084120033361
0.05,4.454870582323435e-08,2.1940101141032096e-08,1.1083309345056283,0.7279076204893487,4.114084120033361
0.05,4.454870582323435e-08,2.7143997301277654e-09,1.1316666874536936,0.7122770046893954,4.114084120033361
0.05,4.454870582323435e-08,2.7143997301277654e-09,1.1316666874536936,0.7122770046893954,6.8867226653702165
0.05,4.454870582323435e-08,1.0550872942255406e-07,1.1316666874536936,0.6254111063662363,6.8867226653702165
0.05,4.454870582323435e-08,1.0550872942255406e-07,1.1316666874536936,0.3848961600939004,6.8867226653702165
0.05,4.454870582323435e-08,5.092564651015988e-07,1.1316666874536936,0.3848961600939004,6.8867226653702165
0.05,4.454870582323435e-08,5.092564651015988e-07,1.1316666874536936,0.3848961600939004,7.522809637329297
0.05,4.454870582323435e-08,5.092564651015988e-07,2.2501742451194993,0.3848961600939004,7.522809637329297
0.05,4.1405041441778003e-08,1.0462549143953126e-06,2.2501742451194993,0.4065312263449052,5.073360071354442
0.05,4.1405041441778003e-08,1.0462549143953126e-06,2.2501742451194993,0.4065312263449052,5.073360071354442
0.05,4.7929007800907064e-08,1.0462549143953126e-06,2.2501742451194993,0.4065312263449052,5.073360071354442
0.05,4.7929007800907064e-08,7.588856975512057e-07,2.2501742451194993,0.4065312263449052,3.6373989460837186
0.05,8.328740221962389e-08,7.588856975512057e-07,2.0169809031521724,0.4065312263449052,6.952653028472094
0.05,8.328740221962389e-08,7.588856975512057e-07,1.4518046502799047,0.4065312263449052,6.952653028472094
0.05,5.871476618675762e-08,1.1086920483607482e-06,1.4518046502799047,0.4065312263449052,6.952653028472094
0.05,5.08509413545176e-08,2.021473776546315e-06,1.3413964969594592,0.4065312263449052,7.410190301538757
0.05,5.08509413545176e-08,1.3615847501405018e-06,1.234135066757164,0.4065312263449052,4.759298177211973
0.05,8.378528061183784e-08,1.3615847501405018e-06,1.234135066757164,0.4065312263449052,4.759298177211973
0.05,8.378528061183784e-08,1.3615847501405018e-06,2.014159499834801,0.4065312263449052,8.125777083410743
0.05,8.378528061183784e-08,1.3615847501405018e-06,2.014159499834801,0.39089082432435646,3.420123257903977
0.05,8.378528061183784e-08,1.3615847501405018e-06,2.014159499834801,0.39089082432435646,4.482543220381815
0.05,8.502924633342849e-08,1.907707539525414e-06,2.014159499834801,0.39089082432435646,4.659744750034144
0.05,8.502924633342849e-08,1.907707539525414e-06,1.2016852875892343,0.39089082432435646,4.659744750034144
0.05,8.502924633342849e-08,1.056470297600944e-06,1.403083224939591,0.5879292807032565,4.659744750034144
0.05,8.502924633342849e-08,2.395969898295998e-07,1.403083224939591,0.5879292807032565,6.4435552642932326
0.05,8.502924633342849e-08,2.03199365490728e-07,1.403083224939591,0.5210750062986232,6.4435552642932326
0.05,8.502924633342849e-08,2.03199365490728e-07,1.403083224939591,0.2994138924128233,6.4435552642932326
0.05,9.138939124642297e-08,2.03199365490728e-07,1.1953879082295744,0.08468824025552017,8.593646928357115
0.05,9.138939124642297e-08,2.03199365490728e-07,1.1953879082295744,0.14724864438494978,7.896818302548291
0.05,9.22790538131619e-08,3.815758113812008e-06,1.5596169693180117,0.3876972882318927,3.309556346561427
0.05,4.9231542903184025e-08,3.815758113812008e-06,2.5705867851165976,0.3876972882318927,2.4268190304028407
0.05,4.775138814426255e-08,3.815758113812008e-06,2.6362033581263526,0.3876972882318927,7.290051324490512
0.05,5.795259364826736e-08,3.815758113812008e-06,0.6139164193083966,0.26663074643895945,6.9420998651209125
0.05,5.795259364826736e-08,4.79792974029201e-06,0.831483740581544,0.39987863471101437,6.9420998651209125
0.05,5.795259364826736e-08,4.79792974029201e-06,1.0488118793566934,0.39987863471101437,6.9420998651209125
0.05,5.795259364826736e-08,4.79792974029201e-06,0.5941633403648736,0.3222782461257365,6.9420998651209125
0.05,5.795259364826736e-08,4.79792974029201e-06,1.4316748728269038,0.5516277174154413,6.9420998651209125
0.05,5.795259364826736e-08,3.1658963074360584e-06,1.4316748728269038,0.37216758706179015,9.650766229510701
0.05,5.795259364826736e-08,3.1658963074360584e-06,1.9143690229803014,0.15689524612837047,2.3687893989223285
0.05,5.795259364826736e-08,3.1658963074360584e-06,1.9143690229803014,0.12545747938296745,0.47408226267945364
0.05,5.795259364826736e-08,4.528967658104391e-06,1.9143690229803014,0.044958643374947795,0.47408226267945364
0.05,5.795259364826736e-08,4.528967658104391e-06,1.9143690229803014,0.04355776841429214,2.2547822763627536
0.05,5.795259364826736e-08,4.769831235570388e-07,1.9143690229803014,0.04355776841429214,2.2547822763627536
0.05,4.870999905931132e-08,3.586541671822802e-06,1.9143690229803014,0.04355776841429214,2.2547822763627536
0.05,4.9276226294990986e-08,9.577125624755527e-07,1.9143690229803014,0.04355776841429214,2.2547822763627536
0.05,4.9276226294990986e-08,9.577125624755527e-07,1.9143690229803014,0.030355586559905355,2.2547822763627536
0.05,4.9276226294990986e-08,9.577125624755527e-07,1.9143690229803014,0.09235465642088504,2.2547822763627536
0.05,5.2174785611339985e-08,9.577125624755527e-07,1.6651037736458543,0.0842568353141265,2.2547822763627536
0.05,5.2174785611339985e-08,9.577125624755527e-07,1.638514414126012,0.07327885136852401,2.2547822763627536
0.05,5.2174785611339985e-08,9.577125624755527e-07,1.2676803536728833,0.09527945016216322,1.8841878747323544
0.05,5.2174785611339985e-08,2.2797700507720093e-06,1.2676803536728833,0.09527945016216322,1.384993894851537
0.05,5.2174785611339985e-08,2.2797700507720093e-06,1.2676803536728833,0.09527945016216322,1.384993894851537
0.05,5.2174785611339985e-08,1.2426858588047464e-06,1.2676803536728833,0.5860460042401454,7.641036601390364
0.05,5.2174785611339985e-08,1.2426858588047464e-06,1.970936388739188,0.45358320029360444,8.33691049721758
0.05,5.84369643874861e-08,2.863320085066495e-07,1.970936388739188,0.45358320029360444,8.33691049721758
0.05,5.84369643874861e-08,2.5739729737713306e-06,1.970936388739188,0.45358320029360444,8.33691049721758
0.05,5.84369643874861e-08,2.0877451627128384e-06,1.970936388739188,0.40678618198823235,8.33691049721758
0.05,7.52921398284459e-08,3.6566331719122703e-07,1.970936388739188,0.40678618198823235,8.33691049721758
0.05,7.52921398284459e-08,2.2886075125778846e-06,1.970936388739188,0.40678618198823235,8.069685797188615
0.05,7.52921398284459e-08,4.151694927312209e-07,1.970936388739188,0.40678618198823235,8.069685797188615
0.05,7.52921398284459e-08,4.151694927312209e-07,1.25980722208012,0.40678618198823235,3.789469879177945
0.05,7.52921398284459e-08,3.3665282523864673e-07,1.25980722208012,0.2125534067973379,3.789469879177945
0.05,7.52921398284459e-08,1.2300139031402774e-07,1.25980722208012,0.1539340729819106,1.0113077346191375
0.05,5.3774987525068666e-08,1.0900534338556927e-05,1.25980722208012,0.17755514961512925,1.1291982872375148
0.05,5.3774987525068666e-08,1.0900534338556927e-05,2.1284526558867864,0.39582256499859153,1.1291982872375148
0.05,5.3774987525068666e-08,1.0900534338556927e-05,2.1284526558867864,0.14439100551192685,1.1291982872375148
0.05,5.3774987525068666e-08,7.088298366238459e-06,1.909564506873195,0.14439100551192685,1.1291982872375148
0.05,5.3774987525068666e-08,1.7706022909254867e-06,1.909564506873195,0.1405739601885314,1.1291982872375148
0.05,5.3774987525068666e-08,2.38987068010677e-06,1.909564506873195,0.1405739601885314,1.1291982872375148
0.05,5.3774987525068666e-08,2.38987068010677e-06,1.6416010710896076,0.04523404097401685,1.1291982872375148
0.05,6.333880519368115e-08,2.38987068010677e-06,1.6416010710896076,0.11099021105526154,1.1291982872375148
0.05,6.333880519368115e-08,2.38987068010677e-06,1.6416010710896076,0.19351175540558627,1.1291982872375148
0.05,6.333880519368115e-08,2.38987068010677e-06,1.6416010710896076,0.32979544822444284,0.33657283068449007
0.05,6.333880519368115e-08,2.8008811251827963e-06,1.6416010710896076,0.32979544822444284,8.289440903726195
0.05,6.333880519368115e-08,2.8008811251827963e-06,2.4260297184526234,0.32979544822444284,3.7495501099073247
0.05,6.333880519368115e-08,4.3287195317015693e-07,2.4260297184526234,0.3920250984431646,3.7495501099073247
0.05,5.250988804925145e-08,4.3287195317015693e-07,2.3134148991091035,0.3920250984431646,3.7495501099073247
0.05,5.250988804925145e-08,4.3287195317015693e-07,2.3134148991091035,0.2611118383771031,5.379397507193691
0.05,5.250988804925145e-08,6.50870799463184e-06,2.3134148991091035,0.2611118383771031,5.379397507193691
0.05,5.250988804925145e-08,6.50870799463184e-06,2.3134148991091035,0.2611118383771031,3.7640161071995895
0.05,5.548540639403773e-08,6.990527492336003e-07,2.3134148991091035,0.2611118383771031,3.7640161071995895
0.05,5.548540639403773e-08,6.990527492336003e-07,2.3134148991091035,0.2611118383771031,5.26741202015449
0.05,5.548540639403773e-08,1.7385216607857922e-06,2.1093755149897158,0.2611118383771031,3.9345363550497354
0.05,5.548540639403773e-08,2.5810765787527854e-06,2.1093755149897158,0.35560870863943717,2.3294375052261733
0.05,5.548540639403773e-08,2.9421254803846193e-06,2.1093755149897158,0.35560870863943717,2.3294375052261733
0.05,5.548540639403773e-08,2.3012447703384283e-06,2.1093755149897158,0.35560870863943717,2.3294375052261733
0.05,5.548540639403773e-08,2.3012447703384283e-06,2.1093755149897158,0.35560870863943717,2.3294375052261733
0.05,5.548540639403773e-08,2.3012447703384283e-06,2.1093755149897158,0.3903366158855243,6.213460860346157
0.05,5.548540639403773e-08,3.010451005751405e-07,2.1093755149897158,0.3903366158855243,6.213460860346157
0.05,5.548540639403773e-08,3.010451005751405e-07,2.1093755149897158,0.3903366158855243,4.320552607676257
0.05,5.548540639403773e-08,2.7949675381874926e-07,2.1093755149897158,0.39572876945423646,4.320552607676257
0.05,8.338216404076883e-08,2.7949675381874926e-07,0.9833511849706063,0.5838220902002186,4.320552607676257
0.05,8.338216404076883e-08,2.7949675381874926e-07,1.8655492220694385,0.09507468501929768,4.320552607676257
0.05,8.338216404076883e-08,3.3667728082959446e-06,1.8655492220694385,0.2502436215647711,4.320552607676257
0.05,8.338216404076883e-08,3.3667728082959446e-06,1.8655492220694385,0.30288914258222305,4.320552607676257
0.05,8.338216404076883e-08,2.859593140194886e-07,2.011083412347264,0.30288914258222305,4.320552607676257
0.05,8.338216404076883e-08,2.859593140194886e-07,2.011083412347264,0.3055703585020693,4.320552607676257
0.05,8.338216404076883e-08,2.859593140194886e-07,2.011083412347264,0.3055703585020693,4.320552607676257
0.05,6.250506219256156e-08,2.859593140194886e-07,2.011083412347264,0.3055703585020693,4.320552607676257
0.05,6.250506219256156e-08,2.859593140194886e-07,2.011083412347264,0.3055703585020693,4.320552607676257
0.05,4.637539962865673e-08,2.859593140194886e-07,1.7512436381994811,0.4724011447550599,1.7936576463113245
0.05,4.637539962865673e-08,2.476855002565119e-07,1.7878205245950776,0.1863290459908842,1.4502551162656319
0.05,5.210422992417036e-08,2.476855002565119e-07,1.8104848430686502,0.16141989909634963,1.4502551162656319
0.05,8.934600676745112e-08,2.476855002565119e-07,2.1004495648650483,0.16141989909634963,2.485520697954635
0.05,7.353880184196087e-08,2.476855002565119e-07,2.1004495648650483,0.21443728295488462,2.485520697954635
0.05,7.353880184196087e-08,2.476855002565119e-07,2.1004495648650483,0.13052581555563197,2.485520697954635
0.05,6.277634308246966e-08,2.476855002565119e-07,0.9722825334248404,0.15322316232423147,2.485520697954635
0.05,6.277634308246966e-08,2.476855002565119e-07,1.6352220061755316,0.15322316232423147,4.75593522166767
0.05,4.484442931492662e-08,1.5253474671267224e-06,1.6352220061755316,0.3376079417462933,2.438346446287769
0.05,4.484442931492662e-08,1.5253474671267224e-06,1.6352220061755316,0.3376079417462933,2.438346446287769
0.05,5.0140792692092256e-08,1.5253474671267224e-06,2.207257214530391,0.28090671101376224,2.438346446287769
0.05,5.0140792692092256e-08,4.5490350386311697e-07,1.873828125801331,0.28090671101376224,2.438346446287769
0.05,5.398600962854969e-08,7.392896679134064e-07,3.5849525361619667,0.28090671101376224,2.438346446287769
0.05,5.398600962854969e-08,1.4283601954415476e-06,2.1203100856892636,0.28090671101376224,2.438346446287769
0.05,5.334927920942442e-08,1.4283601954415476e-06,2.972815832702029,0.28090671101376224,2.438346446287769
0.05,5.1700566816663496e-08,1.4283601954415476e-06,2.972815832702029,0.28090671101376224,2.438346446287769
0.05,5.1700566816663496e-08,1.3196291221610064e-06,1.518258871038955,0.28090671101376224,2.2732656763297263
0.05,5.1700566816663496e-08,1.0743060836152716e-06,1.518258871038955,0.28090671101376224,4.463944614296428
0.05,5.499067227403521e-08,1.0743060836152716e-06,2.0957273407437143,0.28090671101376224,4.463944614296428
0.05,3.8251006543470035e-08,3.506196339749886e-06,2.4020611710631643,0.28090671101376224,4.463944614296428
0.05,5.739314903295071e-08,3.506196339749886e-06,2.4020611710631643,0.28090671101376224,3.540020600163087
0.05,5.739314903295071e-08,3.506196339749886e-06,2.4020611710631643,0.1717108725238248,3.540020600163087
0.05,5.739314903295071e-08,3.506196339749886e-06,2.9945967424892,0.1717108725238248,0.021360925603515886
0.05,5.605485592710261e-08,3.506196339749886e-06,2.9945967424892,0.1717108725238248,0.021360925603515886
0.05,5.605485592710261e-08,3.506196339749886e-06,2.8991666962433293,0.1717108725238248,0.03239414720070435
0.05,5.605485592710261e-08,5.094168185003346e-06,2.8991666962433293,0.1717108725238248,0.12058296610847735
0.05,5.605485592710261e-08,1.1647566975013358e-05,3.317839682858165,0.16035690933031432,2.5944856638208784
0.05,3.11254223344219e-08,1.1647566975013358e-05,3.317839682858165,0.13568415484113283,0.6893770362489194
0.05,3.099048828039786e-08,1.4975199070557888e-05,3.317839682858165,0.13568415484113283,0.6893770362489194
0.05,3.099048828039786e-08,8.864756121702675e-06,3.317839682858165,0.16139698221265575,0.49266992694583206
0.05,3.3723378938723706e-08,8.864756121702675e-06,3.4281564950603203,0.16139698221265575,0.49266992694583206
0.05,4.2486590510616736e-08,8.864756121702675e-06,3.4281564950603203,0.16139698221265575,2.2720160961783504
0.05,4.2486590510616736e-08,1.873998009804947e-06,3.4281564950603203,0.1631721425727386,2.2720160961783504
0.05,4.440894857032363e-08,7.127610851217105e-07,3.4281564950603203,0.1913913050497342,2.2720160961783504
0.05,5.814552058238127e-08,7.127610851217105e-07,3.4281564950603203,0.1913913050497342,2.2720160961783504
0.05,5.814552058238127e-08,1.2566609650747832e-06,2.78645589413462,0.1913913050497342,2.2720160961783504
0.05,5.814552058238127e-08,1.2566609650747832e-06,2.441855376954458,0.2281691205213963,1.2148909672699792
0.05,5.814552058238127e-08,1.959414302149956e-06,2.441855376954458,0.2281691205213963,1.2148909672699792
0.05,5.814552058238127e-08,1.959414302149956e-06,2.441855376954458,0.2281691205213963,2.3078443636675168
0.05,5.814552058238127e-08,1.959414302149956e-06,2.441855376954458,0.2513108773539212,2.3078443636675168
0.05,5.814552058238127e-08,1.959414302149956e-06,2.2388123641103475,0.2513108773539212,2.9416218388978734
0.05,7.4053537345197e-08,1.959414302149956e-06,2.2388123641103475,0.3484881203984071,5.188062841406785
0.05,7.4053537345197e-08,1.959414302149956e-06,2.0925623827992332,0.3484881203984071,5.188062841406785
0.05,5.4015538545861704e-08,1.959414302149956e-06,2.0925623827992332,0.3484881203984071,1.8426652826368013
0.05,4.899096803285711e-08,1.959414302149956e-06,2.0925623827992332,0.3484881203984071,1.8426652826368013
0.05,7.270092031194437e-08,6.916481695793667e-07,2.196780007478423,0.3484881203984071,1.8426652826368013
0.05,7.270092031194437e-08,6.916481695793667e-07,2.47747674610387,0.3484881203984071,3.1845382688281036
0.05,7.270092031194437e-08,6.916481695793667e-07,2.47747674610387,0.38246691493479107,3.1845382688281036
0.05,7.270092031194437e-08,6.916481695793667e-07,2.47747674610387,0.2539979896934853,3.2055640258751135
0.05,7.270092031194437e-08,6.916481695793667e-07,3.736468704892597,0.2700264055777306,2.5032135078318776
0.05,6.53839570744793e-08,6.916481695793667e-07,0.8900590104440743,0.2700264055777306,2.5032135078318776
0.05,6.53839570744793e-08,1.8943615157803101e-06,0.8900590104440743,0.2904615961244573,8.996045034110516
0.05,6.53839570744793e-08,1.8878163759021421e-06,0.8900590104440743,0.2904615961244573,8.426060054345157
0.05,6.53839570744793e-08,1.4516241241527601e-06,1.2310736190548446,0.2904615961244573,7.06168288913653
0.05,6.53839570744793e-08,1.4516241241527601e-06,1.2310736190548446,0.2904615961244573,7.06168288913653
0.05,6.53839570744793e-08,1.4516241241527601e-06,1.2310736190548446,0.2904615961244573,3.7927534081708276
0.05,6.53839570744793e-08,1.4516241241527601e-06,1.2310736190548446,0.1690475696846398,2.934087487733936
0.05,6.53839570744793e-08,5.19251354880073e-07,1.2310736190548446,0.4167584151476421,2.8712422742870354
0.05,6.53839570744793e-08,5.19251354880073e-07,1.0504810897854098,0.3858411342565895,2.8712422742870354
0.05,6.53839570744793e-08,1.7250472885607432e-06,1.6419594460885771,0.2356988981682981,7.568105600711602
0.05,6.53839570744793e-08,1.7250472885607432e-06,1.6419594460885771,0.25726922867271046,7.568105600711602
0.05,6.53839570744793e-08,2.330642966208074e-06,1.6419594460885771,0.5711374415551335,7.328263367542882
0.05,6.53839570744793e-08,4.999114387174103e-07,1.6419594460885771,0.5711374415551335,7.7555077185977765
0.05,5.946562256703738e-08,5.397771665231309e-07,1.6419594460885771,0.5001726639888783,7.7555077185977765
0.05,5.946562256703738e-08,5.397771665231309e-07,2.359284835067979,0.5001726639888783,7.7555077185977765
0.05,5.946562256703738e-08,9.148205058319687e-07,2.359284835067979,0.5001726639888783,7.7555077185977765
0.05,5.946562256703738e-08,9.148205058319687e-07,2.359284835067979,0.5001726639888783,6.424549813419629
0.05,5.946562256703738e-08,9.148205058319687e-07,1.4793033282358248,0.5001726639888783,4.623066402611289
0.05,5.946562256703738e-08,9.148205058319687e-07,1.458019260055874,0.12740948170518465,4.623066402611289
0.05,5.946562256703738e-08,9.148205058319687e-07,1.458019260055874,0.12740948170518465,4.623066402611289
0.05,7.605114294627466e-08,1.2440951189913466e-06,1.458019260055874,0.12740948170518465,4.011467375826633
0.05,4.9936940654561366e-08,1.2440951189913466e-06,1.3298225643446893,0.12740948170518465,4.011467375826633
0.05,4.9936940654561366e-08,1.2440951189913466e-06,1.3298225643446893,0.12740948170518465,4.011467375826633
0.05,5.008082724916989e-08,1.2440951189913466e-06,2.5084089875736875,0.12740948170518465,2.213540247440458
0.05,5.008082724916989e-08,1.2440951189913466e-06,2.5084089875736875,0.12740948170518465,1.1255130876173687
0.05,5.008082724916989e-08,1.7019367546131056e-06,1.911537806482288,0.12740948170518465,1.1255130876173687
0.05,4.2413273122247575e-08,4.485207242319811e-06,1.911537806482288,0.19540971361728876,2.6635161191358647
0.05,4.2413273122247575e-08,4.745606879830271e-06,1.911537806482288,0.19540971361728876,2.6635161191358647
0.05,4.2413273122247575e-08,4.745606879830271e-06,1.911537806482288,0.19540971361728876,2.159236104668494
0.05,4.024606520036534e-08,4.745606879830271e-06,1.530801810624891,0.19540971361728876,2.159236104668494
0.05,6.373500867077e-08,4.961526479062717e-06,1.530801810624891,0.055120213846957915,1.8474800230674973
0.05,6.373500867077e-08,4.069973499617666e-06,1.530801810624891,0.052592268626830974,1.8474800230674973
0.05,6.373500867077e-08,1.7609979306466337e-06,1.530801810624891,0.026165020517794728,1.8474800230674973
0.05,6.373500867077e-08,2.1931628969209714e-06,1.530801810624891,0.026165020517794728,1.8474800230674973
0.05,6.373500867077e-08,1.04824875530483e-05,1.530801810624891,0.12110935337901946,2.644289398062666
0.05,6.373500867077e-08,1.04824875530483e-05,1.530801810624891,0.12110935337901946,2.644289398062666
0.05,6.373500867077e-08,5.2842835782931634e-08,1.530801810624891,0.1410956276199924,2.644289398062666
0.05,6.373500867077e-08,5.2842835782931634e-08,1.530801810624891,0.1410956276199924,4.892920567905876
0.05,6.373500867077e-08,5.2842835782931634e-08,1.530801810624891,0.1410956276199924,4.892920567905876
0.05,7.785211649578528e-08,7.342521825002422e-06,1.530801810624891,0.1410956276199924,4.892920567905876
0.05,7.785211649578528e-08,1.8996310800726006e-07,1.530801810624891,0.1410956276199924,4.892920567905876
0.05,7.785211649578528e-08,2.1844608917316586e-07,1.530801810624891,0.17992656072289231,5.409411859902286
0.05,7.785211649578528e-08,2.1844608917316586e-07,2.5846968049240804,0.3360689946265,5.409411859902286
0.05,7.785211649578528e-08,7.388018230225635e-07,1.3872065164973189,0.3360689946265,5.409411859902286
0.05,5.3814616160408836e-08,7.388018230225635e-07,1.403052692898537,0.3360689946265,5.409411859902286
0.05,5.1493220992798126e-08,7.388018230225635e-07,2.0686679995349446,0.5770166943951747,8.363032326118594
0.05,6.703823979497499e-08,7.388018230225635e-07,2.0686679995349446,0.5770166943951747,6.485190960027051
0.05,4.8211383842865446e-08,5.263767113992012e-06,2.0686679995349446,0.22547626996143216,6.485190960027051
0.05,4.8211383842865446e-08,5.263767113992012e-06,1.9463202927460599,0.22547626996143216,3.4243708758236933
0.05,4.8211383842865446e-08,6.098811893079073e-07,1.9648261874002324,0.3179246493278043,3.4243708758236933
0.05,4.8211383842865446e-08,6.098811893079073e-07,1.9648261874002324,0.10179925735724311,3.4243708758236933
0.05,4.8211383842865446e-08,6.098811893079073e-07,1.9648261874002324,0.16296036215620316,3.4243708758236933
0.05,4.8211383842865446e-08,6.098811893079073e-07,1.9648261874002324,0.1788808898926814,3.4243708758236933
0.05,5.440022795975223e-08,6.098811893079073e-07,1.9648261874002324,0.49996133724224273,3.4243708758236933
0.05,5.440022795975223e-08,2.1454963316668283e-06,1.9648261874002324,0.5132371344577732,4.841817671388356
0.05,5.0217345772230495e-08,2.1454963316668283e-06,1.320473989985098,0.5132371344577732,9.160275776868605
0.05,8.876568073495212e-08,2.1454963316668283e-06,1.367461579764389,0.5132371344577732,9.160275776868605
0.05,8.876568073495212e-08,2.1454963316668283e-06,1.367461579764389,0.5132371344577732,9.160275776868605
0.05,8.876568073495212e-08,2.1454963316668283e-06,1.2069950948398636,0.24350435458317143,5.378395482034525
0.05,8.876568073495212e-08,2.337693872924543e-06,1.2069950948398636,0.24350435458317143,5.378395482034525
0.05,3.724851974253005e-08,2.337693872924543e-06,2.2576402862814633,0.24350435458317143,3.7932617095293644
0.05,5.901726910614524e-08,4.3191572569522065e-06,2.304950198052368,0.24350435458317143,1.8550996358606933
0.05,5.901726910614524e-08,4.3191572569522065e-06,1.8049640799259987,0.07159270100788463,1.8550996358606933
0.05,5.901726910614524e-08,3.872402700639772e-06,2.6773435428153753,0.15670137758274544,1.3141358540241097
0.05,5.901726910614524e-08,3.091271561700733e-06,2.1802410934898697,0.29887897091513993,2.0393141432855213
0.05,5.901726910614524e-08,3.091271561700733e-06,2.1190756264621364,0.29887897091513993,3.5581556279171944
0.05,5.901726910614524e-08,3.091271561700733e-06,2.1190756264621364,0.3836652311328217,1.1784164613926642
0.05,5.901726910614524e-08,3.091271561700733e-06,2.1190756264621364,0.3836652311328217,3.3284609370760228
0.05,5.901726910614524e-08,9.334977615990523e-07,2.1190756264621364,0.3836652311328217,3.3284609370760228
0.05,5.901726910614524e-08,9.334977615990523e-07,2.1190756264621364,0.3836652311328217,3.3284609370760228
0.05,5.0868388065017085e-08,9.334977615990523e-07,2.1190756264621364,0.3169750735037812,3.3284609370760228
0.05,5.0868388065017085e-08,1.2068292783490057e-06,2.1190756264621364,0.5882754114044275,5.880198052520431
0.05,5.0868388065017085e-08,2.499311677149198e-06,2.1190756264621364,0.5238624150210542,5.880198052520431
0.05,5.0868388065017085e-08,2.499311677149198e-06,2.1190756264621364,0.4360862039397817,5.880198052520431
0.05,5.0868388065017085e-08,4.265521045791645e-06,2.1190756264621364,0.4360862039397817,5.262782795307698
0.05,5.0868388065017085e-08,4.265521045791645e-06,2.275760156322279,0.4360862039397817,5.262782795307698
0.05,5.0868388065017085e-08,1.1943426270583666e-06,1.9012655031072168,0.4360862039397817,5.262782795307698
0.05,5.0868388065017085e-08,1.1943426270583666e-06,1.9012655031072168,0.4360862039397817,2.7279498270217744
0.05,5.0868388065017085e-08,1.1943426270583666e-06,1.4386793457779847,0.4360862039397817,3.1685344336014314
0.05,5.0868388065017085e-08,1.1943426270583666e-06,1.6699383934474974,0.4360862039397817,3.1685344336014314
0.05,5.0868388065017085e-08,1.2005126237937797e-06,1.6699383934474974,0.4938305765370286,9.612745406135053
0.05,5.0868388065017085e-08,1.2005126237937797e-06,1.6699383934474974,0.4938305765370286,9.924864363583175
0.05,5.0868388065017085e-08,3.960177871300805e-06,1.4513271247576764,0.4938305765370286,9.979482347887283
0.05,5.0868388065017085e-08,3.960177871300805e-06,1.4513271247576764,0.4938305765370286,9.814485684312798
0.05,7.951629775427706e-08,8.885119841112005e-08,1.4513271247576764,0.7331680975411975,8.279580666126959
0.05,7.951629775427706e-08,8.885119841112005e-08,0.966570288677483,0.7331680975411975,9.889700345476516
0.05,5.992933556367302e-08,2.658750430828489e-07,0.966570288677483,0.35885002553064366,9.889700345476516
0.05,5.992933556367302e-08,2.658750430828489e-07,1.0992175709725671,0.7648859477760571,9.889700345476516
0.05,5.992933556367302e-08,5.473684223406282e-07,1.0992175709725671,0.7102412570390011,9.253285007092625
0.05,5.992933556367302e-08,5.473684223406282e-07,1.0992175709725671,0.2399871745485671,9.253285007092625
0.05,5.992933556367302e-08,8.766482884068944e-07,1.0992175709725671,0.3554017856046819,9.253285007092625
0.05,5.992933556367302e-08,8.766482884068944e-07,1.1710749927404442,0.7255987229848163,9.253285007092625
0.05,7.225020801024127e-08,8.766482884068944e-07,1.1710749927404442,0.7255987229848163,9.253285007092625
0.05,7.225020801024127e-08,8.766482884068944e-07,1.1710749927404442,0.6913882700042882,9.253285007092625
0.05,7.225020801024127e-08,8.766482884068944e-07,0.9164427745840766,0.6913882700042882,9.253285007092625
0.05,7.225020801024127e-08,8.766482884068944e-07,0.9164427745840766,0.2558342136193479,8.564079820527562
0.05,8.405882703143688e-08,3.2943534425500087e-07,0.9164427745840766,0.4713127356231752,8.564079820527562
0.05,8.405882703143688e-08,3.2943534425500087e-07,0.9164427745840766,0.3167027620000627,8.564079820527562
0.05,5.954466063005827e-08,3.2943534425500087e-07,0.9164427745840766,0.3167027620000627,6.619084185276289
0.05,5.954466063005827e-08,3.2943534425500087e-07,0.9164427745840766,0.41435383564283224,4.247481156493588
0.05,5.954466063005827e-08,3.2943534425500087e-07,2.2206909252331557,0.41435383564283224,5.292947742554693
0.05,5.954466063005827e-08,2.0534417961785475e-06,2.2206909252331557,0.41435383564283224,5.292947742554693
0.05,5.954466063005827e-08,2.0534417961785475e-06,2.2206909252331557,0.41435383564283224,5.292947742554693
0.05,9.034264673631861e-08,2.0534417961785475e-06,1.7465066832415928,0.41435383564283224,5.292947742554693
0.05,6.556424224929742e-08,2.0534417961785475e-06,1.7465066832415928,0.3829370461986434,5.292947742554693
0.05,6.556424224929742e-08,2.0534417961785475e-06,1.7465066832415928,0.3829370461986434,5.094099490808496
0.05,6.556424224929742e-08,2.0534417961785475e-06,1.7465066832415928,0.3829370461986434,1.0960086149841717
0.05,6.556424224929742e-08,7.974337151320455e-07,1.7465066832415928,0.340675715364962,9.33916721230515
0.05,6.556424224929742e-08,7.974337151320455e-07,0.9539038718521188,0.340675715364962,8.690563030249578
0.05,6.556424224929742e-08,7.974337151320455e-07,1.2837920785222658,0.19663201300438496,3.7899784317777363
0.05,6.556424224929742e-08,7.974337151320455e-07,1.2837920785222658,0.4211101551927397,3.7899784317777363
0.05,6.556424224929742e-08,4.82729789495725e-07,1.2837920785222658,0.4211101551927397,9.31303906684819
0.05,6.556424224929742e-08,4.82729789495725e-07,1.2837920785222658,0.5137474470433165,6.590383103621735
0.05,6.556424224929742e-08,4.82729789495725e-07,1.2837920785222658,0.5137474470433165,6.590383103621735
0.05,6.556424224929742e-08,4.82729789495725e-07,1.2837920785222658,0.4115432816166255,9.943596521067299
0.05,6.556424224929742e-08,4.82729789495725e-07,1.2837920785222658,0.4854491372389748,7.705743554607989
0.05,6.556424224929742e-08,4.82729789495725e-07,1.2837920785222658,0.4854491372389748,7.705743554607989
0.05,6.556424224929742e-08,4.82729789495725e-07,1.5931212484503645,0.1771861693369579,5.731511669843021
0.05,6.556424224929742e-08,1.007623583959797e-06,1.5931212484503645,0.2143339685521097,2.0967351153120104
0.05,5.495236691564955e-08,1.8316728353167882e-06,2.4660894873907386,0.2143339685521097,1.2595603102223936
0.05,5.495236691564955e-08,1.6292069142675187e-06,2.4660894873907386,0.2143339685521097,1.2595603102223936
0.05,6.983533288045036e-08,1.6292069142675187e-06,1.807939877008478,0.2143339685521097,1.2595603102223936
0.05,6.983533288045036e-08,1.6292069142675187e-06,1.807939877008478,0.17009991034073205,2.2581962229197825
0.05,7.055884148234103e-08,1.9742041720418027e-06,1.807939877008478,0.16550171907574476,2.2581962229197825
0.05,7.055884148234103e-08,1.9742041720418027e-06,1.807939877008478,0.1325602946387953,2.2581962229197825
0.05,7.055884148234103e-08,6.576746977442376e-07,1.807939877008478,0.1325602946387953,2.2581962229197825
0.05,7.055884148234103e-08,6.576746977442376e-07,1.2823143538044617,0.22975924782641927,2.2581962229197825
0.05,7.055884148234103e-08,1.0437574821871413e-06,1.520492470913859,0.22975924782641927,2.2581962229197825
0.05,7.055884148234103e-08,2.393397517770102e-06,1.504406083358211,0.22975924782641927,2.2581962229197825
0.05,7.055884148234103e-08,2.393397517770102e-06,1.509840399425089,0.22975924782641927,2.2581962229197825
0.05,4.113770925343263e-08,2.393397517770102e-06,1.509840399425089,0.22975924782641927,2.2581962229197825
0.05,4.113770925343263e-08,7.721760487979782e-06,1.509840399425089,0.21933715970619852,2.2581962229197825
0.05,4.0629031985174835e-08,7.721760487979782e-06,1.509840399425089,0.14394563209545666,2.2581962229197825
0.05,5.748482842116893e-08,3.116954782466324e-06,1.0209656803878042,0.14394563209545666,3.1185696529812152
0.05,7.168998437906304e-08,2.9239523360759176e-06,2.0121560980836564,0.14394563209545666,3.1185696529812152
0.05,7.168998437906304e-08,2.9239523360759176e-06,2.0121560980836564,0.14394563209545666,0.4705631822713719
0.05,7.168998437906304e-08,2.9239523360759176e-06,2.0121560980836564,0.01988812338188208,0.9818436451745696
0.05,7.168998437906304e-08,2.9239523360759176e-06,1.5272416963598126,0.007798609735061445,0.9818436451745696
0.05,6.053544081222418e-08,2.9239523360759176e-06,1.5272416963598126,0.0023469226284903847,1.6638406658204417
0.05,6.053544081222418e-08,2.9239523360759176e-06,1.5272416963598126,0.006068034132524258,1.6638406658204417
0.05,6.053544081222418e-08,2.9239523360759176e-06,1.5272416963598126,0.0026895925364612337,0.35289882705100195
0.05,6.053544081222418e-08,2.9239523360759176e-06,1.5272416963598126,0.006528996876166363,0.35289882705100195
0.05,6.691857682725368e-08,4.918696747706943e-06,1.5272416963598126,0.03785987580706811,0.35289882705100195
0.05,6.691857682725368e-08,4.918696747706943e-06,1.5272416963598126,0.1856718826703263,1.0648124894450925
0.05,6.691857682725368e-08,4.702632766472567e-07,1.5272416963598126,0.4455270591337825,1.0648124894450925
0.05,6.691857682725368e-08,4.702632766472567e-07,2.3269148003299387,0.11510845580293304,1.0648124894450925
0.05,6.691857682725368e-08,1.0919117640813023e-07,1.967191530851752,0.15625691433443556,1.0648124894450925
0.05,6.691857682725368e-08,4.821868235231792e-06,2.30237971799128,0.15625691433443556,1.0648124894450925
0.05,6.691857682725368e-08,4.821868235231792e-06,2.30237971799128,0.15625691433443556,1.0648124894450925
0.05,6.533474615187948e-08,1.3330582137981671e-06,2.30237971799128,0.15625691433443556,1.0648124894450925
0.05,6.533474615187948e-08,3.0193938371853027e-06,2.30237971799128,0.332419795250623,1.0648124894450925
0.05,6.533474615187948e-08,3.0193938371853027e-06,2.30237971799128,0.2784047666881595,1.0648124894450925
0.05,6.533474615187948e-08,3.0193938371853027e-06,2.30237971799128,0.2784047666881595,6.3720967503561345
0.05,6.533474615187948e-08,3.0193938371853027e-06,1.829007936239519,0.2784047666881595,6.3720967503561345
0.05,6.533474615187948e-08,4.358483318696608e-06,1.829007936239519,0.2784047666881595,6.3720967503561345
0.05,6.533474615187948e-08,4.358483318696608e-06,1.829007936239519,0.47776279160786084,1.8331905218383084
0.05,5.241438381888763e-08,4.358483318696608e-06,1.829007936239519,0.3878181919524513,1.8331905218383084
0.05,5.241438381888763e-08,3.880463733274037e-06,1.829007936239519,0.3878181919524513,1.8331905218383084
0.05,5.241438381888763e-08,3.2358602974202076e-07,1.829007936239519,0.3878181919524513,1.8331905218383084
0.05,5.241438381888763e-08,7.019976949679164e-08,1.829007936239519,0.27666318130555023,1.8331905218383084
0.05,5.241438381888763e-08,2.852503413964416e-06,2.337120263562034,0.27666318130555023,1.8331905218383084
0.05,5.241438381888763e-08,2.852503413964416e-06,2.337120263562034,0.27666318130555023,1.8331905218383084
0.05,5.97349229568325e-08,1.8499496151603202e-06,2.337120263562034,0.27666318130555023,0.9149863430151879
0.05,5.97349229568325e-08,2.439242915925447e-06,2.337120263562034,0.27666318130555023,0.9149863430151879
0.05,5.97349229568325e-08,1.5404876502179043e-06,2.337120263562034,0.27666318130555023,0.9149863430151879
0.05,5.97349229568325e-08,4.814329406364084e-06,2.337120263562034,0.27666318130555023,0.9149863430151879
0.05,5.97349229568325e-08,5.721208058715036e-06,2.337120263562034,0.18275099574168574,0.9149863430151879
0.05,5.97349229568325e-08,5.10152836295526e-06,2.337120263562034,0.18275099574168574,0.9149863430151879
0.05,5.97349229568325e-08,2.490893886690387e-06,2.337120263562034,0.18275099574168574,0.9149863430151879
0.05,5.659515710384336e-08,2.490893886690387e-06,2.337120263562034,0.18275099574168574,0.9149863430151879
0.05,5.659515710384336e-08,2.490893886690387e-06,2.337120263562034,0.18275099574168574,0.9149863430151879
0.05,5.3530873295880044e-08,2.490893886690387e-06,2.337120263562034,0.2509823198854593,0.46756391399824854
0.05,5.0894950095573114e-08,2.490893886690387e-06,2.337120263562034,0.2509823198854593,0.46756391399824854
0.05,5.0894950095573114e-08,2.490893886690387e-06,2.337120263562034,0.40118838202172874,0.46756391399824854
0.05,5.0894950095573114e-08,2.490893886690387e-06,2.337120263562034,0.3835832112094192,1.8041045027117772
0.05,5.0894950095573114e-08,3.4392326266988433e-06,2.337120263562034,0.3835832112094192,1.8041045027117772
0.05,5.761768291540132e-08,4.640272099589727e-06,2.337120263562034,0.11129858138688785,1.8041045027117772
0.05,7.386688150900523e-08,4.640272099589727e-06,2.485889779946694,0.11129858138688785,1.9249972406555629
0.05,7.386688150900523e-08,4.640272099589727e-06,2.485889779946694,0.17677075717733284,1.0663342584934872
0.05,7.386688150900523e-08,2.667716483194919e-06,2.367055301207677,0.0765359867254395,0.9123677667190626
0.05,7.386688150900523e-08,2.667716483194919e-06,1.2686929745082298,0.0765359867254395,0.9123677667190626
0.05,7.386688150900523e-08,4.324122470024407e-06,1.2686929745082298,0.0765359867254395,0.9123677667190626
0.05,7.386688150900523e-08,3.771682626873033e-06,1.2686929745082298,0.16391188552230107,0.9123677667190626
0.05,7.386688150900523e-08,1.6540809477221612e-06,1.2686929745082298,0.36193538365166567,7.02092014550605
0.05,4.590687164742895e-08,1.6540809477221612e-06,1.1330850944591295,0.36193538365166567,7.02092014550605
0.05,5.53790340906688e-08,1.6540809477221612e-06,1.1330850944591295,0.3299372738604769,7.02092014550605
0.05,5.53790340906688e-08,1.6540809477221612e-06,1.1330850944591295,0.49098628831552465,7.02092014550605
0.05,5.53790340906688e-08,2.644243525925214e-07,2.168446022027716,0.49098628831552465,7.02092014550605
0.05,5.53790340906688e-08,7.132646098319971e-07,2.168446022027716,0.49098628831552465,4.986318164284236
0.05,5.075758014503673e-08,4.438280960899125e-06,2.701188826261474,0.4059851054723168,1.6599053654809404
0.05,5.075758014503673e-08,4.438280960899125e-06,2.701188826261474,0.4059851054723168,3.2641077706228105
0.05,5.075758014503673e-08,4.438280960899125e-06,2.2397897197416916,0.4059851054723168,3.2641077706228105
0.05,5.075758014503673e-08,6.595339627324023e-07,2.2397897197416916,0.4059851054723168,4.057243562616865
0.05,5.075758014503673e-08,6.595339627324023e-07,2.2397897197416916,0.4059851054723168,4.057243562616865
0.05,5.075758014503673e-08,6.595339627324023e-07,2.2397897197416916,0.4059851054723168,2.3006045162094475
0.05,5.075758014503673e-08,5.608717913887194e-07,2.2397897197416916,0.4059851054723168,2.3006045162094475
0.05,5.075758014503673e-08,2.43145265940331e-07,2.2397897197416916,0.21727636496958203,2.3006045162094475
0.05,5.075758014503673e-08,4.824159069646249e-07,2.2397897197416916,0.21727636496958203,2.3006045162094475
0.05,5.075758014503673e-08,4.824159069646249e-07,2.793964942350973,0.21727636496958203,0.4407345232018633
0.05,5.075758014503673e-08,2.5651559001520565e-06,2.793964942350973,0.21727636496958203,0.4407345232018633
0.05,5.075758014503673e-08,2.5651559001520565e-06,3.9369545488231683,0.21727636496958203,0.4407345232018633
0.05,5.075758014503673e-08,2.5651559001520565e-06,2.5877098669823706,0.21727636496958203,1.6683838056572569
0.05,7.066195868291204e-08,2.233920230150916e-07,2.5877098669823706,0.23750042081075254,1.6683838056572569
0.05,7.066195868291204e-08,2.233920230150916e-07,2.5877098669823706,0.23750042081075254,1.6683838056572569
0.05,7.066195868291204e-08,2.233920230150916e-07,3.2455085322379773,0.23750042081075254,1.6683838056572569
0.05,6.039286287135795e-08,1.975788743738773e-06,2.2029627810248336,0.23750042081075254,1.6683838056572569
0.05,6.039286287135795e-08,1.975788743738773e-06,2.0375948803928705,0.2612615510797034,1.6683838056572569
0.05,6.039286287135795e-08,1.975788743738773e-06,2.0375948803928705,0.2612615510797034,2.304988394223832
0.05,6.406329918347273e-08,7.260998179477722e-07,2.0375948803928705,0.2612615510797034,6.028936658526055
0.05,6.5536380525524e-08,3.4752547336378205e-07,2.0375948803928705,0.3729181502020234,6.028936658526055
0.05,6.224536901173911e-08,3.4752547336378205e-07,2.0375948803928705,0.3729181502020234,6.028936658526055
0.05,6.224536901173911e-08,3.4752547336378205e-07,2.0375948803928705,0.3729181502020234,6.028936658526055
0.05,5.128842321626825e-08,3.48607911543441e-07,2.0375948803928705,0.3729181502020234,6.028936658526055
0.05,4.377780681111271e-08,1.671450431206261e-07,2.0375948803928705,0.45245770557882964,2.9254430026244345
0.05,4.377780681111271e-08,2.9835611477299293e-06,2.0375948803928705,0.14705539070782028,2.9254430026244345
0.05,4.377780681111271e-08,2.9835611477299293e-06,2.0375948803928705,0.14705539070782028,2.9254430026244345
0.05,8.272214031388267e-08,2.9835611477299293e-06,2.0375948803928705,0.20545772715226238,2.9254430026244345
0.05,8.272214031388267e-08,2.9835611477299293e-06,2.0375948803928705,0.2144398185110252,2.9254430026244345
0.05,6.3228584876172e-08,2.9835611477299293e-06,2.0375948803928705,0.2144398185110252,2.9254430026244345
0.05,6.3228584876172e-08,2.9835611477299293e-06,2.0375948803928705,0.4492914509651903,2.9254430026244345
0.05,6.3228584876172e-08,2.9835611477299293e-06,2.0375948803928705,0.4492914509651903,3.543839254575925
0.05,5.3264138808732265e-08,2.9835611477299293e-06,2.0375948803928705,0.3937640598350215,3.543839254575925
0.05,5.3264138808732265e-08,1.3628531697915542e-06,0.9373776205712043,0.3937640598350215,8.11328532562004
0.05,4.978477943193542e-08,1.3628531697915542e-06,1.1871424582152577,0.3937640598350215,8.11328532562004
0.05,4.978477943193542e-08,1.3628531697915542e-06,1.2575889312723623,0.4652460036487733,6.613413014891066
0.05,4.978477943193542e-08,1.9549722647551325e-06,2.2200049225027905,0.47039473393090053,8.241117955369287
0.05,6.63757040387607e-08,1.9549722647551325e-06,2.2200049225027905,0.47039473393090053,5.3602944341797745
0.05,6.63757040387607e-08,1.9549722647551325e-06,2.2200049225027905,0.2974267687975195,5.3602944341797745
0.05,6.63757040387607e-08,3.3912388192463216e-06,2.2200049225027905,0.2974267687975195,5.3602944341797745
0.05,4.8489114817709965e-08,3.3912388192463216e-06,2.2200049225027905,0.3607651500092478,5.3602944341797745
0.05,4.8489114817709965e-08,3.3912388192463216e-06,2.2200049225027905,0.3607651500092478,5.023952126447418
0.05,6.471210712389987e-08,6.968141789843619e-06,1.6237286043569163,0.15070977075146835,1.9882018918922224
0.05,4.779172967053163e-08,6.968141789843619e-06,1.6237286043569163,0.15070977075146835,2.4545068664559695
0.05,4.779172967053163e-08,4.810637849225662e-06,1.5050284408009096,0.1463698973103571,0.8501201700303798
0.05,5.057479060213485e-08,4.810637849225662e-06,1.5050284408009096,0.1463698973103571,3.9133135236593937
0.05,5.057479060213485e-08,4.28482263354475e-06,0.864945994091414,0.1463698973103571,3.9133135236593937
0.05,5.057479060213485e-08,1.290056600819448e-06,1.0333631742479072,0.2877965540549016,1.9965875280453835
0.05,4.982962550593945e-08,1.290056600819448e-06,1.0333631742479072,0.2877965540549016,8.940556753269437
0.05,4.982962550593945e-08,5.655874203455048e-06,0.9265428889891002,0.2877965540549016,4.859482844528281
0.05,4.982962550593945e-08,5.655874203455048e-06,0.9265428889891002,0.2877965540549016,4.859482844528281
0.05,4.982962550593945e-08,5.655874203455048e-06,0.9265428889891002,0.2704408727263121,3.7671886470640423
0.05,4.982962550593945e-08,8.151331584123574e-07,0.9265428889891002,0.2704408727263121,4.591691720678725
0.05,4.982962550593945e-08,3.096686906177276e-06,2.529669078046248,0.2704408727263121,6.793538557559772
0.05,5.3964529641433016e-08,3.096686906177276e-06,1.3112545678897811,0.2704408727263121,6.793538557559772
0.05,5.850199087100997e-08,3.096686906177276e-06,1.3112545678897811,0.3415739067796477,6.793538557559772
0.05,5.850199087100997e-08,3.096686906177276e-06,1.3112545678897811,0.16753630713757955,4.907714800376198
0.05,5.850199087100997e-08,3.096686906177276e-06,1.7535051128373902,0.16753630713757955,5.0922404661180725
0.05,5.850199087100997e-08,3.096686906177276e-06,1.4202437966886305,0.16753630713757955,4.474765167252163
0.05,5.850199087100997e-08,3.096686906177276e-06,1.5634685437454008,0.3804977633463463,4.474765167252163
0.05,5.850199087100997e-08,3.096686906177276e-06,1.5634685437454008,0.3804977633463463,4.474765167252163
0.05,5.20443067067486e-08,3.096686906177276e-06,1.3762423066665082,0.4948876667549611,8.776806377764002
0.05,5.20443067067486e-08,3.096686906177276e-06,1.3762423066665082,0.4948876667549611,8.776806377764002
0.05,7.512673933281476e-08,3.096686906177276e-06,1.2236596064409435,0.4948876667549611,5.203294792937284
0.05,8.360747892961828e-08,3.096686906177276e-06,2.1132721760599753,0.25586073259152137,5.203294792937284
0.05,7.626798587301349e-08,5.328757357426271e-06,1.2973136498125626,0.25586073259152137,5.203294792937284
0.05,7.626798587301349e-08,2.0904635226524027e-06,1.2973136498125626,0.25586073259152137,5.203294792937284
0.05,7.626798587301349e-08,2.0904635226524027e-06,1.3554587571589565,0.25586073259152137,6.438039056269545
0.05,7.626798587301349e-08,7.054481133048961e-07,0.9816487957395825,0.19416097478546432,6.438039056269545
0.05,7.626798587301349e-08,7.054481133048961e-07,1.4857513159219213,0.2326047367292791,6.438039056269545
0.05,4.032078159597589e-08,7.054481133048961e-07,1.167687014990713,0.2326047367292791,6.438039056269545
0.05,4.032078159597589e-08,7.135034176540569e-07,0.9027885672382542,0.2326047367292791,6.438039056269545
0.05,4.032078159597589e-08,4.625955006422209e-06,0.8270219806024964,0.2326047367292791,6.438039056269545
0.05,4.032078159597589e-08,1.0531373673647756e-05,0.8270219806024964,0.1894801505842911,6.438039056269545
0.05,4.032078159597589e-08,1.0531373673647756e-05,1.1503705024457827,0.1894801505842911,6.438039056269545
0.05,4.032078159597589e-08,1.0531373673647756e-05,1.1503705024457827,0.19254459608865643,4.3352888372738
0.05,4.032078159597589e-08,1.0531373673647756e-05,2.124710749554519,0.11827621481832501,4.3352888372738
0.05,4.221924454675603e-08,2.9544606542941212e-06,2.124710749554519,0.11827621481832501,4.3352888372738
0.05,4.221924454675603e-08,2.9544606542941212e-06,2.124710749554519,0.07503932372549574,2.35829350400716
0.05,4.221924454675603e-08,2.9544606542941212e-06,2.124710749554519,0.07503932372549574,2.35829350400716
0.05,8.874798116363291e-08,2.9544606542941212e-06,2.124710749554519,0.07503932372549574,0.4285313962650582
0.05,8.874798116363291e-08,2.9544606542941212e-06,2.124710749554519,0.10483611823652422,0.44141393365751047
0.05,3.9623343581810994e-08,2.9544606542941212e-06,2.124710749554519,0.10483611823652422,0.44141393365751047
0.05,4.2645123883115544e-08,2.9544606542941212e-06,3.515844606609804,0.17529910834698134,0.44141393365751047
0.05,4.2645123883115544e-08,2.9544606542941212e-06,2.2900832432219116,0.17529910834698134,0.1995530512790259
0.05,4.2645123883115544e-08,2.9544606542941212e-06,2.2900832432219116,0.1917562531437002,0.6939423707503694
0.05,4.2645123883115544e-08,9.381731195503556e-07,2.2900832432219116,0.1917562531437002,0.6939423707503694
0.05,4.2645123883115544e-08,9.381731195503556e-07,2.2900832432219116,0.14119850918782786,3.4881787037211676
0.05,4.2645123883115544e-08,9.381731195503556e-07,2.2900832432219116,0.14119850918782786,3.4881787037211676
0.05,6.379905692812696e-08,3.3700305143995483e-06,2.2900832432219116,0.14119850918782786,0.5335155305110079
0.05,6.379905692812696e-08,3.3700305143995483e-06,2.4829822317082835,0.14119850918782786,0.5335155305110079
0.05,6.379905692812696e-08,3.3700305143995483e-06,2.4829822317082835,0.2001965292310161,0.5335155305110079
0.05,4.301834684022013e-08,3.3700305143995483e-06,2.4829822317082835,0.3648009316888023,0.5335155305110079
0.05,4.301834684022013e-08,3.3700305143995483e-06,2.4829822317082835,0.3648009316888023,0.5088192142015328
0.05,4.301834684022013e-08,3.195163533852372e-06,2.4829822317082835,0.3648009316888023,2.431251221904487
0.05,4.301834684022013e-08,1.6655586826229004e-06,2.4829822317082835,0.3648009316888023,2.431251221904487
0.05,4.301834684022013e-08,3.204474865332306e-06,3.408532171813539,0.3648009316888023,2.431251221904487
0.05,4.301834684022013e-08,3.204474865332306e-06,3.408532171813539,0.4423156721060779,2.431251221904487
0.05,4.301834684022013e-08,3.204474865332306e-06,3.408532171813539,0.4423156721060779,2.431251221904487
0.05,4.301834684022013e-08,3.204474865332306e-06,2.895726392242854,0.4423156721060779,2.431251221904487
0.05,4.301834684022013e-08,3.204474865332306e-06,2.895726392242854,0.16509125197328403,1.5992275779639598
0.05,4.301834684022013e-08,3.204474865332306e-06,2.895726392242854,0.16509125197328403,1.5992275779639598
0.05,8.260077795588868e-08,3.204474865332306e-06,2.895726392242854,0.16509125197328403,1.5992275779639598
0.05,8.260077795588868e-08,5.595760692140285e-06,1.962569185133107,0.32081835825641103,1.5992275779639598
0.05,8.260077795588868e-08,4.107831402701606e-06,2.599430429334898,0.3212745118322437,2.947170550431703
0.05,8.260077795588868e-08,4.107831402701606e-06,2.68049234263232,0.3212745118322437,2.947170550431703
0.05,8.260077795588868e-08,8.774108503852072e-07,2.68049234263232,0.3212745118322437,3.5370912235667706
0.05,8.260077795588868e-08,5.588065775224624e-07,1.4919295580386924,0.3212745118322437,3.5370912235667706
0.05,8.260077795588868e-08,5.588065775224624e-07,1.5924810485332674,0.3212745118322437,3.5370912235667706
0.05,8.260077795588868e-08,1.160318632577119e-06,1.5924810485332674,0.574952878735474,7.862554893209593
0.05,8.260077795588868e-08,4.0248427308910266e-07,1.5924810485332674,0.41284505008601186,7.862554893209593
0.05,5.930554548815963e-08,7.945284973065661e-07,1.5924810485332674,0.5729409584223576,9.058924414827755
0.05,5.74037324903253e-08,1.0289949571238631e-06,1.5924810485332674,0.5729409584223576,9.058924414827755
0.05,5.74037324903253e-08,5.306786641562152e-07,1.5924810485332674,0.49062167598445255,9.067703311542383
0.05,5.74037324903253e-08,5.306786641562152e-07,1.5924810485332674,0.43551950119031874,9.067703311542383
0.05,5.3951557823252583e-08,5.306786641562152e-07,1.5924810485332674,0.43551950119031874,9.067703311542383
0.05,3.947949130141449e-08,5.306786641562152e-07,2.1814176712463555,0.43551950119031874,9.067703311542383
0.05,9.880003757346494e-08,5.306786641562152e-07,2.1814176712463555,0.43551950119031874,6.017398873444742
0.05,9.880003757346494e-08,1.700626277789179e-06,2.1837556214101856,0.26420136294096425,6.017398873444742
0.05,9.880003757346494e-08,7.85534520946049e-07,2.1837556214101856,0.26420136294096425,6.617877736503925
0.05,9.880003757346494e-08,7.85534520946049e-07,2.1837556214101856,0.26420136294096425,6.617877736503925
0.05,9.880003757346494e-08,7.85534520946049e-07,2.1837556214101856,0.21243859927225628,6.574999116870398
0.05,9.880003757346494e-08,7.85534520946049e-07,2.1837556214101856,0.21243859927225628,6.291879746255667
0.05,9.880003757346494e-08,7.85534520946049e-07,0.9435531029776323,0.21243859927225628,6.291879746255667
0.05,8.610922394327017e-08,6.179368051533834e-07,0.9435531029776323,0.35791009034665816,6.291879746255667
0.05,8.610922394327017e-08,6.179368051533834e-07,0.9435531029776323,0.35791009034665816,6.291879746255667
0.05,8.610922394327017e-08,6.179368051533834e-07,0.9435531029776323,0.35791009034665816,3.7935580524921173
0.05,8.610922394327017e-08,6.179368051533834e-07,0.9435531029776323,0.36068753191346536,8.233984461186598
0.05,8.610922394327017e-08,5.992483117802493e-07,2.1093972818445836,0.36068753191346536,8.233984461186598
0.05,8.610922394327017e-08,3.1129499886929563e-06,2.1093972818445836,0.36068753191346536,8.233984461186598
0.05,8.610922394327017e-08,3.1129499886929563e-06,2.1093972818445836,0.36068753191346536,8.233984461186598
0.05,5.6085334836692246e-08,2.3142518304713852e-07,2.1093972818445836,0.37545895294183185,8.233984461186598
0.05,5.6085334836692246e-08,2.719631730390914e-07,2.1093972818445836,0.37545895294183185,8.664749615758518
0.05,6.265862711927628e-08,3.3742816806332746e-07,1.4308350400917096,0.37545895294183185,8.133206390146524
0.05,6.265862711927628e-08,3.3742816806332746e-07,1.8572441788544314,0.47077163090385815,8.133206390146524
0.05,6.265862711927628e-08,3.95789332976186e-07,1.6474224360601573,0.3836609590024278,4.351984506774539
0.05,6.265862711927628e-08,3.95789332976186e-07,1.4144847018623452,0.3836609590024278,8.383785877955754
0.05,6.265862711927628e-08,5.473438631098537e-07,1.4144847018623452,0.3836609590024278,8.383785877955754
0.05,8.372373485551224e-08,5.473438631098537e-07,2.2043855321175494,0.3836609590024278,8.383785877955754
0.05,8.372373485551224e-08,5.473438631098537e-07,2.2623090700132695,0.3836609590024278,8.383785877955754
0.05,9.276976043271567e-08,5.473438631098537e-07,2.2623090700132695,0.5525117104528698,8.383785877955754
0.05,9.276976043271567e-08,5.963552759687593e-07,1.5354558995422267,0.4958553719836139,8.383785877955754
0.05,3.391065929638435e-08,5.963552759687593e-07,1.5354558995422267,0.4958553719836139,2.8820650084190857
0.05,3.391065929638435e-08,7.566308281063005e-06,1.5517450367916878,0.4958553719836139,2.8820650084190857
0.05,3.391065929638435e-08,7.566308281063005e-06,1.5517450367916878,0.4773732585652291,8.716458737688134
0.05,6.676727542451352e-08,7.566308281063005e-06,1.5517450367916878,0.4773732585652291,7.733116900784866
0.05,6.676727542451352e-08,1.0001722626204552e-07,1.720925091024881,0.31768911084741824,2.4851972746358877
0.05,8.745690525514647e-08,6.708759277061889e-07,1.720925091024881,0.31768911084741824,4.7422746876216575
0.05,8.745690525514647e-08,6.708759277061889e-07,1.720925091024881,0.31768911084741824,4.964544028307896
0.05,8.745690525514647e-08,4.941846038300186e-07,1.720925091024881,0.31768911084741824,4.964544028307896
0.05,8.745690525514647e-08,4.941846038300186e-07,1.218248443026637,0.31768911084741824,4.964544028307896
0.05,4.096045688413859e-08,4.0811467897475715e-07,1.9852212645945397,0.3552389636835771,4.964544028307896
0.05,4.632313047205516e-08,4.577063073539835e-07,1.7435904579810138,0.3552389636835771,5.8055720179829375
0.05,4.632313047205516e-08,3.454487780198755e-07,1.7435904579810138,0.3605800483474672,5.8055720179829375
0.05,7.868247634835033e-08,3.454487780198755e-07,1.7435904579810138,0.3605800483474672,5.8055720179829375
0.05,7.868247634835033e-08,3.454487780198755e-07,1.3437139595370196,0.3605800483474672,9.503958102731914
0.05,7.868247634835033e-08,5.797448677233144e-07,1.3437139595370196,0.3605800483474672,9.228943847179874
0.05,7.868247634835033e-08,5.797448677233144e-07,2.046570062046481,0.3605800483474672,6.3205699086742415
0.05,5.6806692562608715e-08,5.797448677233144e-07,1.571976965642842,0.3605800483474672,6.0599160758205395
0.05,7.723945602068975e-08,5.797448677233144e-07,1.571976965642842,0.3605800483474672,5.179555161917932
0.05,7.723945602068975e-08,5.797448677233144e-07,1.0316626593174263,0.44018002294171027,4.554517853653072
0.05,7.723945602068975e-08,5.797448677233144e-07,1.0102979495479418,0.44018002294171027,4.554517853653072
0.05,7.969527000264305e-08,3.518618468029425e-07,1.0102979495479418,0.44018002294171027,8.682103763712002
0.05,7.969527000264305e-08,3.518618468029425e-07,1.0102979495479418,0.2920802369556656,8.682103763712002
0.05,7.969527000264305e-08,3.518618468029425e-07,1.0102979495479418,0.2920802369556656,8.682103763712002
0.05,7.969527000264305e-08,3.518618468029425e-07,1.0102979495479418,0.2920802369556656,8.682103763712002
0.05,4.42164579443823e-08,3.518618468029425e-07,2.027367959591104,0.3715471213515489,8.682103763712002
0.05,4.4888066725859914e-08,3.062070448186956e-06,2.027367959591104,0.4625839418276493,8.682103763712002
0.05,4.4888066725859914e-08,3.062070448186956e-06,2.027367959591104,0.39468864118346125,8.682103763712002
0.05,5.1452302784426466e-08,5.0199605361050314e-06,2.027367959591104,0.39468864118346125,8.682103763712002
0.05,5.1452302784426466e-08,1.188727322594395e-07,1.3158313969159816,0.44073635562232266,8.682103763712002
0.05,5.1452302784426466e-08,3.079018727098785e-07,1.2029725025408906,0.45234720272977136,7.137642664254581
0.05,5.5179548900045063e-08,3.079018727098785e-07,1.2029725025408906,0.28780134092536813,7.137642664254581
0.05,7.061098439889901e-08,8.927631330873897e-07,1.2029725025408906,0.5187468655090928,4.515552229227529
0.05,7.061098439889901e-08,8.927631330873897e-07,1.2423494002833528,0.5187468655090928,4.803204283716303
0.05,7.061098439889901e-08,8.927631330873897e-07,1.469829905986235,0.3358180177002363,4.803204283716303
0.05,7.061098439889901e-08,1.643565638018509e-07,2.2103529352535194,0.33680874167734465,4.803204283716303
0.05,7.061098439889901e-08,2.2399556526506853e-07,2.2103529352535194,0.33680874167734465,4.803204283716303
0.05,7.061098439889901e-08,2.2399556526506853e-07,2.2103529352535194,0.33680874167734465,4.803204283716303
0.05,4.583841309265008e-08,2.2399556526506853e-07,2.2103529352535194,0.33680874167734465,3.1929344816200693
0.05,4.583841309265008e-08,2.2399556526506853e-07,2.2103529352535194,0.33680874167734465,3.1929344816200693
0.05,4.583841309265008e-08,2.2399556526506853e-07,2.2103529352535194,0.33680874167734465,7.870659040315546
0.05,4.583841309265008e-08,2.2399556526506853e-07,2.2103529352535194,0.33680874167734465,7.870659040315546
0.05,4.583841309265008e-08,2.2399556526506853e-07,1.8937042906538948,0.33680874167734465,4.286046386841324
0.05,5.421090379287347e-08,2.2399556526506853e-07,2.8739235722860332,0.33680874167734465,4.286046386841324
0.05,4.623118032480684e-08,2.2399556526506853e-07,2.5663191811035606,0.33680874167734465,4.286046386841324
0.05,4.623118032480684e-08,2.2399556526506853e-07,2.5663191811035606,0.33680874167734465,4.286046386841324
0.05,4.936981402715374e-08,2.2399556526506853e-07,2.0714730044562515,0.33680874167734465,1.28361064742043
0.05,4.936981402715374e-08,2.2399556526506853e-07,2.0714730044562515,0.33680874167734465,1.28361064742043
0.05,6.198735190309834e-08,2.2399556526506853e-07,2.2736295433325244,0.33680874167734465,5.535263895950512
0.05,6.198735190309834e-08,2.2399556526506853e-07,2.2736295433325244,0.33680874167734465,6.751736886309389
0.05,6.198735190309834e-08,2.2399556526506853e-07,1.607861710757439,0.33680874167734465,6.751736886309389
0.05,6.198735190309834e-08,2.2399556526506853e-07,1.607861710757439,0.4011413398763284,8.786255766910747
0.05,4.527565279688143e-08,2.1581949380995103e-07,1.607861710757439,0.4011413398763284,8.786255766910747
0.05,4.527565279688143e-08,2.1581949380995103e-07,1.784648133590746,0.4011413398763284,8.142888047563448
0.05,4.527565279688143e-08,2.1581949380995103e-07,1.6734103856673839,0.539552143572633,4.46282160255233
0.05,4.527565279688143e-08,1.7184496821036054e-06,1.6734103856673839,0.539552143572633,4.119876275878578
0.05,6.345836426137852e-08,6.274758967345426e-07,1.6734103856673839,0.539552143572633,4.119876275878578
0.05,4.6979896912948695e-08,6.274758967345426e-07,1.6734103856673839,0.539552143572633,4.119876275878578
0.05,4.6979896912948695e-08,6.274758967345426e-07,1.6703956726553417,0.539552143572633,7.1920361866038
0.05,5.7301618327599386e-08,1.308694116852231e-06,1.6703956726553417,0.539552143572633,7.73921236634177
0.05,5.7301618327599386e-08,9.043804273256387e-07,1.6703956726553417,0.7522556205031533,7.73921236634177
0.05,5.7301618327599386e-08,1.6663353131119677e-06,1.1626490413957837,0.14848742247531088,7.73921236634177
0.05,5.7301618327599386e-08,3.595434390939342e-06,1.602577291628845,0.14848742247531088,8.420420546391906
0.05,5.7301618327599386e-08,3.595434390939342e-06,2.812150365394706,0.14848742247531088,0.9021186983292483
0.05,8.110691340136229e-08,3.595434390939342e-06,1.5502104173830331,0.14848742247531088,0.9021186983292483
0.05,8.382533036233602e-08,3.595434390939342e-06,1.5502104173830331,0.14848742247531088,4.241040219898938
0.05,8.382533036233602e-08,2.1406126410669024e-06,1.8752511829202587,0.14848742247531088,4.241040219898938
0.05,8.382533036233602e-08,3.1584628129670725e-07,1.8752511829202587,0.205951978734728,4.241040219898938
0.05,8.382533036233602e-08,3.1584628129670725e-07,1.8752511829202587,0.5529668713714067,4.241040219898938
0.05,5.500242053632723e-08,1.7735280503978456e-06,1.8752511829202587,0.23654298604783994,3.5567890530017503
0.05,5.2259127088972204e-08,1.7735280503978456e-06,1.8752511829202587,0.31109632512736696,2.4318823748135903
0.05,8.24664344809238e-08,1.7735280503978456e-06,1.8752511829202587,0.31109632512736696,2.4318823748135903
0.05,8.24664344809238e-08,1.7735280503978456e-06,2.224725692883091,0.44301409730346586,4.676551917618777
0.05,8.24664344809238e-08,1.7735280503978456e-06,2.224725692883091,0.44301409730346586,8.40503012734397
0.05,8.24664344809238e-08,8.870064521741129e-07,2.224725692883091,0.44301409730346586,7.087019754937326
0.05,8.24664344809238e-08,2.4634890724365134e-07,2.224725692883091,0.6367857436196049,7.087019754937326
0.05,6.695543243594566e-08,2.4634890724365134e-07,2.224725692883091,0.4065373564714816,9.486784530455544
0.05,7.772525509894586e-08,2.4634890724365134e-07,2.224725692883091,0.4143583460936184,7.482553630611248
0.05,5.3637745840261324e-08,1.233412791010563e-06,1.379157863131387,0.4143583460936184,6.118135821700199
0.05,5.3637745840261324e-08,1.233412791010563e-06,1.379157863131387,0.3827979648402262,6.118135821700199
0.05,5.3637745840261324e-08,1.233412791010563e-06,1.379157863131387,0.3827979648402262,5.727318282486133
0.05,7.893428219652749e-08,6.212770053203051e-07,1.379157863131387,0.3827979648402262,5.727318282486133
0.05,7.893428219652749e-08,2.699619972933108e-06,1.379157863131387,0.3827979648402262,5.727318282486133
0.05,7.893428219652749e-08,2.699619972933108e-06,1.379157863131387,0.38122518232844854,5.727318282486133
0.05,7.893428219652749e-08,2.699619972933108e-06,1.379157863131387,0.38122518232844854,5.727318282486133
0.05,5.386844497621544e-08,6.037840809627324e-07,1.379157863131387,0.38122518232844854,6.357748334463471
0.05,7.991101070991499e-08,6.037840809627324e-07,1.379157863131387,0.630860265420772,6.357748334463471
0.05,7.991101070991499e-08,6.037840809627324e-07,1.379157863131387,0.630860265420772,6.357748334463471
0.05,6.519748849089112e-08,6.037840809627324e-07,1.379157863131387,0.630860265420772,6.357748334463471
0.05,6.396382667572271e-08,6.037840809627324e-07,1.379157863131387,0.630860265420772,6.357748334463471
0.05,6.396382667572271e-08,2.5134948537222888e-08,1.379157863131387,0.1509788266038004,6.357748334463471
0.05,6.720226074253563e-08,2.5134948537222888e-08,1.379157863131387,0.1509788266038004,6.326652301084077
0.05,6.720226074253563e-08,2.5173483465166068e-08,3.04362432494366,0.1105486620409282,1.9018965398982988
0.05,7.326539948123358e-08,9.684685087521454e-07,1.1343473964886777,0.11499371284760582,1.9018965398982988
0.05,7.326539948123358e-08,1.251877641875944e-06,1.1343473964886777,0.11499371284760582,1.9018965398982988
0.05,6.954100875122364e-08,1.251877641875944e-06,1.1343473964886777,0.07075447401199374,1.9018965398982988
0.05,6.954100875122364e-08,1.251877641875944e-06,1.1343473964886777,0.32971694872250956,1.9018965398982988
0.05,4.21485784732606e-08,1.0131111696379611e-06,2.8693254053693056,0.32971694872250956,1.9018965398982988
0.05,4.21485784732606e-08,1.6578788969068952e-06,1.7631988702579702,0.32971694872250956,1.9018965398982988
0.05,4.21485784732606e-08,1.6578788969068952e-06,1.5566096725191527,0.32971694872250956,8.60154548394771
0.05,4.21485784732606e-08,1.6578788969068952e-06,1.5566096725191527,0.32971694872250956,2.3742541772602412
0.05,4.21485784732606e-08,1.6578788969068952e-06,2.2226585812116513,0.32971694872250956,3.974066287003537
0.05,4.21485784732606e-08,1.6578788969068952e-06,2.2226585812116513,0.489200786262048,3.974066287003537
0.05,4.21485784732606e-08,3.5579631406699363e-06,1.8275790411793522,0.489200786262048,8.168556621990529
0.05,4.21485784732606e-08,5.431574328414209e-07,1.8275790411793522,0.489200786262048,8.168556621990529
0.05,4.21485784732606e-08,5.431574328414209e-07,1.8275790411793522,0.5130677595561383,8.168556621990529
0.05,4.21485784732606e-08,1.3699720052401597e-06,1.6820355866763936,0.5130677595561383,8.168556621990529
0.05,5.6360551376559134e-08,1.3699720052401597e-06,1.6820355866763936,0.33425294867919064,8.168556621990529
0.05,5.6360551376559134e-08,1.1017287007598776e-06,1.6820355866763936,0.33425294867919064,8.168556621990529
0.05,5.6360551376559134e-08,4.7286031108063106e-07,1.6820355866763936,0.39913780342382216,6.948543250474165
0.05,5.6360551376559134e-08,4.7286031108063106e-07,1.6820355866763936,0.10459331440554676,6.948543250474165
0.05,5.6360551376559134e-08,7.545975356924133e-06,0.8568581555013611,0.10459331440554676,6.237960616053043
0.05,8.80846556120642e-08,8.4796842881031e-07,1.1114151297962203,0.10459331440554676,3.1607320727370025
0.05,8.80846556120642e-08,5.701838904330743e-07,1.1114151297962203,0.10459331440554676,3.1607320727370025
0.05,5.899950725426034e-08,5.701838904330743e-07,1.1114151297962203,0.10459331440554676,3.8958543729642097
0.05,5.899950725426034e-08,6.958956839915427e-07,1.1114151297962203,0.10459331440554676,3.8958543729642097
0.05,5.899950725426034e-08,6.958956839915427e-07,2.1577523899965017,0.08887530073671071,3.8958543729642097
0.05,5.899950725426034e-08,6.958956839915427e-07,2.1577523899965017,0.08887530073671071,3.8958543729642097
0.05,5.899950725426034e-08,6.958956839915427e-07,2.1577523899965017,0.12331509448020099,0.508288656265254
0.05,5.899950725426034e-08,2.1506211855783277e-06,2.7368587798543285,0.2314064509527903,0.508288656265254
0.05,5.899950725426034e-08,2.1506211855783277e-06,2.7368587798543285,0.16948635076999136,0.508288656265254
0.05,5.899950725426034e-08,2.1506211855783277e-06,2.104220088999348,0.11458024253881938,0.508288656265254
0.05,4.110098937934656e-08,2.1506211855783277e-06,2.581555786144714,0.11458024253881938,0.2893647889568237
0.05,4.110098937934656e-08,2.1506211855783277e-06,2.581555786144714,0.11458024253881938,0.3064714501317791
0.05,4.110098937934656e-08,2.1506211855783277e-06,2.077747779199782,0.11458024253881938,0.3064714501317791
0.05,4.110098937934656e-08,9.535732909075114e-06,1.641591647904316,0.24180084788704412,3.5975613048988695
0.05,4.110098937934656e-08,9.535732909075114e-06,1.641591647904316,0.24180084788704412,3.5975613048988695
0.05,4.110098937934656e-08,1.0050337745084796e-05,1.641591647904316,0.24180084788704412,3.5975613048988695
0.05,4.110098937934656e-08,1.0050337745084796e-05,1.641591647904316,0.3762175076382274,3.5975613048988695
0.05,4.110098937934656e-08,1.0050337745084796e-05,1.641591647904316,0.3762175076382274,3.5975613048988695
0.05,4.110098937934656e-08,9.131449825864951e-07,1.641591647904316,0.3762175076382274,4.853607701928335
0.05,4.110098937934656e-08,9.131449825864951e-07,1.641591647904316,0.3762175076382274,4.853607701928335
0.05,4.110098937934656e-08,7.300317314209226e-06,2.203723168127806,0.3762175076382274,7.860341888589197
0.05,4.110098937934656e-08,6.456267654432159e-07,2.203723168127806,0.3762175076382274,5.210922271100516
0.05,4.110098937934656e-08,6.456267654432159e-07,2.203723168127806,0.3762175076382274,5.210922271100516
0.05,7.636043234759654e-08,6.456267654432159e-07,2.203723168127806,0.3762175076382274,5.210922271100516
0.05,4.396847072760153e-08,5.403845243238899e-07,2.203723168127806,0.3762175076382274,5.210922271100516
0.05,7.2559509955803e-08,5.403845243238899e-07,2.1402208296410654,0.3762175076382274,4.972822976506627
0.05,4.3632629634781e-08,5.403845243238899e-07,2.1402208296410654,0.3762175076382274,4.972822976506627
0.05,4.3632629634781e-08,5.403845243238899e-07,2.1402208296410654,0.3762175076382274,4.972822976506627
0.05,4.3632629634781e-08,5.403845243238899e-07,2.1402208296410654,0.32309747523549104,2.891364160968874
0.05,4.3632629634781e-08,5.403845243238899e-07,2.1402208296410654,0.32309747523549104,2.891364160968874
0.05,4.3632629634781e-08,5.403845243238899e-07,2.1402208296410654,0.32309747523549104,2.891364160968874
0.05,4.3632629634781e-08,5.403845243238899e-07,2.1402208296410654,0.32309747523549104,3.8239966378462613
0.05,7.08268400236275e-08,5.403845243238899e-07,2.1402208296410654,0.32309747523549104,3.8239966378462613
0.05,4.4898797015000565e-08,6.200297901975246e-07,1.354696850026923,0.32309747523549104,4.715790792419852
0.05,4.4898797015000565e-08,4.1817943371213364e-07,1.354696850026923,0.49368761284204626,7.026747596416087
0.05,4.4898797015000565e-08,4.1817943371213364e-07,1.2853311282250317,0.49368761284204626,7.026747596416087
0.05,4.4898797015000565e-08,5.697496544673979e-06,1.2853311282250317,0.41611438163424913,7.026747596416087
0.05,4.754217987411479e-08,1.3269902225245247e-07,1.2853311282250317,0.5993039417687457,7.026747596416087
0.05,4.754217987411479e-08,5.019674935624074e-07,1.2347286244460205,0.5993039417687457,7.026747596416087
0.05,4.476131714837998e-08,5.019674935624074e-07,1.5983160084029515,0.5993039417687457,7.026747596416087
0.05,4.476131714837998e-08,5.019674935624074e-07,1.5983160084029515,0.5993039417687457,9.759650954815086
0.05,4.476131714837998e-08,5.261084056685441e-07,1.5983160084029515,0.588363267544942,9.610134088294144
0.05,8.695611618665366e-08,5.261084056685441e-07,2.584712519878665,0.588363267544942,6.186135603437447
0.05,8.695611618665366e-08,5.218999461227713e-07,1.2942535922368605,0.5253505530113427,6.186135603437447
0.05,5.901963777480781e-08,3.6872294990489235e-08,1.2942535922368605,0.511598411193798,6.186135603437447
0.05,7.592380499776864e-08,9.843742980923738e-07,1.2942535922368605,0.40013827145909625,6.186135603437447
0.05,7.592380499776864e-08,9.843742980923738e-07,1.2942535922368605,0.40013827145909625,6.186135603437447
0.05,7.592380499776864e-08,9.843742980923738e-07,1.239148026787191,0.40013827145909625,6.186135603437447
0.05,7.592380499776864e-08,9.843742980923738e-07,2.4043176465914833,0.40013827145909625,6.186135603437447
0.05,7.592380499776864e-08,9.843742980923738e-07,2.0868940081382066,0.40013827145909625,2.601849657434214
0.05,7.592380499776864e-08,9.843742980923738e-07,2.0868940081382066,0.40013827145909625,2.601849657434214
0.05,5.8309884721566344e-08,9.843742980923738e-07,2.0868940081382066,0.40013827145909625,2.601849657434214
0.05,5.8309884721566344e-08,9.34648513378662e-07,2.0868940081382066,0.4363755986573883,0.9823794244784732
0.05,5.8309884721566344e-08,2.2885962170088906e-06,2.0868940081382066,0.4363755986573883,2.116463347568146
0.05,5.8309884721566344e-08,2.1279923859036554e-06,1.9820020898025192,0.41140158248200237,2.116463347568146
0.05,5.8309884721566344e-08,2.1279923859036554e-06,0.8999068837253148,0.41140158248200237,7.214600008040312
0.05,5.8309884721566344e-08,2.1279923859036554e-06,0.8999068837253148,0.41140158248200237,7.214600008040312
0.05,6.0888251034888e-08,2.1279923859036554e-06,0.8999068837253148,0.6426732069515184,8.219744319541274
0.05,6.0888251034888e-08,9.484480962992995e-07,0.8999068837253148,0.4413828776734575,8.219744319541274
0.05,6.0888251034888e-08,2.0145325470284433e-06,0.8344739069054931,0.5976327102532694,8.219744319541274
0.05,6.0888251034888e-08,1.777344070047889e-06,0.8344739069054931,0.5976327102532694,8.219744319541274
0.05,6.841676902280561e-08,1.777344070047889e-06,1.6651366402565988,0.5204237140123329,8.219744319541274
0.05,6.841676902280561e-08,1.777344070047889e-06,1.7831285804876398,0.23631503096420944,6.153710490627942
0.05,6.140519307882536e-08,4.985582696114653e-06,1.7831285804876398,0.23631503096420944,1.2732308990785557
0.05,7.305087614155399e-08,4.985582696114653e-06,2.0474771344172455,0.18005359606317453,3.814865086972674
0.05,7.305087614155399e-08,4.985582696114653e-06,2.0474771344172455,0.18005359606317453,3.814865086972674
0.05,5.965675569729053e-08,4.985582696114653e-06,2.0474771344172455,0.18005359606317453,0.8298536022312804
0.05,5.965675569729053e-08,4.985582696114653e-06,2.1117202117175857,0.18005359606317453,0.8298536022312804
0.05,5.965675569729053e-08,5.469476205238322e-06,2.1117202117175857,0.18005359606317453,1.4199549297853922
0.05,5.965675569729053e-08,2.9212534255032877e-06,1.518373323404846,0.17991211040126415,2.551462046213539
0.05,5.965675569729053e-08,1.1773017047378038e-06,1.518373323404846,0.17991211040126415,2.551462046213539
0.05,5.965675569729053e-08,8.807566003180655e-07,1.518373323404846,0.17991211040126415,2.24909595338036
0.05,5.965675569729053e-08,7.374351136898571e-07,2.8452576651629196,0.17991211040126415,0.7207292205364562
0.05,5.965675569729053e-08,7.374351136898571e-07,1.6999078041788038,0.17991211040126415,2.3961930056015257
0.05,5.965675569729053e-08,2.0615702587862975e-06,2.4170644041215756,0.17991211040126415,2.3961930056015257
0.05,6.075963003074222e-08,7.456785561543862e-07,2.4170644041215756,0.17991211040126415,2.3961930056015257
0.05,6.075963003074222e-08,1.0808945569449007e-06,2.4170644041215756,0.07322656702921018,2.3961930056015257
0.05,8.632671303396853e-08,1.0808945569449007e-06,2.4170644041215756,0.5145326842497094,2.3961930056015257
0.05,8.632671303396853e-08,1.0808945569449007e-06,1.91187449083317,0.5145326842497094,1.3835473477738414
0.05,8.632671303396853e-08,1.0808945569449007e-06,1.9826786690516505,0.13681638691619738,1.3835473477738414
0.05,8.632671303396853e-08,1.5206526526828566e-07,1.9826786690516505,0.13681638691619738,3.2013982130567182
0.05,8.332889108818905e-08,1.5206526526828566e-07,1.9826786690516505,0.41317704043447095,0.7846220798075126
0.05,8.332889108818905e-08,1.5206526526828566e-07,1.9826786690516505,0.41317704043447095,0.7846220798075126
0.05,7.926922676341276e-08,1.5206526526828566e-07,1.9826786690516505,0.41317704043447095,6.207878728421986
0.05,7.926922676341276e-08,1.5206526526828566e-07,2.829010211914293,0.41317704043447095,6.902911247740622
0.05,7.926922676341276e-08,1.5206526526828566e-07,2.829010211914293,0.41317704043447095,6.749159835703474
0.05,7.926922676341276e-08,1.8421437142156433e-07,2.829010211914293,0.371218946299037,6.749159835703474
0.05,8.321667465832306e-08,3.3163361787027654e-07,2.829010211914293,0.371218946299037,6.4446837485081225
0.05,8.321667465832306e-08,3.3163361787027654e-07,2.829010211914293,0.371218946299037,6.4446837485081225
0.05,8.321667465832306e-08,3.3163361787027654e-07,2.829010211914293,0.371218946299037,2.2520608438524756
0.05,6.642099291972778e-08,3.3163361787027654e-07,2.829010211914293,0.371218946299037,2.2520608438524756
0.05,6.510146769410863e-08,3.3163361787027654e-07,3.064571272875445,0.2836044697712419,2.2520608438524756
0.05,6.510146769410863e-08,3.172658080705076e-08,1.7997327064378994,0.2836044697712419,3.125662358174716
0.05,6.510146769410863e-08,8.409366219130065e-08,1.7997327064378994,0.2836044697712419,3.125662358174716
0.05,7.81467585177223e-08,7.484148002625455e-06,1.7997327064378994,0.2836044697712419,3.125662358174716
0.05,7.81467585177223e-08,1.148216648364111e-06,1.7997327064378994,0.2836044697712419,3.125662358174716
0.05,3.929030213791735e-08,1.2171812269794277e-05,1.7997327064378994,0.16030297154562995,1.5224877824321208
0.05,3.929030213791735e-08,1.459890010404067e-05,2.33525953940049,0.2708214738325201,3.76389200061712
0.05,3.929030213791735e-08,1.459890010404067e-05,1.921717188446018,0.2708214738325201,3.837495499579763
0.05,3.929030213791735e-08,1.459890010404067e-05,1.921717188446018,0.09572722740065572,2.5004512132351895
0.05,6.424437509004834e-08,9.36860444801297e-06,1.921717188446018,0.09572722740065572,0.058510926989615714
0.05,6.424437509004834e-08,3.66378421891291e-06,1.921717188446018,0.161075930312887,0.048022128759634304
0.05,6.424437509004834e-08,3.66378421891291e-06,1.921717188446018,0.161075930312887,0.06361650916967816
0.05,6.424437509004834e-08,3.66378421891291e-06,1.751831378384545,0.161075930312887,2.9303001882428537
0.05,6.424437509004834e-08,5.544213021203076e-07,2.6858395863539646,0.24764860655804707,2.9303001882428537
0.05,6.424437509004834e-08,5.544213021203076e-07,2.6858395863539646,0.14017843518041712,3.3858739243049376
0.05,6.955709420412294e-08,2.6562943061314425e-07,2.8255599467313037,0.14017843518041712,3.3858739243049376
0.05,6.955709420412294e-08,2.1320041993924516e-08,2.8255599467313037,0.18923533358212252,1.4617755489198005
0.05,5.897079563027077e-08,2.1320041993924516e-08,2.8255599467313037,0.18923533358212252,1.4617755489198005
0.05,5.897079563027077e-08,8.180695806545327e-10,2.8255599467313037,0.18923533358212252,1.7303656504452436
0.05,5.897079563027077e-08,7.975730275592104e-08,2.8255599467313037,0.1258877590517827,0.11317102098912428
0.05,5.897079563027077e-08,7.975730275592104e-08,1.7687346770890504,0.10023285264136349,0.11317102098912428
0.05,1.0413814213875588e-07,7.490453113756632e-08,1.7687346770890504,0.06269245230646575,0.16977269642133366
0.05,6.537353530078138e-08,1.0894259893850198e-07,1.7687346770890504,0.06269245230646575,0.16977269642133366
0.05,6.537353530078138e-08,4.847652048081271e-07,1.7687346770890504,0.06269245230646575,0.5450038697737617
0.05,6.537353530078138e-08,1.9137990289697008e-06,2.1161135208833457,0.04982803110219089,0.5450038697737617
0.05,5.9051756646020495e-08,1.9137990289697008e-06,2.1161135208833457,0.23505070935143468,0.5450038697737617
0.05,5.9051756646020495e-08,8.467511006420903e-06,2.1161135208833457,0.23505070935143468,0.5450038697737617
0.05,5.9051756646020495e-08,8.467511006420903e-06,2.1161135208833457,0.13248764237519892,0.5450038697737617
0.05,5.9051756646020495e-08,4.6327563777150197e-07,2.1161135208833457,0.2685320024846741,0.5450038697737617
0.05,5.9051756646020495e-08,4.6327563777150197e-07,0.9653469658786175,0.2685320024846741,6.153518182230293
0.05,5.9051756646020495e-08,3.717375916569615e-07,0.9653469658786175,0.31522390657957244,6.153518182230293
0.05,5.9051756646020495e-08,3.717375916569615e-07,0.9653469658786175,0.15878740989630938,6.153518182230293
0.05,5.9051756646020495e-08,3.717375916569615e-07,0.9653469658786175,0.15878740989630938,6.153518182230293
0.05,5.9051756646020495e-08,3.021255494284493e-07,0.9653469658786175,0.15878740989630938,6.153518182230293
0.05,5.9051756646020495e-08,3.021255494284493e-07,0.9653469658786175,0.3814495286711856,6.153518182230293
0.05,5.9051756646020495e-08,2.58353313836185e-06,0.9653469658786175,0.3814495286711856,6.153518182230293
0.05,5.483566721811362e-08,3.4419673690703545e-06,1.3719006837135712,0.3814495286711856,6.153518182230293
0.05,5.404328121158018e-08,6.180771069921013e-07,1.3719006837135712,0.3814495286711856,6.153518182230293
0.05,6.209248421534181e-08,6.180771069921013e-07,1.3719006837135712,0.3814495286711856,8.472275508887506
0.05,6.209248421534181e-08,6.180771069921013e-07,1.761868212918696,0.3814495286711856,3.8918474563175733
0.05,6.209248421534181e-08,1.606225761388635e-06,3.0087440775017082,0.4451745422219163,3.8918474563175733
0.05,6.012939490475194e-08,1.606225761388635e-06,3.0087440775017082,0.4451745422219163,3.019769731423202
0.05,6.012939490475194e-08,4.367567200814944e-06,3.0087440775017082,0.4451745422219163,3.019769731423202
0.05,6.012939490475194e-08,4.782519334234539e-06,3.0087440775017082,0.24674896124412443,3.019769731423202
0.05,6.012939490475194e-08,4.782519334234539e-06,2.3296551397127763,0.24674896124412443,3.019769731423202
0.05,6.012939490475194e-08,4.782519334234539e-06,2.3296551397127763,0.24674896124412443,3.019769731423202
0.05,4.1747609119651214e-08,4.782519334234539e-06,2.09045008983959,0.24674896124412443,3.019769731423202
0.05,4.1747609119651214e-08,3.634354176831871e-06,2.8577744729758603,0.24674896124412443,3.019769731423202
0.05,8.308394875766011e-08,3.634354176831871e-06,2.8479409039867436,0.2589757395260765,2.7550677983400442
0.05,8.308394875766011e-08,4.655906110410205e-06,2.1479375010719934,0.2589757395260765,0.08923939386986479
0.05,8.308394875766011e-08,4.655906110410205e-06,2.1479375010719934,0.20092686148352698,0.09983103716633268
0.05,8.297468853658298e-08,4.655906110410205e-06,2.8194888608892965,0.20092686148352698,0.09983103716633268
0.05,4.206784361931267e-08,4.655906110410205e-06,2.8194888608892965,0.20092686148352698,1.1157258707120137
0.05,4.206784361931267e-08,4.655906110410205e-06,2.8194888608892965,0.20092686148352698,0.38173576818227967
0.05,4.206784361931267e-08,4.655906110410205e-06,2.8194888608892965,0.20092686148352698,0.38173576818227967
0.05,4.206784361931267e-08,7.70020759908659e-06,2.8194888608892965,0.20092686148352698,0.38173576818227967
0.05,4.4550859399130274e-08,1.34939958036891e-06,2.756521724082346,0.2514898916109464,2.199692897626637
0.05,4.4550859399130274e-08,6.983094408175668e-06,2.756521724082346,0.2514898916109464,2.199692897626637
0.05,4.4550859399130274e-08,1.830437883569286e-06,2.756521724082346,0.2514898916109464,3.372737974220295
0.05,4.4550859399130274e-08,2.2706894353554887e-06,2.756521724082346,0.2514898916109464,3.372737974220295
0.05,4.4550859399130274e-08,2.165598158205562e-06,2.756521724082346,0.31615669215488834,3.372737974220295
0.05,4.4550859399130274e-08,2.165598158205562e-06,2.756521724082346,0.31615669215488834,3.372737974220295
0.05,3.540032725587122e-08,2.165598158205562e-06,2.9710465632728846,0.24892131090011543,3.372737974220295
0.05,3.540032725587122e-08,2.165598158205562e-06,2.9710465632728846,0.27518501789850663,1.1330754780357737
0.05,3.540032725587122e-08,5.01578165985031e-06,2.9710465632728846,0.27518501789850663,1.1330754780357737
0.05,3.540032725587122e-08,5.01578165985031e-06,2.964425700522968,0.27518501789850663,1.1330754780357737
0.05,3.540032725587122e-08,5.736152833366268e-06,2.964425700522968,0.27518501789850663,1.1330754780357737
0.05,3.540032725587122e-08,5.736152833366268e-06,2.964425700522968,0.12721097870985876,1.738081469872347
0.05,3.540032725587122e-08,5.736152833366268e-06,2.964425700522968,0.12721097870985876,0.6820061639566254
0.05,3.6778972222880586e-08,5.736152833366268e-06,2.964425700522968,0.22712457810683692,0.6820061639566254
0.05,3.415665509554694e-08,5.736152833366268e-06,2.964425700522968,0.22712457810683692,0.16096939967917373
0.05,3.415665509554694e-08,5.329529051020358e-07,2.964425700522968,0.22712457810683692,0.16096939967917373
0.05,3.415665509554694e-08,5.329529051020358e-07,2.964425700522968,0.22712457810683692,0.591099715255342
0.05,3.415665509554694e-08,5.329529051020358e-07,2.964425700522968,0.22712457810683692,0.591099715255342
0.05,3.415665509554694e-08,4.3764937706866247e-07,2.964425700522968,0.22712457810683692,0.591099715255342
0.05,9.108094930838506e-08,2.7262601820192876e-06,2.964425700522968,0.22712457810683692,0.37805994951152744
0.05,5.1643792409133804e-08,5.399388935715553e-07,2.964425700522968,0.2518574679173377,0.468829735357163
0.05,6.974185509153469e-08,5.399388935715553e-07,1.8580880346079338,0.2518574679173377,0.468829735357163
0.05,6.138446094505215e-08,5.399388935715553e-07,1.8580880346079338,0.16725023979255488,0.468829735357163
0.05,6.138446094505215e-08,5.399388935715553e-07,1.7754071099626496,0.16725023979255488,0.468829735357163
0.05,6.138446094505215e-08,5.399388935715553e-07,1.9300508126274591,0.16725023979255488,0.1489524602475906
0.05,5.974088094161497e-08,5.399388935715553e-07,2.607410820330083,0.16725023979255488,1.4289381692700878
0.05,5.974088094161497e-08,5.399388935715553e-07,2.320130592530911,0.16725023979255488,1.4289381692700878
0.05,6.40780575247173e-08,2.838334672093113e-06,1.2719531929613737,0.12160681845958399,1.4289381692700878
0.05,6.135584813394386e-08,2.838334672093113e-06,2.698267704474297,0.07886439161914235,2.129948522987722
0.05,6.135584813394386e-08,3.899677115319861e-07,2.698267704474297,0.07886439161914235,2.129948522987722
0.05,4.6878607207673456e-08,3.899677115319861e-07,2.698267704474297,0.07886439161914235,2.129948522987722
0.05,4.2684374135354575e-08,3.899677115319861e-07,2.698267704474297,0.40396121912192473,2.129948522987722
0.05,4.2684374135354575e-08,3.899677115319861e-07,2.698267704474297,0.36130125530207696,2.129948522987722
0.05,6.59246728368496e-08,6.864839531531604e-06,2.698267704474297,0.17513854298122142,2.129948522987722
0.05,6.382035465494587e-08,6.864839531531604e-06,2.698267704474297,0.11999363193145951,0.41973950061023607
0.05,4.782357298774139e-08,6.864839531531604e-06,2.864633965983203,0.27608802826042267,0.034676665780694296
0.05,5.640975882301183e-08,6.864839531531604e-06,2.864633965983203,0.21313668987710818,0.006999568201908976
0.05,6.050450637260809e-08,6.864839531531604e-06,2.864633965983203,0.17420267598428713,0.022288706280869496
0.05,4.59772239710152e-08,8.613224411667621e-06,3.1631053486759413,0.17420267598428713,0.02728353300209523
0.05,5.883877369828656e-08,2.3115096681350032e-06,1.9499907834403842,0.17420267598428713,0.6263777096658312
0.05,5.883877369828656e-08,2.3115096681350032e-06,1.9499907834403842,0.14671505568791418,0.6263777096658312
0.05,7.228241950293834e-08,2.8696440157737846e-06,1.9499907834403842,0.15066922823630555,0.6263777096658312
0.05,3.850800749887779e-08,2.8696440157737846e-06,1.9499907834403842,0.15066922823630555,0.34090131008879176
0.05,3.850800749887779e-08,2.8696440157737846e-06,3.046997836381193,0.15066922823630555,1.7604504516003523
0.05,3.850800749887779e-08,2.8696440157737846e-06,1.4896526848300573,0.15066922823630555,1.7604504516003523
0.05,6.474533970748919e-08,2.8696440157737846e-06,1.4896526848300573,0.15066922823630555,1.7604504516003523
0.05,7.329340312300946e-08,1.3747653743653367e-05,3.19631172944038,0.17967961560602758,1.7604504516003523
0.05,7.329340312300946e-08,1.3747653743653367e-05,3.19631172944038,0.17967961560602758,0.01314053531783846
0.05,7.329340312300946e-08,1.3747653743653367e-05,3.19631172944038,0.17967961560602758,0.01314053531783846
0.05,7.329340312300946e-08,1.3747653743653367e-05,2.2275281682337496,0.17967961560602758,0.01314053531783846
0.05,7.329340312300946e-08,2.0695668057748867e-06,2.982447718837908,0.17967961560602758,0.1530430127063907
0.05,6.669881503272592e-08,2.0695668057748867e-06,2.982447718837908,0.17967961560602758,0.8594794681235336
0.05,6.669881503272592e-08,2.0695668057748867e-06,2.0153122570177864,0.17967961560602758,1.555683204924418
0.05,6.669881503272592e-08,2.0695668057748867e-06,2.0153122570177864,0.17967961560602758,1.555683204924418
0.05,6.669881503272592e-08,2.0695668057748867e-06,2.0153122570177864,0.17967961560602758,1.555683204924418
0.05,6.669881503272592e-08,2.0695668057748867e-06,2.0153122570177864,0.17967961560602758,1.0817099320353543
0.05,6.669881503272592e-08,2.0695668057748867e-06,2.0153122570177864,0.257052974935055,1.0817099320353543
0.05,6.025348923089305e-08,2.0695668057748867e-06,2.0153122570177864,0.257052974935055,0.2605127646043652
0.05,6.025348923089305e-08,2.0695668057748867e-06,1.7913739985548154,0.257052974935055,0.2605127646043652
0.05,6.025348923089305e-08,2.0695668057748867e-06,1.7913739985548154,0.257052974935055,0.2605127646043652
0.05,6.025348923089305e-08,2.0695668057748867e-06,1.7913739985548154,0.257052974935055,0.2605127646043652
0.05,5.482625325485806e-08,2.0695668057748867e-06,3.904621828577668,0.14125426250510165,0.2605127646043652
0.05,5.482625325485806e-08,2.0695668057748867e-06,3.904621828577668,0.14125426250510165,0.2605127646043652
0.05,5.482625325485806e-08,2.0695668057748867e-06,4.128635056880491,0.14125426250510165,0.2605127646043652
0.05,5.482625325485806e-08,1.7857065870568242e-06,2.7436017095020473,0.14125426250510165,0.2605127646043652
0.05,5.482625325485806e-08,1.7857065870568242e-06,2.7436017095020473,0.14125426250510165,0.2605127646043652
0.05,5.482625325485806e-08,1.7857065870568242e-06,2.7436017095020473,0.14125426250510165,0.2605127646043652
0.05,5.482625325485806e-08,1.7857065870568242e-06,2.7436017095020473,0.17440633013671225,0.2605127646043652
0.05,5.482625325485806e-08,3.4271953161476956e-07,2.7436017095020473,0.17440633013671225,0.19535654006830122
0.05,5.482625325485806e-08,3.4271953161476956e-07,2.7436017095020473,0.17440633013671225,0.2669760936010105
0.05,5.482625325485806e-08,1.3083868888057605e-06,2.7436017095020473,0.17440633013671225,2.4935179605821074
0.05,5.482625325485806e-08,1.3083868888057605e-06,2.633909957850106,0.17440633013671225,2.4935179605821074
0.05,5.482625325485806e-08,1.3083868888057605e-06,2.633909957850106,0.24830886454251597,2.4935179605821074
0.05,5.5878407849263026e-08,1.3083868888057605e-06,2.634675985450973,0.24830886454251597,2.4935179605821074
0.05,6.952536984594347e-08,1.3083868888057605e-06,2.634675985450973,0.19220136514769187,2.4935179605821074
0.05,6.952536984594347e-08,3.6448579151546377e-06,1.5468919021169318,0.061662303338762006,0.6827324014289584
0.05,6.952536984594347e-08,6.975912190725365e-07,1.5468919021169318,0.12663450194803297,0.6827324014289584
0.05,6.952536984594347e-08,6.975912190725365e-07,1.5468919021169318,0.12663450194803297,0.6827324014289584
0.05,6.952536984594347e-08,2.7041337619311437e-07,1.772638654658608,0.10732853509016634,0.6827324014289584
0.05,6.449361720705753e-08,5.513826722412064e-06,1.3271577450460168,0.10732853509016634,2.1313677112078846
0.05,6.449361720705753e-08,5.513826722412064e-06,1.3021845863319461,0.010655492015116196,0.3629076138958597
0.05,6.449361720705753e-08,5.513826722412064e-06,1.3021845863319461,0.057071322413896196,0.3629076138958597
0.05,5.831130917996621e-08,5.513826722412064e-06,1.3021845863319461,0.2387320123379457,1.438121548288873
0.05,9.601982043594862e-08,5.513826722412064e-06,1.587986177214797,0.2387320123379457,1.438121548288873
0.05,9.601982043594862e-08,5.513826722412064e-06,2.2826992732111617,0.2387320123379457,1.5605945237000964
0.05,4.01830125010344e-08,5.513826722412064e-06,1.806168603396097,0.2387320123379457,2.45748074123373
0.05,4.01830125010344e-08,5.513826722412064e-06,1.806168603396097,0.2387320123379457,2.45748074123373
0.05,8.7357221794834e-08,5.513826722412064e-06,1.806168603396097,0.2387320123379457,2.45748074123373
0.05,5.592279319844902e-08,1.7087099975040022e-07,1.806168603396097,0.2387320123379457,2.45748074123373
0.05,5.641225768839392e-08,1.3815814314040222e-07,1.6315972039742797,0.38161958795008355,2.8851758441451043
0.05,7.951126161701779e-08,1.3815814314040222e-07,1.6315972039742797,0.38161958795008355,7.676652337949027
0.05,6.769567813633371e-08,6.343557731548465e-07,1.6315972039742797,0.38161958795008355,6.432488688139159
0.05,6.769567813633371e-08,2.1666809725665862e-06,1.6315972039742797,0.3273384173677118,6.432488688139159
0.05,6.769567813633371e-08,2.1666809725665862e-06,1.6315972039742797,0.3273384173677118,6.432488688139159
0.05,8.058332219185514e-08,7.219337095316356e-07,1.6315972039742797,0.5275546518183069,8.18144613127817
0.05,8.058332219185514e-08,7.219337095316356e-07,1.6315972039742797,0.5275546518183069,8.18144613127817
0.05,8.058332219185514e-08,3.1977260339615676e-07,1.6315972039742797,0.4389454506603376,8.18144613127817
0.05,8.058332219185514e-08,3.1977260339615676e-07,1.6315972039742797,0.4389454506603376,8.18144613127817
0.05,8.058332219185514e-08,3.74816067214699e-07,1.6315972039742797,0.14437351120431444,4.37911841144947
0.05,8.058332219185514e-08,3.74816067214699e-07,1.6315972039742797,0.20144520522653195,7.381876040858022
0.05,6.100224505947844e-08,3.74816067214699e-07,1.6315972039742797,0.2057689690697277,7.381876040858022
0.05,6.100224505947844e-08,3.387103533556858e-06,1.6315972039742797,0.3941285782518967,7.381876040858022
0.05,6.100224505947844e-08,3.387103533556858e-06,1.6315972039742797,0.3074703736026541,7.381876040858022
0.05,6.100224505947844e-08,3.387103533556858e-06,1.6315972039742797,0.5134233212159508,7.381876040858022
0.05,6.100224505947844e-08,3.387103533556858e-06,1.6315972039742797,0.5260646560729972,7.381876040858022
0.05,6.100224505947844e-08,3.387103533556858e-06,1.095323790363092,0.19011701513381343,5.236467630824048
0.05,7.695216711544245e-08,3.387103533556858e-06,1.0198345474075783,0.19011701513381343,5.544616860656262
0.05,7.695216711544245e-08,3.387103533556858e-06,1.0198345474075783,0.3232722120469565,5.485357002227316
0.05,7.695216711544245e-08,3.387103533556858e-06,1.0198345474075783,0.21386171751759622,5.485357002227316
0.05,6.050076847304148e-08,2.5053786542414464e-06,2.9566884370000013,0.21386171751759622,5.485357002227316
0.05,6.050076847304148e-08,3.877136701952146e-06,2.9566884370000013,0.21386171751759622,3.205717627874938
0.05,6.056034392093798e-08,3.877136701952146e-06,2.9566884370000013,0.21386171751759622,0.2225500848272282
0.05,6.056034392093798e-08,3.877136701952146e-06,2.9566884370000013,0.21386171751759622,0.9956608710507782
0.05,7.256052705816851e-08,3.877136701952146e-06,2.9566884370000013,0.21386171751759622,0.9074721329554823
0.05,7.256052705816851e-08,2.5338893796946777e-06,2.9566884370000013,0.21386171751759622,0.9074721329554823
0.05,7.599143582313723e-08,2.5338893796946777e-06,2.9566884370000013,0.30437237844708737,1.3238380184579015
0.05,7.599143582313723e-08,2.5338893796946777e-06,1.7306475727484574,0.11697698086672191,0.2938440055304289
0.05,7.599143582313723e-08,2.3594877162278366e-07,1.7306475727484574,0.11697698086672191,0.2938440055304289
0.05,7.599143582313723e-08,1.0308621097360852e-06,2.4824083321211665,0.05740430645858079,1.626880108016894
0.05,7.599143582313723e-08,1.0308621097360852e-06,2.4824083321211665,0.006424830224671432,1.626880108016894
0.05,4.7528050533761964e-08,3.340523365018958e-06,2.4824083321211665,0.009740525383220379,1.626880108016894
0.05,4.7528050533761964e-08,3.340523365018958e-06,2.4824083321211665,0.009740525383220379,0.5643398739905234
0.05,5.148988403509396e-08,3.340523365018958e-06,2.4824083321211665,0.009740525383220379,0.5643398739905234
0.05,7.294075939405388e-08,3.340523365018958e-06,2.4824083321211665,0.1052652749238896,0.9782212978892812
0.05,7.294075939405388e-08,3.340523365018958e-06,1.730107855575139,0.1052652749238896,0.9782212978892812
0.05,7.294075939405388e-08,3.340523365018958e-06,1.730107855575139,0.1052652749238896,0.9782212978892812
0.05,7.294075939405388e-08,3.340523365018958e-06,1.730107855575139,0.2326339564274094,4.614126036045219
0.05,7.294075939405388e-08,3.340523365018958e-06,1.730107855575139,0.2326339564274094,4.614126036045219
0.05,7.294075939405388e-08,3.340523365018958e-06,1.730107855575139,0.2326339564274094,4.614126036045219
0.05,7.294075939405388e-08,3.340523365018958e-06,1.730107855575139,0.2326339564274094,4.614126036045219
0.05,5.700236149381252e-08,3.143073781315846e-06,1.703995609304887,0.3768459914184126,5.626690483424892
0.05,5.700236149381252e-08,3.143073781315846e-06,2.6689844743414524,0.3768459914184126,5.626690483424892
0.05,5.5497363674303716e-08,3.0339254887073007e-07,2.6689844743414524,0.4497482462132381,5.626690483424892
0.05,5.5497363674303716e-08,2.9112899985169317e-07,2.6689844743414524,0.4497482462132381,5.626690483424892
0.05,5.5497363674303716e-08,2.2521652540801275e-07,2.6689844743414524,0.35266708344133213,5.724619366279167
0.05,6.15814692502274e-08,2.2521652540801275e-07,2.6689844743414524,0.35266708344133213,0.5159597443424655
0.05,6.15814692502274e-08,2.2521652540801275e-07,2.330746178676619,0.35266708344133213,5.39001058875805
0.05,6.15814692502274e-08,2.2521652540801275e-07,2.330746178676619,0.35266708344133213,5.39001058875805
0.05,7.402806399484096e-08,2.2521652540801275e-07,0.9895126093920016,0.32069332539395734,5.39001058875805
0.05,7.402806399484096e-08,7.759515024009668e-07,0.9895126093920016,0.32069332539395734,9.483133129681532
0.05,7.402806399484096e-08,1.9350714097592188e-06,0.9167016606859367,0.32069332539395734,9.430509055764224
0.05,7.402806399484096e-08,1.9350714097592188e-06,0.9167016606859367,0.32069332539395734,7.504482512049783
0.05,7.402806399484096e-08,1.9350714097592188e-06,0.9167016606859367,0.5108143766984009,7.504482512049783
0.05,7.402806399484096e-08,1.9350714097592188e-06,0.9167016606859367,0.3496820328109799,8.669086195687882
0.05,5.89486009926858e-08,1.9350714097592188e-06,0.9167016606859367,0.3496820328109799,7.120760006344357
0.05,5.89486009926858e-08,1.9350714097592188e-06,1.4838470108593418,0.25934254645154875,7.120760006344357
0.05,5.89486009926858e-08,1.9350714097592188e-06,2.0314924456696697,0.2500024730194082,4.0341991562072765
0.05,4.9429286251916185e-08,1.9350714097592188e-06,2.0314924456696697,0.2500024730194082,4.0341991562072765
0.05,4.9429286251916185e-08,1.0346045120946607e-06,2.0314924456696697,0.2500024730194082,4.98476955526543
0.05,4.553747129956699e-08,4.541425661390726e-07,2.192105947127394,0.3939657615270904,4.98476955526543
0.05,6.774647100725225e-08,4.6328453208797907e-07,2.192105947127394,0.3939657615270904,4.98476955526543
0.05,6.774647100725225e-08,4.6328453208797907e-07,2.192105947127394,0.3939657615270904,4.98476955526543
0.05,6.774647100725225e-08,4.6328453208797907e-07,1.9058783159526622,0.3939657615270904,3.3234727120661542
0.05,6.774647100725225e-08,4.6328453208797907e-07,1.9058783159526622,0.3939657615270904,4.110088501695462
0.05,6.774647100725225e-08,7.879315772327841e-07,1.9058783159526622,0.37473146137833896,6.31777566614364
0.05,6.774647100725225e-08,7.879315772327841e-07,1.9058783159526622,0.37473146137833896,7.3433746819886325
0.05,6.774647100725225e-08,7.879315772327841e-07,1.9058783159526622,0.37473146137833896,7.3433746819886325
0.05,6.774647100725225e-08,7.879315772327841e-07,1.5584116943832242,0.37473146137833896,7.3433746819886325
0.05,4.396531717206886e-08,7.879315772327841e-07,1.5584116943832242,0.4288079818628629,7.3433746819886325
0.05,4.396531717206886e-08,7.879315772327841e-07,2.141907693169643,0.4288079818628629,6.009144247622348
0.05,4.396531717206886e-08,7.879315772327841e-07,1.577890750224506,0.4288079818628629,6.009144247622348
0.05,4.396531717206886e-08,7.879315772327841e-07,1.2760391713503163,0.4288079818628629,6.009144247622348
0.05,5.341037738860884e-08,2.2213456359042656e-06,1.2760391713503163,0.4288079818628629,6.009144247622348
0.05,5.341037738860884e-08,2.2213456359042656e-06,1.2760391713503163,0.22462792794809922,9.36754227584832
0.05,5.341037738860884e-08,2.2213456359042656e-06,1.2760391713503163,0.22462792794809922,8.329823789374618
0.05,5.341037738860884e-08,2.2213456359042656e-06,1.3757990473234312,0.37294720564037676,8.329823789374618
0.05,5.341037738860884e-08,2.2213456359042656e-06,1.3757990473234312,0.37294720564037676,8.329823789374618
0.05,5.341037738860884e-08,2.2213456359042656e-06,1.3757990473234312,0.37294720564037676,8.329823789374618
0.05,5.341037738860884e-08,2.2213456359042656e-06,1.3757990473234312,0.37294720564037676,8.329823789374618
0.05,5.341037738860884e-08,2.2213456359042656e-06,1.5325038448077142,0.37294720564037676,8.329823789374618
0.05,5.341037738860884e-08,2.2213456359042656e-06,2.0807938005823394,0.3192753689651127,5.94986652523159
0.05,5.341037738860884e-08,2.2213456359042656e-06,2.0807938005823394,0.3192753689651127,5.94986652523159
0.05,5.341037738860884e-08,2.2213456359042656e-06,2.0807938005823394,0.3192753689651127,5.94986652523159
0.05,5.341037738860884e-08,2.2213456359042656e-06,2.0807938005823394,0.35393939088782683,5.94986652523159
0.05,5.341037738860884e-08,7.124480716080029e-07,2.0807938005823394,0.35393939088782683,5.94986652523159
0.05,5.341037738860884e-08,7.124480716080029e-07,2.0807938005823394,0.35393939088782683,7.826932549083171
0.05,3.872784304972388e-08,7.124480716080029e-07,2.0807938005823394,0.35393939088782683,1.3647535000622808
0.05,6.16001816233179e-08,7.124480716080029e-07,2.0807938005823394,0.35393939088782683,1.3647535000622808
0.05,6.701490766096697e-08,4.6821293127548386e-06,2.0807938005823394,0.12439696298696105,1.3647535000622808
0.05,6.701490766096697e-08,1.8009706879785842e-06,2.0807938005823394,0.08546378230496132,0.9670303650698
0.05,6.701490766096697e-08,1.8009706879785842e-06,2.088632029292727,0.1158436925664717,1.9338605958245747
0.05,6.701490766096697e-08,1.8009706879785842e-06,2.5711508265602374,0.14653060471874715,1.9338605958245747
0.05,5.5747245169764234e-08,6.690987884699586e-07,2.699386998518496,0.1757015671728827,1.9338605958245747
0.05,6.755472836948642e-08,6.690987884699586e-07,2.699386998518496,0.1757015671728827,1.9338605958245747
0.05,6.755472836948642e-08,6.690987884699586e-07,1.4722944931455975,0.1757015671728827,2.271123207943745
0.05,6.755472836948642e-08,6.690987884699586e-07,1.4722944931455975,0.1103376455698135,1.017374155985632
0.05,6.755472836948642e-08,6.690987884699586e-07,1.4722944931455975,0.1103376455698135,1.017374155985632
0.05,6.659578585663369e-08,1.7010528477084207e-07,1.4722944931455975,0.15729627030345508,1.9127391756896648
0.05,6.659578585663369e-08,3.20383000992416e-06,1.3313663312010466,0.15729627030345508,1.8845197327171734
0.05,6.659578585663369e-08,3.009326908924417e-07,1.3313663312010466,0.15729627030345508,1.8845197327171734
0.05,6.659578585663369e-08,5.338406502157021e-07,1.3313663312010466,0.15729627030345508,1.8845197327171734
0.05,6.659578585663369e-08,1.7350443030196685e-06,1.3313663312010466,0.30515717047946733,0.9818775048218863
0.05,4.658864040367184e-08,1.7350443030196685e-06,1.3313663312010466,0.3963509879816967,8.910277535280835
0.05,4.658864040367184e-08,1.7350443030196685e-06,1.337232550241175,0.3963509879816967,8.910277535280835
0.05,4.658864040367184e-08,1.7350443030196685e-06,1.302496242220076,0.5243993516917116,4.273606669000107
0.05,4.7464494774821105e-08,1.7350443030196685e-06,1.302496242220076,0.5243993516917116,4.273606669000107
0.05,7.972980706717846e-08,1.7350443030196685e-06,1.302496242220076,0.5243993516917116,4.273606669000107
0.05,7.972980706717846e-08,5.431705636359406e-07,1.302496242220076,0.5243993516917116,5.00268903123359
0.05,7.972980706717846e-08,8.269070561611688e-07,1.302496242220076,0.26478773601698075,9.541762751593447
0.05,7.972980706717846e-08,8.269070561611688e-07,1.302496242220076,0.5798544260887966,9.541762751593447
0.05,7.955341916334741e-08,8.269070561611688e-07,1.4245096306403993,0.4273841882124681,9.541762751593447
0.05,7.955341916334741e-08,3.021158805921112e-07,1.4245096306403993,0.4273841882124681,9.541762751593447
0.05,8.303495675062754e-08,3.021158805921112e-07,1.4245096306403993,0.37421982663395065,9.541762751593447
0.05,8.303495675062754e-08,1.2397788972004169e-06,1.6087266979317472,0.37421982663395065,9.541762751593447
0.05,3.2898330687914156e-08,1.5604498000545762e-06,1.6087266979317472,0.47448761221259467,6.274400789328116
0.05,3.2898330687914156e-08,1.6115635060140346e-06,1.6087266979317472,0.47448761221259467,6.274400789328116
0.05,9.290386123405815e-08,3.910648068647922e-06,1.6087266979317472,0.47448761221259467,4.8025800919233355
0.05,9.290386123405815e-08,3.910648068647922e-06,1.6087266979317472,0.47448761221259467,4.8025800919233355
0.05,9.290386123405815e-08,6.518277355741259e-07,1.7713268698679727,0.47448761221259467,4.8025800919233355
0.05,5.471184516144096e-08,6.518277355741259e-07,1.7713268698679727,0.47448761221259467,4.8025800919233355
0.05,5.471184516144096e-08,6.518277355741259e-07,1.7713268698679727,0.3651669332396668,9.740087224209748
0.05,6.435375622565795e-08,6.518277355741259e-07,1.7713268698679727,0.3651669332396668,9.740087224209748
0.05,6.435375622565795e-08,6.518277355741259e-07,1.7713268698679727,0.39201157026621825,9.740087224209748
0.05,8.494224800742064e-08,2.2756753341385976e-06,0.5084783776929729,0.39201157026621825,8.797952611889068
0.05,8.494224800742064e-08,2.2756753341385976e-06,0.5084783776929729,0.39201157026621825,9.82481030604959
0.05,8.494224800742064e-08,2.2756753341385976e-06,0.5084783776929729,0.29015171347439733,9.82481030604959
0.05,6.867485496803376e-08,2.2756753341385976e-06,1.525267249018098,0.6623103931325879,9.82481030604959
0.05,6.867485496803376e-08,1.8559095842420171e-06,1.525267249018098,0.612059431274655,9.82481030604959
0.05,3.632769866433877e-08,1.8559095842420171e-06,1.0655790937146843,0.612059431274655,9.82481030604959
0.05,8.156574380266128e-08,1.8559095842420171e-06,1.025530820910527,0.612059431274655,9.253259005907152
0.05,5.205644777288671e-08,1.8559095842420171e-06,1.025530820910527,0.612059431274655,9.253259005907152
0.05,5.205644777288671e-08,1.8559095842420171e-06,1.025530820910527,0.612059431274655,9.253259005907152
0.05,6.079184005790223e-08,1.3716956697847159e-06,1.025530820910527,0.5317675456255486,9.253259005907152
0.05,6.079184005790223e-08,1.4287290669561767e-06,1.025530820910527,0.5317675456255486,9.253259005907152
0.05,6.079184005790223e-08,1.4287290669561767e-06,1.645637889183305,0.5317675456255486,6.482540146391912
0.05,6.079184005790223e-08,1.4287290669561767e-06,1.645637889183305,0.5317675456255486,7.935148179033645
0.05,4.547251939165384e-08,1.4287290669561767e-06,1.645637889183305,0.5014881036972747,7.935148179033645
0.05,4.547251939165384e-08,1.4287290669561767e-06,1.645637889183305,0.5014881036972747,7.935148179033645
0.05,4.547251939165384e-08,1.4287290669561767e-06,1.645637889183305,0.5014881036972747,7.935148179033645
0.05,4.547251939165384e-08,2.1566049362900664e-06,1.645637889183305,0.5014881036972747,6.342400046757842
0.05,4.547251939165384e-08,2.1566049362900664e-06,1.8251366522474766,0.30894168214314205,6.342400046757842
0.05,6.804690588879828e-08,2.1566049362900664e-06,1.8251366522474766,0.30894168214314205,2.7354185560300848
0.05,6.804690588879828e-08,2.1566049362900664e-06,1.8251366522474766,0.30894168214314205,2.746592549493921
0.05,6.804690588879828e-08,2.1566049362900664e-06,1.8251366522474766,0.22862879248496243,2.746592549493921
0.05,6.804690588879828e-08,2.1566049362900664e-06,1.8251366522474766,0.22862879248496243,2.746592549493921
0.05,6.804690588879828e-08,2.1566049362900664e-06,1.7293264137992383,0.22862879248496243,1.6526651272163324
0.05,6.804690588879828e-08,2.1566049362900664e-06,2.5010918909471918,0.17443101431268593,1.6526651272163324
0.05,8.060809371035109e-08,2.1566049362900664e-06,2.5010918909471918,0.17443101431268593,1.130899004481602
0.05,8.691659719569322e-08,2.1566049362900664e-06,2.5010918909471918,0.17443101431268593,1.130899004481602
0.05,8.691659719569322e-08,2.1566049362900664e-06,2.5010918909471918,0.2267068509618763,1.130899004481602
0.05,7.260589515991945e-08,2.1566049362900664e-06,2.5010918909471918,0.2267068509618763,0.8101308064133773
0.05,7.260589515991945e-08,2.1105721841239208e-07,2.5010918909471918,0.2267068509618763,0.8101308064133773
0.05,7.260589515991945e-08,3.995282698218148e-06,2.5010918909471918,0.30419581800585926,0.8101308064133773
0.05,7.441000622766602e-08,3.995282698218148e-06,2.5010918909471918,0.30419581800585926,1.3016928343819232
0.05,7.441000622766602e-08,3.995282698218148e-06,1.8940404959639559,0.30419581800585926,2.066916993565028
0.05,7.441000622766602e-08,3.995282698218148e-06,1.8940404959639559,0.35252320324232206,4.514103031889655
0.05,7.441000622766602e-08,4.0799984577720045e-07,1.811406867326818,0.3436032182146306,3.549540692917779
0.05,7.441000622766602e-08,4.0799984577720045e-07,1.7240101937180565,0.3436032182146306,3.549540692917779
0.05,7.441000622766602e-08,4.0799984577720045e-07,1.7240101937180565,0.3436032182146306,3.549540692917779
0.05,7.441000622766602e-08,3.718305469645334e-06,2.090755680730215,0.3436032182146306,3.549540692917779
0.05,7.441000622766602e-08,3.4369799881474614e-06,2.205422442489379,0.17388566981889575,3.549540692917779
0.05,7.441000622766602e-08,1.0967432143623505e-05,2.205422442489379,0.2443681367718198,0.2253910486932131
0.05,7.441000622766602e-08,2.9133111311686146e-06,2.205422442489379,0.2443681367718198,1.095461757839258
0.05,6.264034818279117e-08,2.9133111311686146e-06,2.205422442489379,0.2443681367718198,1.8960120342483375
0.05,7.286282793818505e-08,2.9133111311686146e-06,2.205422442489379,0.2618389186960071,1.8960120342483375
0.05,7.286282793818505e-08,2.9133111311686146e-06,2.1971909469400894,0.2618389186960071,3.1892812529965857
0.05,7.286282793818505e-08,2.9133111311686146e-06,2.1971909469400894,0.2413525482588587,3.1892812529965857
0.05,7.286282793818505e-08,1.0484601361778308e-06,2.1971909469400894,0.2413525482588587,2.9416540114606287
0.05,5.6797472950052e-08,1.0484601361778308e-06,2.1971909469400894,0.16850322426983974,2.9416540114606287
0.05,5.6797472950052e-08,1.0484601361778308e-06,2.1971909469400894,0.16850322426983974,1.9664960240005342
0.05,4.893694805798326e-08,6.069244586664474e-06,1.8416988366310503,0.16850322426983974,1.9664960240005342
0.05,4.893694805798326e-08,6.962935873795656e-06,2.675985141316689,0.226811173828379,1.8712175308236179
0.05,6.158265506793197e-08,6.962935873795656e-06,2.2119711854326205,0.21096585699030637,1.8712175308236179
0.05,6.158265506793197e-08,6.962935873795656e-06,2.2119711854326205,0.21096585699030637,1.8712175308236179
0.05,6.158265506793197e-08,2.04066304068159e-07,1.6625421672855807,0.3610435674844636,3.4167113527310757
0.05,6.779564162015423e-08,5.548996153468082e-06,1.6625421672855807,0.3610435674844636,3.4167113527310757
0.05,6.779564162015423e-08,1.5262986962600705e-06,1.6625421672855807,0.3610435674844636,3.8833052678779927
0.05,6.779564162015423e-08,1.5262986962600705e-06,1.6625421672855807,0.3610435674844636,4.020331138247023
0.05,6.779564162015423e-08,3.7260690652296706e-06,1.6625421672855807,0.3610435674844636,4.020331138247023
0.05,6.779564162015423e-08,5.113053827244038e-07,1.6625421672855807,0.18673405804720639,4.020331138247023
0.05,6.779564162015423e-08,2.8451621644860007e-06,1.6625421672855807,0.18673405804720639,2.2884234303709676
0.05,6.779564162015423e-08,2.8451621644860007e-06,1.6625421672855807,0.06787501824681642,2.2884234303709676
0.05,6.779564162015423e-08,2.8451621644860007e-06,1.8533122879318167,0.11652590707895856,1.8442738278501536
0.05,6.779564162015423e-08,2.8451621644860007e-06,1.5387165357421604,0.11808247353923458,1.8442738278501536
0.05,6.779564162015423e-08,3.4426491587571616e-07,1.5387165357421604,0.0853371687240483,1.8442738278501536
0.05,6.779564162015423e-08,4.595222319771793e-07,1.5387165357421604,0.0853371687240483,1.8442738278501536
0.05,6.779564162015423e-08,3.441406689679395e-06,1.5387165357421604,0.0853371687240483,2.6179490537126524
0.05,4.2818894856908717e-08,2.012835501526757e-06,2.3104211314060112,0.0853371687240483,0.958175884796893
0.05,9.309139141450935e-08,6.28179296108859e-06,2.3104211314060112,0.05418597242078271,0.958175884796893
0.05,9.309139141450935e-08,6.28179296108859e-06,2.3104211314060112,0.007439338061984973,0.9836740977295535
0.05,4.5917041157442444e-08,6.28179296108859e-06,2.3104211314060112,0.007439338061984973,0.9836740977295535
0.05,4.5917041157442444e-08,6.28179296108859e-06,2.3104211314060112,0.06707143244510694,0.9836740977295535
0.05,4.5917041157442444e-08,8.972696118752495e-06,1.66035870833099,0.06707143244510694,0.9836740977295535
0.05,4.5917041157442444e-08,8.972696118752495e-06,1.8278165427881177,0.06707143244510694,0.9836740977295535
0.05,6.684265504075315e-08,7.4744770516237865e-06,1.8278165427881177,0.06707143244510694,2.0623527972483173
0.05,6.684265504075315e-08,7.4744770516237865e-06,2.3016613537777992,0.34753372647643255,2.0623527972483173
0.05,6.684265504075315e-08,7.4744770516237865e-06,0.9399362451189807,0.34753372647643255,2.0623527972483173
0.05,3.4439891038117996e-08,1.017974142094595e-05,0.46782989871835073,0.34753372647643255,6.52963293877658
0.05,3.4439891038117996e-08,7.80512745835121e-07,1.2184953013515623,0.34753372647643255,5.452513662956157
0.05,4.4297151091755706e-08,7.80512745835121e-07,1.2184953013515623,0.34753372647643255,5.452513662956157
0.05,4.4297151091755706e-08,7.52050787730183e-06,2.0899723505422383,0.34753372647643255,5.68978728988354
0.05,4.4297151091755706e-08,7.52050787730183e-06,2.0899723505422383,0.33355030251754464,0.8816272596736272
0.05,5.088026029540921e-08,7.52050787730183e-06,2.0899723505422383,0.33355030251754464,4.221973910453277
0.05,4.860307875163434e-08,7.52050787730183e-06,2.0899723505422383,0.256106594340258,4.221973910453277
0.05,4.493803530179996e-08,7.52050787730183e-06,2.200903671871954,0.256106594340258,1.8296649456554113
0.05,5.026271559924163e-08,7.264176108881027e-06,2.904964303564986,0.256106594340258,0.9346779841212937
0.05,5.026271559924163e-08,7.264176108881027e-06,2.904964303564986,0.256106594340258,0.9346779841212937
0.05,5.026271559924163e-08,5.808587700535424e-06,2.904964303564986,0.22253991540682763,0.9346779841212937
0.05,5.026271559924163e-08,3.0973883440657804e-06,2.904964303564986,0.11369365463819497,0.9346779841212937
0.05,6.605724920019066e-08,3.0973883440657804e-06,1.623986418483577,0.11369365463819497,0.9346779841212937
0.05,5.852862054287468e-08,3.0973883440657804e-06,1.623986418483577,0.17696562975465133,0.9346779841212937
0.05,8.221968540315473e-08,3.0973883440657804e-06,1.623986418483577,0.22775474547169422,0.8416678842501067
0.05,7.802262276725236e-08,3.0973883440657804e-06,2.6336232980088985,0.22775474547169422,0.10907475907297424
0.05,7.802262276725236e-08,3.0973883440657804e-06,3.465153585846823,0.22775474547169422,0.3469944446068469
0.05,4.7645274931272063e-08,3.0973883440657804e-06,0.9640462687646973,0.22775474547169422,0.9464133907881146
0.05,4.7645274931272063e-08,3.2749500958840545e-06,0.9640462687646973,0.15562219914629968,9.027326765144597
0.05,4.7645274931272063e-08,3.2749500958840545e-06,0.9640462687646973,0.06669335076367573,9.055862206260738
0.05,4.7645274931272063e-08,3.5886853269138977e-06,0.9640462687646973,0.06669335076367573,9.055862206260738
0.05,4.7645274931272063e-08,3.5886853269138977e-06,0.9640462687646973,0.06669335076367573,9.055862206260738
0.05,4.7645274931272063e-08,3.5886853269138977e-06,0.8420297291643404,0.14256680375766656,9.055862206260738
0.05,4.7645274931272063e-08,7.990967727016944e-07,0.8420297291643404,0.6823430714080846,9.508892775671168
0.05,4.7645274931272063e-08,7.990967727016944e-07,0.8420297291643404,0.6823430714080846,6.388306238450166
0.05,5.3286805290197465e-08,7.990967727016944e-07,1.876707364808412,0.3138828472091655,6.388306238450166
0.05,5.3286805290197465e-08,7.990967727016944e-07,1.876707364808412,0.3138828472091655,6.388306238450166
0.05,5.3286805290197465e-08,7.990967727016944e-07,2.2429584042326187,0.3138828472091655,3.625916034193607
0.05,6.815164906523274e-08,7.990967727016944e-07,2.2429584042326187,0.3138828472091655,6.151410640789331
0.05,6.815164906523274e-08,7.990967727016944e-07,2.2429584042326187,0.3138828472091655,1.5711996549876641
0.05,6.815164906523274e-08,1.2388628612591127e-07,2.46519945977071,0.3138828472091655,1.5711996549876641
0.05,6.815164906523274e-08,1.2388628612591127e-07,2.2450553975019085,0.3138828472091655,2.0064564779332477
0.05,6.815164906523274e-08,1.456150097074218e-06,2.2450553975019085,0.3138828472091655,2.0064564779332477
0.05,6.815164906523274e-08,1.456150097074218e-06,2.2450553975019085,0.32169400516913954,1.9687924387662925
0.05,6.815164906523274e-08,1.456150097074218e-06,1.3094113071215672,0.27191415365969623,6.722422531623656
0.05,6.815164906523274e-08,1.456150097074218e-06,1.3094113071215672,0.27191415365969623,6.722422531623656
0.05,6.815164906523274e-08,1.456150097074218e-06,1.3094113071215672,0.27191415365969623,3.0527870143371985
0.05,6.815164906523274e-08,1.456150097074218e-06,1.3094113071215672,0.27191415365969623,3.909365797243361
0.05,6.815164906523274e-08,1.456150097074218e-06,1.3094113071215672,0.27191415365969623,4.236427027686466
0.05,6.815164906523274e-08,1.456150097074218e-06,1.3094113071215672,0.24984276462569058,4.236427027686466
0.05,6.815164906523274e-08,1.456150097074218e-06,1.202116291163655,0.2983032913856747,4.236427027686466
0.05,7.375850415176679e-08,1.456150097074218e-06,1.202116291163655,0.42185011824246615,4.236427027686466
0.05,6.815005402738494e-08,8.499583510749192e-07,1.202116291163655,0.16613590267000583,4.236427027686466
0.05,6.815005402738494e-08,2.1619614234453506e-06,1.5633192425796527,0.2184223727356346,3.3560552586388637
0.05,6.815005402738494e-08,4.053590289243147e-06,1.5633192425796527,0.2184223727356346,3.3560552586388637
0.05,6.815005402738494e-08,4.053590289243147e-06,1.7159736575907165,0.2184223727356346,3.7236755492452267
0.05,6.815005402738494e-08,4.053590289243147e-06,2.699555214897169,0.38890069917338893,3.7236755492452267
0.05,6.815005402738494e-08,4.053590289243147e-06,2.699555214897169,0.38890069917338893,3.7236755492452267
0.05,5.908390076209515e-08,4.053590289243147e-06,2.699555214897169,0.20799720024033036,3.7236755492452267
0.05,5.908390076209515e-08,1.94362267742143e-06,2.699555214897169,0.20799720024033036,3.7236755492452267
0.05,5.908390076209515e-08,2.3083346447359923e-06,2.699555214897169,0.22477717814315717,0.8124945956437932
0.05,6.372800091445297e-08,2.3083346447359923e-06,2.699555214897169,0.34230564695930593,0.8079095579386963
0.05,8.212480058186684e-08,2.3083346447359923e-06,2.699555214897169,0.29131539828177094,0.8079095579386963
0.05,8.212480058186684e-08,9.964807446661857e-09,2.699555214897169,0.29131539828177094,0.8079095579386963
0.05,8.212480058186684e-08,4.658906159297699e-09,2.699555214897169,0.29131539828177094,0.8079095579386963
0.05,8.212480058186684e-08,4.658906159297699e-09,2.3767900805739943,0.29131539828177094,0.8079095579386963
0.05,8.212480058186684e-08,1.6313531916027234e-08,2.3767900805739943,0.29131539828177094,5.7184140098281535
0.05,8.212480058186684e-08,7.276732851656352e-06,2.3767900805739943,0.41302457769906736,5.7184140098281535
0.05,8.217630406250367e-08,7.276732851656352e-06,2.3767900805739943,0.41302457769906736,5.7184140098281535
0.05,8.217630406250367e-08,7.276732851656352e-06,1.228807334104839,0.41302457769906736,5.7184140098281535
0.05,8.646955168182357e-08,1.3364370031088822e-06,1.228807334104839,0.23651553326522745,5.7184140098281535
0.05,8.646955168182357e-08,1.3364370031088822e-06,1.228807334104839,0.11135991179252246,4.051735010336839
0.05,7.067216384470224e-08,1.3364370031088822e-06,1.228807334104839,0.11135991179252246,4.051735010336839
0.05,7.067216384470224e-08,1.3364370031088822e-06,1.228807334104839,0.17106239197802928,4.051735010336839
0.05,7.067216384470224e-08,1.3364370031088822e-06,1.228807334104839,0.17106239197802928,4.051735010336839
0.05,7.319539327571788e-08,1.3364370031088822e-06,1.228807334104839,0.17106239197802928,4.051735010336839
0.05,7.319539327571788e-08,1.3364370031088822e-06,1.0782979181296726,0.17106239197802928,4.051735010336839
0.05,7.319539327571788e-08,1.3364370031088822e-06,0.8511990392980234,0.17106239197802928,4.051735010336839
0.05,7.965909235936945e-08,2.4943433192066355e-06,2.233206253158197,0.17106239197802928,4.051735010336839
0.05,7.965909235936945e-08,2.4943433192066355e-06,2.233206253158197,0.26001178643434103,3.757854818989438
0.05,6.007274341031498e-08,2.4943433192066355e-06,2.233206253158197,0.3603141437777106,3.757854818989438
0.05,6.007274341031498e-08,2.4943433192066355e-06,2.233206253158197,0.3603141437777106,2.321329634893055
0.05,6.007274341031498e-08,2.4943433192066355e-06,1.630054269325777,0.3603141437777106,2.321329634893055
0.05,6.007274341031498e-08,2.4943433192066355e-06,1.630054269325777,0.3603141437777106,2.321329634893055
0.05,6.007274341031498e-08,7.650758899960302e-07,1.630054269325777,0.3603141437777106,2.321329634893055
0.05,6.007274341031498e-08,7.650758899960302e-07,1.5147496622695147,0.3603141437777106,2.321329634893055
0.05,6.007274341031498e-08,7.650758899960302e-07,2.305750589249797,0.3603141437777106,4.97153734873068
0.05,6.007274341031498e-08,7.650758899960302e-07,2.305750589249797,0.3603141437777106,8.295219658875125
0.05,6.007274341031498e-08,7.650758899960302e-07,1.9245791593952997,0.3603141437777106,8.295219658875125
0.05,6.007274341031498e-08,7.650758899960302e-07,1.1387148956097222,0.5996438443758967,8.588558352246626
0.05,6.007274341031498e-08,7.650758899960302e-07,1.2292156952474906,0.6262016695349387,9.835396300667691
0.05,5.40957477252511e-08,7.650758899960302e-07,1.2467825340943994,0.6397659543768248,9.835396300667691
0.05,5.40957477252511e-08,7.650758899960302e-07,1.2467825340943994,0.6397659543768248,9.835396300667691
0.05,5.563515975934838e-08,7.650758899960302e-07,0.5131225247923134,0.6397659543768248,4.328392021520488
0.05,5.563515975934838e-08,7.650758899960302e-07,1.1825758830178927,0.6397659543768248,6.887580767697367
0.05,5.563515975934838e-08,7.650758899960302e-07,1.1825758830178927,0.6397659543768248,6.887580767697367
0.05,5.563515975934838e-08,7.650758899960302e-07,1.5277657073109148,0.6397659543768248,6.887580767697367
0.05,5.3557937598275106e-08,7.650758899960302e-07,1.5277657073109148,0.6397659543768248,6.887580767697367
0.05,5.3557937598275106e-08,5.097666963904674e-07,1.5277657073109148,0.6397659543768248,6.887580767697367
0.05,5.3270012056191885e-08,5.097666963904674e-07,1.5277657073109148,0.5296416911834895,5.787921399878505
0.05,6.163721068950179e-08,5.097666963904674e-07,2.2235121265485334,0.39153824790463676,6.565475208794317
0.05,6.163721068950179e-08,5.097666963904674e-07,1.5457059646521778,0.39153824790463676,2.5381640223932496
0.05,6.163721068950179e-08,5.097666963904674e-07,1.1469069544833863,0.4474877849452306,8.380661828386721
0.05,6.163721068950179e-08,5.097666963904674e-07,1.1469069544833863,0.4474877849452306,8.380661828386721
0.05,6.163721068950179e-08,7.883924092403307e-07,1.1469069544833863,0.4474877849452306,8.380661828386721
0.05,6.163721068950179e-08,7.883924092403307e-07,1.9695660245260949,0.5382731032188154,8.380661828386721
0.05,6.163721068950179e-08,2.6697302563165422e-06,1.9695660245260949,0.34778886315050356,9.087598303876907
0.05,3.887040898685268e-08,2.6697302563165422e-06,1.9695660245260949,0.34778886315050356,9.087598303876907
0.05,3.887040898685268e-08,1.3207689586835177e-06,2.0339925996228065,0.47134669156734016,9.148265040094042
0.05,3.887040898685268e-08,1.3207689586835177e-06,2.0339925996228065,0.47134669156734016,9.148265040094042
0.05,6.763464143335029e-08,1.3207689586835177e-06,1.1726919936509075,0.47134669156734016,8.929912843872845
0.05,7.526813632432615e-08,1.3207689586835177e-06,1.4620460938348154,0.47134669156734016,8.929912843872845
0.05,7.526813632432615e-08,1.0740711289169505e-06,1.4620460938348154,0.6662404231360495,8.929912843872845
0.05,7.004340508412595e-08,1.0740711289169505e-06,1.4620460938348154,0.6662404231360495,9.342588607327876
0.05,5.2175822608903676e-08,1.0740711289169505e-06,1.4620460938348154,0.4117680686436376,9.342588607327876
0.05,6.003000915889563e-08,1.0740711289169505e-06,1.503814522045316,0.4117680686436376,9.342588607327876
0.05,6.003000915889563e-08,6.309434722247604e-07,1.503814522045316,0.4117680686436376,9.342588607327876
0.05,6.003000915889563e-08,6.309434722247604e-07,1.503814522045316,0.31769352087734665,9.102784961617958
0.05,6.003000915889563e-08,6.309434722247604e-07,1.9937454458071797,0.29119277806366545,2.767251794799006
0.05,6.003000915889563e-08,6.309434722247604e-07,1.9937454458071797,0.29119277806366545,5.058283649116783
0.05,6.003000915889563e-08,5.169853913990301e-06,1.9937454458071797,0.15317693632462445,1.227950376136718
0.05,6.003000915889563e-08,7.714914938822955e-06,1.9937454458071797,0.15317693632462445,0.8638790293720467
0.05,7.967068454172734e-08,2.4324425867955934e-06,3.518554878627373,0.18984576200580203,0.8829519030893476
0.05,7.967068454172734e-08,2.4324425867955934e-06,3.934898720563215,0.18984576200580203,0.7651304661913572
0.05,7.967068454172734e-08,2.648497670334909e-06,1.6322806451389325,0.18984576200580203,0.6125871324774886
0.05,7.967068454172734e-08,2.648497670334909e-06,2.324282989938623,0.18984576200580203,0.6125871324774886
0.05,7.967068454172734e-08,2.648497670334909e-06,1.8382717346786857,0.18984576200580203,2.12085422211574
0.05,7.967068454172734e-08,2.648497670334909e-06,1.864357193317772,0.05361463883306074,2.12085422211574
0.05,9.545158438494504e-08,2.648497670334909e-06,1.864357193317772,0.05361463883306074,1.3570382753181263
0.05,7.74973777873942e-08,2.648497670334909e-06,1.864357193317772,0.009381317600001625,1.3570382753181263
0.05,7.74973777873942e-08,2.648497670334909e-06,1.864357193317772,0.09177142720064699,1.3570382753181263
0.05,3.7952409224478405e-08,5.047481168197998e-07,1.864357193317772,0.2295398441570242,1.3570382753181263
0.05,3.7952409224478405e-08,5.047481168197998e-07,1.864357193317772,0.2295398441570242,1.3570382753181263
0.05,3.7952409224478405e-08,5.047481168197998e-07,3.2976311456318337,0.20213223975776218,1.3570382753181263
0.05,3.7952409224478405e-08,3.0799609005415494e-06,1.878022377249643,0.20213223975776218,1.9597587991038914
0.05,3.7952409224478405e-08,3.0799609005415494e-06,1.9649808343410569,0.20213223975776218,1.9597587991038914
0.05,3.7952409224478405e-08,3.0799609005415494e-06,2.4594125975987016,0.20213223975776218,1.9597587991038914
0.05,4.7195136692388697e-08,3.0799609005415494e-06,2.4594125975987016,0.20213223975776218,1.9597587991038914
0.05,4.7195136692388697e-08,1.6327351236892732e-06,2.4594125975987016,0.39724772632173383,1.9597587991038914
0.05,4.7195136692388697e-08,1.6327351236892732e-06,2.4594125975987016,0.39724772632173383,1.9597587991038914
0.05,4.7195136692388697e-08,1.6327351236892732e-06,2.4594125975987016,0.347225927873441,4.000042910053683
0.05,7.007039843411446e-08,1.6327351236892732e-06,2.4594125975987016,0.347225927873441,4.000042910053683
0.05,4.2267967112518935e-08,4.740885153533179e-07,1.6373982161665226,0.20392409815976673,1.7208594182030175
0.05,6.44960023901473e-08,4.259191725769151e-07,1.6373982161665226,0.42716747392236537,1.7208594182030175
0.05,7.78251427668687e-08,2.376011537463193e-06,2.000810413114501,0.42780393966262054,1.7208594182030175
0.05,5.2717982338298894e-08,2.376011537463193e-06,2.000810413114501,0.3399753570951991,2.862769804079504
0.05,5.2717982338298894e-08,1.3970771019458721e-06,1.860895272303518,0.19410211166914426,2.862769804079504
0.05,6.18576299626633e-08,1.3970771019458721e-06,1.860895272303518,0.21615042315202532,2.862769804079504
0.05,5.611587394176171e-08,4.9380176412957195e-06,1.9257452337691343,0.17248542439916462,4.043522832334375
0.05,6.240352775070898e-08,4.9380176412957195e-06,1.8355625974912924,0.17248542439916462,4.043522832334375
0.05,6.240352775070898e-08,6.139408169522959e-06,1.8355625974912924,0.05523489823440056,4.043522832334375
0.05,6.240352775070898e-08,6.139408169522959e-06,1.8355625974912924,0.10397341313170178,4.043522832334375
0.05,5.8022084851507566e-08,6.139408169522959e-06,1.8355625974912924,0.37378985182252966,4.043522832334375
0.05,5.8022084851507566e-08,6.139408169522959e-06,1.8355625974912924,0.37378985182252966,5.798530325560528
0.05,5.8022084851507566e-08,6.139408169522959e-06,1.8355625974912924,0.37378985182252966,5.188239339882842
0.05,5.8022084851507566e-08,6.139408169522959e-06,2.014618094593536,0.36804765803995176,5.188239339882842
0.05,7.470721052767614e-08,1.352891632613273e-06,2.014618094593536,0.36804765803995176,2.530408927726244
0.05,7.470721052767614e-08,1.352891632613273e-06,2.4050892092270244,0.36804765803995176,1.919841869538027
0.05,7.470721052767614e-08,1.352891632613273e-06,2.4050892092270244,0.36804765803995176,5.811251440242538
0.05,7.470721052767614e-08,1.352891632613273e-06,2.4050892092270244,0.460163211733912,5.899840562137068
0.05,7.470721052767614e-08,1.352891632613273e-06,2.4050892092270244,0.460163211733912,5.899840562137068
0.05,7.470721052767614e-08,1.352891632613273e-06,2.4050892092270244,0.460163211733912,5.899840562137068
0.05,7.470721052767614e-08,1.4800558184540957e-06,2.4050892092270244,0.460163211733912,5.899840562137068
0.05,6.334107567334989e-08,8.533851002145847e-07,2.4050892092270244,0.460163211733912,5.899840562137068
0.05,6.334107567334989e-08,8.533851002145847e-07,2.4050892092270244,0.2709375059623534,4.991848420469982
0.05,6.698606214575134e-08,3.3934491038163224e-06,2.4050892092270244,0.2668024385903157,3.036633939578723
0.05,6.698606214575134e-08,3.3934491038163224e-06,2.4050892092270244,0.2668024385903157,1.7988642716576124
0.05,6.698606214575134e-08,3.3934491038163224e-06,2.4050892092270244,0.2668024385903157,1.7988642716576124
0.05,6.698606214575134e-08,3.3934491038163224e-06,2.4050892092270244,0.2668024385903157,1.7988642716576124
0.05,8.388248991961146e-08,3.3934491038163224e-06,2.4050892092270244,0.2668024385903157,1.7988642716576124
0.05,6.891535723628352e-08,3.1056729487628572e-06,2.0414078118707293,0.2668024385903157,1.7988642716576124
0.05,6.891535723628352e-08,3.5217338553322916e-06,2.0414078118707293,0.35472401974213963,4.2923273072647925
0.05,1.1174999850921557e-07,1.0058835681535424e-06,2.423369283611992,0.35472401974213963,4.295417809881286
0.05,1.1174999850921557e-07,1.0058835681535424e-06,2.4644771654756092,0.35472401974213963,4.295417809881286
0.05,3.929154689098842e-08,1.3248714963808808e-06,2.4644771654756092,0.35472401974213963,4.295417809881286
0.05,3.929154689098842e-08,1.3248714963808808e-06,2.4644771654756092,0.35472401974213963,4.295417809881286
0.05,3.929154689098842e-08,1.3248714963808808e-06,2.4644771654756092,0.35472401974213963,4.295417809881286
0.05,4.266562613414579e-08,1.3248714963808808e-06,2.4644771654756092,0.35472401974213963,4.295417809881286
0.05,5.970883378692529e-08,1.3248714963808808e-06,2.4644771654756092,0.35472401974213963,4.295417809881286
0.05,5.970883378692529e-08,1.3248714963808808e-06,2.4644771654756092,0.35472401974213963,1.1408906748119687
0.05,5.970883378692529e-08,1.3248714963808808e-06,2.4644771654756092,0.35472401974213963,1.1408906748119687
0.05,7.149241401693561e-08,1.3248714963808808e-06,2.4644771654756092,0.23033611028619827,0.3230264521156302
0.05,7.765821574855554e-08,1.3248714963808808e-06,2.585860315013793,0.19022374646826679,0.11193472350343396
0.05,7.765821574855554e-08,1.3248714963808808e-06,2.18633925550658,0.2058454280450311,0.1957766276830692
0.05,4.9816879603604016e-08,1.3248714963808808e-06,2.18633925550658,0.2058454280450311,0.09489683723744866
0.05,4.9816879603604016e-08,1.3248714963808808e-06,2.55935005632568,0.08024536580139979,0.09489683723744866
0.05,4.9816879603604016e-08,3.4716990346207886e-06,2.55935005632568,0.1277151349791961,0.3793707404541834
0.05,4.9816879603604016e-08,4.673426228543921e-06,2.55935005632568,0.1150219661885001,0.7731474448192039
0.05,4.9816879603604016e-08,9.755502711960959e-06,2.55935005632568,0.1150219661885001,1.7522025750592358
0.05,4.9816879603604016e-08,9.755502711960959e-06,2.55935005632568,0.23347128782537,0.191999912622049
0.05,7.170888316142141e-08,8.764304796155049e-07,2.55935005632568,0.23347128782537,0.21837530900256868
0.05,7.170888316142141e-08,8.764304796155049e-07,2.55935005632568,0.23347128782537,0.21837530900256868
0.05,5.612473585468776e-08,8.895862510321018e-07,2.55935005632568,0.23204987255988205,0.21837530900256868
0.05,5.612473585468776e-08,8.895862510321018e-07,2.541438594915355,0.23204987255988205,0.4605568469732924
0.05,5.612473585468776e-08,8.895862510321018e-07,2.541438594915355,0.23204987255988205,1.4001721472217632
0.05,5.612473585468776e-08,8.895862510321018e-07,2.541438594915355,0.23204987255988205,1.354186858224283
0.05,5.612473585468776e-08,8.895862510321018e-07,2.541438594915355,0.23204987255988205,0.7834773135415178
0.05,5.612473585468776e-08,8.895862510321018e-07,3.20782657227884,0.23204987255988205,0.7834773135415178
0.05,5.612473585468776e-08,8.895862510321018e-07,3.20782657227884,0.23204987255988205,0.7260723172108109
0.05,6.657961240670654e-08,8.895862510321018e-07,3.20782657227884,0.23204987255988205,0.2516987977428006
0.05,6.657961240670654e-08,8.895862510321018e-07,3.20782657227884,0.2643056435297461,0.2516987977428006
0.05,6.657961240670654e-08,8.895862510321018e-07,3.20782657227884,0.27339002296454645,0.2516987977428006
0.05,6.657961240670654e-08,7.842034719915946e-07,3.20782657227884,0.27339002296454645,0.2516987977428006
0.05,6.657961240670654e-08,7.842034719915946e-07,1.893070105082173,0.27339002296454645,0.10347848162968395
0.05,6.657961240670654e-08,7.842034719915946e-07,2.697964658205039,0.2638686853005273,1.1886572032173823
0.05,4.7890352317666916e-08,4.624002598573828e-06,2.697964658205039,0.2638686853005273,1.1886572032173823
0.05,4.7890352317666916e-08,4.624002598573828e-06,2.697964658205039,0.2638686853005273,1.1886572032173823
0.05,4.454276675315058e-08,4.624002598573828e-06,2.697964658205039,0.2638686853005273,1.1886572032173823
0.05,6.83621561902191e-08,4.624002598573828e-06,2.0055148543580534,0.1091752683616708,0.5473926278417738
0.05,6.83621561902191e-08,4.624002598573828e-06,2.0055148543580534,0.1896205161884857,0.3935336285793797
0.05,6.83621561902191e-08,1.4229983189242665e-06,2.2601668121696394,0.1896205161884857,0.3935336285793797
0.05,4.3684567650143045e-08,1.4229983189242665e-06,2.2601668121696394,0.1896205161884857,0.47761552923103273
0.05,4.3684567650143045e-08,1.4229983189242665e-06,1.2770106090986095,0.2340947863859138,0.7161391544007925
0.05,4.05851059488462e-08,3.7918772794612365e-06,2.302291710229764,0.2340947863859138,0.5898100450655166
0.05,4.05851059488462e-08,3.7918772794612365e-06,2.6976879841317998,0.2340947863859138,0.5898100450655166
0.05,4.05851059488462e-08,3.7918772794612365e-06,1.7466895291285691,0.2340947863859138,0.5898100450655166
0.05,4.05851059488462e-08,4.559575859409348e-06,1.7466895291285691,0.2340947863859138,4.40534767706314
0.05,4.05851059488462e-08,4.559575859409348e-06,2.1624210031240825,0.22298190538425214,4.40534767706314
0.05,4.05851059488462e-08,4.1973683106423957e-08,1.934921410088748,0.22298190538425214,2.388730780357114
0.05,4.05851059488462e-08,1.4638269134700082e-07,1.934921410088748,0.22298190538425214,2.388730780357114
0.05,4.05851059488462e-08,3.652217177199831e-07,1.934921410088748,0.22298190538425214,3.7149373185867947
0.05,4.05851059488462e-08,2.471473919792339e-07,1.4619196835534611,0.22298190538425214,3.7149373185867947
0.05,4.05851059488462e-08,2.471473919792339e-07,2.9474547555224424,0.22298190538425214,3.7149373185867947
0.05,4.05851059488462e-08,4.7167814077356737e-07,2.9474547555224424,0.22298190538425214,3.7149373185867947
0.05,4.05851059488462e-08,7.95701102291014e-06,1.4154585222393687,0.22298190538425214,3.7149373185867947
0.05,8.376005493604818e-08,6.868439452647552e-06,1.4154585222393687,0.22298190538425214,3.7149373185867947
0.05,5.1801091471039384e-08,6.868439452647552e-06,1.4154585222393687,0.22298190538425214,3.7149373185867947
0.05,5.1801091471039384e-08,6.868439452647552e-06,1.4154585222393687,0.2658061834948235,2.028708531864084
0.05,5.1801091471039384e-08,6.868439452647552e-06,1.4154585222393687,0.2658061834948235,2.028708531864084
0.05,4.497475137678346e-08,6.868439452647552e-06,1.4154585222393687,0.2658061834948235,6.77426748394104
0.05,8.322868176527385e-08,6.868439452647552e-06,1.4154585222393687,0.2658061834948235,2.251569332911398
0.05,8.322868176527385e-08,4.88803939071444e-06,3.534414849500388,0.2658061834948235,2.251569332911398
0.05,8.322868176527385e-08,5.145014555338237e-07,2.8094839295693994,0.2658061834948235,0.19336160893690246
0.05,8.322868176527385e-08,5.145014555338237e-07,2.778878720344031,0.1803139376322311,0.0378361911773133
0.05,5.4709607860089353e-08,5.145014555338237e-07,2.778878720344031,0.1803139376322311,0.013248170318219111
0.05,5.4709607860089353e-08,1.7368643784078902e-06,2.778878720344031,0.1803139376322311,0.007390120562283345
0.05,5.190526819164525e-08,1.7368643784078902e-06,2.778878720344031,0.1803139376322311,0.007390120562283345
0.05,5.190526819164525e-08,7.093054897725153e-07,2.778878720344031,0.1803139376322311,0.03419292305505733
0.05,5.190526819164525e-08,2.236163325772183e-06,3.04027903806624,0.1803139376322311,0.03419292305505733
0.05,5.190526819164525e-08,2.528369722185703e-06,3.04027903806624,0.15549070007359833,1.3220442106999215
0.05,4.9595728398629404e-08,2.528369722185703e-06,1.5832406637636636,0.15549070007359833,1.3220442106999215
0.05,6.839173596060348e-08,2.528369722185703e-06,1.7476434408800827,0.15549070007359833,4.442863085416331
0.05,5.0580316656696486e-08,9.750876719579981e-07,1.7476434408800827,0.0757686713357929,4.442863085416331
0.05,5.379527559050337e-08,9.750876719579981e-07,1.7476434408800827,0.0757686713357929,3.9660476931933397
0.05,5.379527559050337e-08,2.093937877232815e-07,1.7476434408800827,0.0757686713357929,1.015849961169655
0.05,5.379527559050337e-08,2.892504373223228e-06,1.7476434408800827,0.0757686713357929,2.330982836407284
0.05,5.379527559050337e-08,2.070689655038285e-06,1.5611646840636157,0.14735905082293776,2.330982836407284
0.05,5.379527559050337e-08,2.070689655038285e-06,1.5611646840636157,0.14735905082293776,4.107694751483816
0.05,5.379527559050337e-08,2.070689655038285e-06,1.5611646840636157,0.14735905082293776,4.107694751483816
0.05,5.379527559050337e-08,2.070689655038285e-06,1.5611646840636157,0.2076983332947179,4.107694751483816
0.05,5.133637773950134e-08,2.070689655038285e-06,1.5611646840636157,0.2076983332947179,4.107694751483816
0.05,5.133637773950134e-08,2.070689655038285e-06,1.5611646840636157,0.2076983332947179,4.899340430444834
0.05,5.133637773950134e-08,2.070689655038285e-06,2.371759709569093,0.2076983332947179,4.899340430444834
0.05,5.979385477297503e-08,2.070689655038285e-06,0.8736949762083995,0.1852626694845629,4.899340430444834
0.05,5.979385477297503e-08,2.070689655038285e-06,1.2004127993554286,0.1852626694845629,4.899340430444834
0.05,5.979385477297503e-08,2.070689655038285e-06,1.2004127993554286,0.11404720731623555,4.899340430444834
0.05,5.979385477297503e-08,5.416109204173631e-07,1.2004127993554286,0.09593463813614031,7.031679458178336
0.05,5.979385477297503e-08,3.192115756705274e-07,1.2004127993554286,0.12380621674291199,7.031679458178336
0.05,5.979385477297503e-08,3.563231835793649e-07,1.1110504856273526,0.40851939278301114,7.031679458178336
0.05,8.624713349150924e-08,8.771350755953116e-07,1.1110504856273526,0.3966706738777512,7.031679458178336
0.05,8.624713349150924e-08,8.771350755953116e-07,1.7498001155128744,0.3966706738777512,7.031679458178336
0.05,8.624713349150924e-08,1.590980004644934e-06,1.7498001155128744,0.3966706738777512,7.6085087259782345
0.05,8.624713349150924e-08,1.590980004644934e-06,2.28890207001695,0.5143504565516991,9.151393429523191
0.05,6.572993659112148e-08,1.590980004644934e-06,2.28890207001695,0.5143504565516991,9.151393429523191
0.05,8.069989878590124e-08,6.633610076820505e-07,1.6823901395490117,0.5143504565516991,9.151393429523191
0.05,8.069989878590124e-08,7.874004380911951e-07,1.6823901395490117,0.5143504565516991,9.151393429523191
0.05,8.069989878590124e-08,7.874004380911951e-07,1.6823901395490117,0.37709855893222616,8.327745143493333
0.05,8.069989878590124e-08,7.874004380911951e-07,1.6823901395490117,0.5536026773359388,8.327745143493333
0.05,8.069989878590124e-08,3.0500841690572675e-07,1.6823901395490117,0.48490551349508587,8.590687958154096
0.05,8.069989878590124e-08,2.5034619206583195e-07,1.6915999303036187,0.48490551349508587,9.929436898209726
0.05,8.069989878590124e-08,2.5639946081407685e-07,1.226101595779898,0.2352900044102899,4.11033824192394
0.05,7.020456006896904e-08,2.5639946081407685e-07,1.226101595779898,0.2352900044102899,4.11033824192394
0.05,7.020456006896904e-08,2.5639946081407685e-07,1.226101595779898,0.2352900044102899,8.934684586644215
0.05,7.020456006896904e-08,3.934217961932525e-08,1.226101595779898,0.2352900044102899,9.3121775636602
0.05,7.020456006896904e-08,1.0865160262705838e-07,1.226101595779898,0.16603643583059277,4.761076145491869
0.05,8.112988568271298e-08,1.0865160262705838e-07,1.6618309001894738,0.16603643583059277,5.293529905852318
0.05,8.112988568271298e-08,1.0865160262705838e-07,1.7852595312775739,0.16603643583059277,2.4322299966000656
0.05,5.87799957230679e-08,1.0865160262705838e-07,1.7852595312775739,0.16412616816065248,2.4322299966000656
0.05,5.8041410877908815e-08,1.0865160262705838e-07,1.7852595312775739,0.4433570925642444,2.4322299966000656
0.05,6.031447326798909e-08,1.0865160262705838e-07,1.6838287623743322,0.4433570925642444,4.8275287700276355
0.05,6.031447326798909e-08,1.0865160262705838e-07,1.6838287623743322,0.16039011967705052,4.8275287700276355
0.05,6.031447326798909e-08,5.539496593765364e-08,1.6838287623743322,0.16039011967705052,1.8492099268132525
0.05,8.771320119067269e-08,5.539496593765364e-08,1.6838287623743322,0.20551212484481984,1.8492099268132525
0.05,8.771320119067269e-08,3.3132083259330214e-07,1.6838287623743322,0.3314592773127527,1.8492099268132525
0.05,8.640000768465416e-08,3.3132083259330214e-07,1.6838287623743322,0.28196157330329624,5.490680105232726
0.05,8.640000768465416e-08,3.3132083259330214e-07,1.6838287623743322,0.28196157330329624,5.008500077445736
0.05,8.640000768465416e-08,3.3132083259330214e-07,1.6838287623743322,0.28196157330329624,6.082395594098504
0.05,8.640000768465416e-08,2.882483366792493e-07,1.6838287623743322,0.47791095141462986,6.082395594098504
0.05,9.416411438826529e-08,2.882483366792493e-07,1.660700595381022,0.47791095141462986,9.44545840289631
0.05,7.027789520388294e-08,2.882483366792493e-07,1.2970786651466812,0.47791095141462986,9.44545840289631
0.05,4.9052824447931457e-08,2.0014698781593976e-06,1.4012551944200637,0.47791095141462986,9.44545840289631
0.05,4.9052824447931457e-08,2.0014698781593976e-06,1.4012551944200637,0.47791095141462986,9.44545840289631
0.05,4.9052824447931457e-08,2.0014698781593976e-06,1.452221902032817,0.47791095141462986,6.1703910410032
0.05,4.9052824447931457e-08,2.0014698781593976e-06,1.452221902032817,0.47791095141462986,6.1433734216768165
0.05,7.90985979735299e-08,2.0014698781593976e-06,1.452221902032817,0.47791095141462986,8.559181271304663
0.05,7.90985979735299e-08,2.8757861342831465e-06,1.452221902032817,0.47791095141462986,8.559181271304663
0.05,7.90985979735299e-08,2.8757861342831465e-06,1.452221902032817,0.3847749669767422,8.559181271304663
0.05,7.90985979735299e-08,2.8757861342831465e-06,1.452221902032817,0.3847749669767422,3.636676011537163
0.05,7.90985979735299e-08,2.8757861342831465e-06,1.452221902032817,0.35504575372100156,3.636676011537163
0.05,7.90985979735299e-08,5.775422835466689e-07,1.5680378465752822,0.30336838028621343,4.269724949634676
0.05,7.90985979735299e-08,5.775422835466689e-07,1.5680378465752822,0.3258967664615716,7.5998399784589585
0.05,7.90985979735299e-08,5.775422835466689e-07,1.5680378465752822,0.3258967664615716,7.954756375119151
0.05,7.90985979735299e-08,5.775422835466689e-07,0.9810780340660472,0.6792724807960329,7.774825049899973
0.05,5.6457810717079625e-08,8.376412149120717e-07,1.22022804186941,0.2648313864040065,7.774825049899973
0.05,7.137627041330057e-08,8.376412149120717e-07,1.9105595881180912,0.2648313864040065,7.774825049899973
0.05,7.137627041330057e-08,8.376412149120717e-07,1.9105595881180912,0.2648313864040065,0.4205606693040487
0.05,7.137627041330057e-08,2.936631196531322e-06,1.9105595881180912,0.2648313864040065,1.7859592175276777
0.05,7.137627041330057e-08,2.936631196531322e-06,1.9105595881180912,0.2648313864040065,1.7859592175276777
0.05,7.137627041330057e-08,2.936631196531322e-06,1.9105595881180912,0.23556840775700055,1.7859592175276777
0.05,7.291808121679621e-08,2.936631196531322e-06,1.9105595881180912,0.23556840775700055,1.9388855042229283
0.05,6.888924074959307e-08,2.936631196531322e-06,1.9105595881180912,0.23556840775700055,2.5591651718317125
0.05,5.7288337021520475e-08,5.106394825951955e-06,1.195018343541059,0.23556840775700055,2.5591651718317125
0.05,5.7288337021520475e-08,1.927261021470065e-06,1.195018343541059,0.18675547974581813,2.5591651718317125
0.05,5.7288337021520475e-08,1.927261021470065e-06,1.195018343541059,0.18675547974581813,2.6305171107434333
0.05,6.30712452022547e-08,1.927261021470065e-06,1.195018343541059,0.18675547974581813,2.6305171107434333
0.05,6.30712452022547e-08,2.6944633371357227e-06,1.195018343541059,0.18675547974581813,2.135561896732607
0.05,6.30712452022547e-08,2.6944633371357227e-06,1.195018343541059,0.15201707363044772,1.3601517641479082
0.05,6.30712452022547e-08,2.6944633371357227e-06,2.761935401945445,0.15201707363044772,1.3537408523426202
0.05,5.187264227783799e-08,8.145911448208151e-07,2.761935401945445,0.15201707363044772,1.3537408523426202
0.05,5.187264227783799e-08,8.145911448208151e-07,2.761935401945445,0.15201707363044772,1.3537408523426202
0.05,5.187264227783799e-08,8.145911448208151e-07,2.7822983206713277,0.15201707363044772,0.5810826716905901
0.05,4.1932374518517957e-08,3.9352373851031995e-06,2.7822983206713277,0.15201707363044772,0.5810826716905901
0.05,4.348025470728447e-08,3.9352373851031995e-06,2.7822983206713277,0.15201707363044772,1.4571712770129719
0.05,4.2067927822949805e-08,3.260192372781469e-07,2.7822983206713277,0.1606168438141285,1.4571712770129719
0.05,4.2067927822949805e-08,4.89062839775627e-06,2.7822983206713277,0.1606168438141285,1.4571712770129719
0.05,4.2067927822949805e-08,4.89062839775627e-06,2.6420683280308266,0.13996219334207652,1.4571712770129719
0.05,4.2067927822949805e-08,6.4618148532764556e-06,2.6420683280308266,0.13996219334207652,1.3071110564363875
0.05,4.951796533238194e-08,1.556475255423256e-06,2.298040044643985,0.23180379536338527,1.3071110564363875
0.05,4.951796533238194e-08,1.556475255423256e-06,2.298040044643985,0.23180379536338527,3.889366645638196
0.05,6.167524268866652e-08,1.556475255423256e-06,2.2573675222330327,0.23180379536338527,3.889366645638196
0.05,6.167524268866652e-08,1.556475255423256e-06,2.2573675222330327,0.23180379536338527,3.889366645638196
0.05,6.167524268866652e-08,1.556475255423256e-06,2.2573675222330327,0.07731900633838844,0.2850499971917649
0.05,6.167524268866652e-08,1.556475255423256e-06,2.2573675222330327,0.10425339950887415,1.504534159802359
0.05,6.167524268866652e-08,1.4165720750109353e-06,2.2573675222330327,0.28328044217836834,0.5502422115831499
0.05,6.167524268866652e-08,3.7680716421015057e-06,2.205807272859734,0.19802099610185467,1.5483022555650847
0.05,6.167524268866652e-08,3.7680716421015057e-06,2.205807272859734,0.5417304482670271,1.5483022555650847
0.05,6.167524268866652e-08,3.7680716421015057e-06,2.205807272859734,0.5417304482670271,6.764330749524815
0.05,6.167524268866652e-08,3.2184212043906772e-06,1.9737524619201063,0.5417304482670271,6.764330749524815
0.05,6.167524268866652e-08,3.2184212043906772e-06,1.9737524619201063,0.5417304482670271,6.764330749524815
0.05,6.167524268866652e-08,2.051274045176937e-06,1.9737524619201063,0.5417304482670271,4.446232287481841
0.05,6.40463394467012e-08,2.555076797664675e-06,1.9737524619201063,0.5417304482670271,4.446232287481841
0.05,6.40463394467012e-08,1.1804516707151294e-06,1.9737524619201063,0.5417304482670271,4.446232287481841
0.05,4.76339669371966e-08,9.252423206614912e-07,1.1946424849821926,0.4774628910648992,7.1883668336817195
0.05,4.76339669371966e-08,1.0764604716216564e-06,1.1946424849821926,0.4774628910648992,7.1883668336817195
0.05,8.926429917963766e-08,1.0764604716216564e-06,1.299444171220716,0.23022616437078147,7.1883668336817195
0.05,8.926429917963766e-08,1.0764604716216564e-06,1.4020915244382444,0.33090655894162024,1.2880798937962392
0.05,8.401415434621923e-08,1.0764604716216564e-06,1.4034003267510577,0.33090655894162024,4.364122700447198
0.05,8.401415434621923e-08,1.0764604716216564e-06,1.4034003267510577,0.33090655894162024,4.364122700447198
0.05,4.795125931422444e-08,5.671608157144303e-07,1.4034003267510577,0.33090655894162024,4.364122700447198
0.05,4.795125931422444e-08,3.8436269096675696e-06,2.3608153173597293,0.268767985728539,4.364122700447198
0.05,4.795125931422444e-08,1.1928500407794923e-06,2.3608153173597293,0.268767985728539,4.364122700447198
0.05,4.74516004818354e-08,1.1928500407794923e-06,2.3608153173597293,0.18695879586246977,4.364122700447198
0.05,4.74516004818354e-08,5.670659065415905e-07,2.78462032800304,0.16353828823510663,4.364122700447198
0.05,6.742647431257223e-08,1.4961817926038398e-06,2.78462032800304,0.16353828823510663,0.8541292761787045
0.05,5.1877318548207245e-08,1.4961817926038398e-06,2.78462032800304,0.2994393521864714,0.7969522023001749
0.05,7.701577376346309e-08,1.4961817926038398e-06,2.78462032800304,0.2994393521864714,0.7969522023001749
0.05,6.363797439746187e-08,1.7945365699398181e-06,2.78462032800304,0.2994393521864714,0.7969522023001749
0.05,6.363797439746187e-08,1.7945365699398181e-06,1.9638221805789733,0.313711986710667,6.75615141658424
0.05,6.363797439746187e-08,1.5105691656144869e-06,1.9638221805789733,0.313711986710667,6.75615141658424
0.05,6.363797439746187e-08,1.5105691656144869e-06,1.9638221805789733,0.313711986710667,6.75615141658424
0.05,6.363797439746187e-08,1.5105691656144869e-06,1.3788559596358172,0.313711986710667,1.4855759326933473
0.05,6.363797439746187e-08,1.5105691656144869e-06,1.4368163867638495,0.17786820456692098,1.4855759326933473
0.05,7.35554395440934e-08,8.235408748051812e-07,1.4368163867638495,0.1565656511361716,1.4855759326933473
0.05,7.35554395440934e-08,8.932626640493488e-07,1.4608414459493522,0.07360963382877077,1.4855759326933473
0.05,7.35554395440934e-08,8.932626640493488e-07,1.6533957338237943,0.07360963382877077,1.4855759326933473
0.05,7.35554395440934e-08,8.932626640493488e-07,1.6533957338237943,0.23988912109587676,3.3038357527348206
0.05,7.35554395440934e-08,8.932626640493488e-07,1.857419424422164,0.23988912109587676,3.3038357527348206
0.05,5.197767745385943e-08,6.938387557989765e-06,1.857419424422164,0.23988912109587676,3.3038357527348206
0.05,7.642385052605943e-08,6.938387557989765e-06,1.857419424422164,0.23988912109587676,3.3038357527348206
0.05,9.101127946080399e-08,2.7701570363928198e-06,1.857419424422164,0.2698448345313156,3.3038357527348206
0.05,9.101127946080399e-08,2.7701570363928198e-06,1.857419424422164,0.22362995663748297,3.3038357527348206
0.05,9.101127946080399e-08,7.522728879742988e-07,1.7450450268592443,0.22362995663748297,3.3038357527348206
0.05,9.101127946080399e-08,1.2681336557285932e-06,1.7450450268592443,0.22362995663748297,3.3038357527348206
0.05,9.101127946080399e-08,6.511695422537806e-07,1.7450450268592443,0.22362995663748297,3.3038357527348206
0.05,9.101127946080399e-08,7.128014375763697e-06,1.7450450268592443,0.22362995663748297,1.1447034958195128
0.05,9.101127946080399e-08,7.128014375763697e-06,1.7450450268592443,0.19169448105234466,1.1447034958195128
0.05,3.722355652014155e-08,7.128014375763697e-06,1.9592417528838473,0.19169448105234466,1.7917803707748112
0.05,3.722355652014155e-08,2.314154703548734e-06,2.100824449054621,0.2056577814832428,1.7917803707748112
0.05,5.0477854188328164e-08,2.314154703548734e-06,2.100824449054621,0.2056577814832428,1.7917803707748112
0.05,4.903111411267348e-08,2.314154703548734e-06,2.100824449054621,0.20115952069919432,1.7917803707748112
0.05,4.903111411267348e-08,9.49727206036752e-07,2.100824449054621,0.20115952069919432,1.7917803707748112
0.05,8.180266281168037e-08,2.270648520748367e-06,2.100824449054621,0.1747574227627967,1.7917803707748112
0.05,6.04296647793767e-08,3.5731554657670045e-06,2.4721527694127463,0.16488941073118257,0.5053376319320066
0.05,6.04296647793767e-08,3.5731554657670045e-06,2.4721527694127463,0.16488941073118257,0.671371077077576
0.05,6.030475798079494e-08,3.347854978325217e-06,3.6171265143191276,0.16488941073118257,0.671371077077576
0.05,6.030475798079494e-08,3.347854978325217e-06,3.564513903135722,0.16488941073118257,0.07656610019800558
0.05,6.030475798079494e-08,3.753385924563216e-06,3.564513903135722,0.16488941073118257,0.07656610019800558
0.05,6.030475798079494e-08,3.753385924563216e-06,3.564513903135722,0.16488941073118257,0.07656610019800558
0.05,6.030475798079494e-08,3.753385924563216e-06,1.436423621386433,0.16488941073118257,0.07656610019800558
0.05,9.08768773848615e-08,3.753385924563216e-06,1.8871818383411916,0.16488941073118257,0.14659596849821271
0.05,6.582971135972199e-08,3.753385924563216e-06,1.8415134772008745,0.17194262745572508,0.3588275189692466
0.05,6.582971135972199e-08,3.753385924563216e-06,1.8415134772008745,0.12893101416221048,0.20503366084478486
0.05,6.582971135972199e-08,4.291978372843215e-06,1.8415134772008745,0.077148893915852,0.20503366084478486
0.05,6.582971135972199e-08,6.912355610736625e-06,1.8415134772008745,0.077148893915852,0.3302447980082613
0.05,6.959204833199064e-08,6.912355610736625e-06,2.616718189795439,0.077148893915852,0.3302447980082613
0.05,5.192947856932202e-08,6.912355610736625e-06,2.616718189795439,0.077148893915852,0.3302447980082613
0.05,5.192947856932202e-08,4.604007045084337e-06,2.616718189795439,0.12607495488737833,0.3302447980082613
0.05,5.192947856932202e-08,4.604007045084337e-06,1.5542671979141456,0.12607495488737833,0.8036802364996504
0.05,7.583555268928648e-08,4.604007045084337e-06,2.7854381630285445,0.08822824479772454,0.8036802364996504
0.05,7.583555268928648e-08,6.123308786207103e-07,4.463918337293803,0.15296572773441147,0.8036802364996504
0.05,7.583555268928648e-08,6.123308786207103e-07,4.463918337293803,0.15296572773441147,0.9084451787476255
0.05,5.7270307133279375e-08,6.123308786207103e-07,4.38875716862123,0.26666015575247964,1.1574144405432032
0.05,5.7270307133279375e-08,6.123308786207103e-07,1.031585969477026,0.21018199011817373,0.8935935298205543
0.05,5.7270307133279375e-08,3.418132854820043e-06,1.5948656721076713,0.21018199011817373,0.8935935298205543
0.05,5.7270307133279375e-08,3.418132854820043e-06,2.1060780714585943,0.21018199011817373,1.2436187536466847
0.05,5.7270307133279375e-08,3.1682594103787666e-06,2.1060780714585943,0.21018199011817373,0.09931406296617871
0.05,5.7270307133279375e-08,3.1682594103787666e-06,3.5912430687346664,0.17458303319820212,0.2709052785202099
0.05,5.7270307133279375e-08,3.1682594103787666e-06,3.5912430687346664,0.17458303319820212,0.2709052785202099
0.05,5.7270307133279375e-08,3.1682594103787666e-06,3.415325899839698,0.10727139774172176,0.2709052785202099
0.05,4.147954545995331e-08,3.1682594103787666e-06,3.415325899839698,0.10727139774172176,0.2709052785202099
0.05,5.83057493241043e-08,3.1682594103787666e-06,3.415325899839698,0.10727139774172176,0.2709052785202099
0.05,7.751055947496225e-08,3.1682594103787666e-06,3.415325899839698,0.10727139774172176,1.8337157916941393
0.05,7.046890458924764e-08,3.1682594103787666e-06,3.6494645245770787,0.344214371655336,1.8337157916941393
0.05,7.046890458924764e-08,5.093936634345772e-06,3.6494645245770787,0.3223469471692338,1.8337157916941393
0.05,7.046890458924764e-08,3.232920088218915e-06,1.8696050288705057,0.31689143242269835,0.6514018505428121
0.05,7.046890458924764e-08,3.232920088218915e-06,1.8696050288705057,0.03849721581626527,0.6514018505428121
0.05,7.046890458924764e-08,2.176169704205801e-06,1.5746528989783728,0.07386752485971537,0.6514018505428121
0.05,7.046890458924764e-08,2.7992648767991003e-06,3.1756746806295792,0.09661258738417035,0.10180306878567469
0.05,7.046890458924764e-08,2.7992648767991003e-06,3.1756746806295792,0.10063366254205751,0.10180306878567469
0.05,7.046890458924764e-08,4.599899866265253e-07,2.652624390769601,0.13139890529784926,0.10180306878567469
0.05,6.018519473529089e-08,4.599899866265253e-07,2.3358402317355567,0.13139890529784926,0.10180306878567469
0.05,6.018519473529089e-08,4.599899866265253e-07,2.608455653762183,0.2108534893681704,0.10180306878567469
0.05,6.51428073393633e-08,4.599899866265253e-07,2.4492368631323274,0.2108534893681704,0.10180306878567469
0.05,6.51428073393633e-08,7.923362227733585e-07,2.4492368631323274,0.1236718337757361,0.6985357911715707
0.05,6.51428073393633e-08,7.923362227733585e-07,2.4492368631323274,0.14715434337087913,0.6985357911715707
0.05,6.78275205274206e-08,1.0636662974398946e-07,2.4492368631323274,0.14715434337087913,0.6985357911715707
0.05,6.78275205274206e-08,1.0636662974398946e-07,2.4492368631323274,0.14715434337087913,0.08394298746891211
0.05,6.78275205274206e-08,1.0636662974398946e-07,2.4492368631323274,0.13965740419493147,0.31509913273160284
0.05,6.78275205274206e-08,1.0636662974398946e-07,2.4492368631323274,0.266911367508608,0.31509913273160284
0.05,6.758184874076871e-08,1.0636662974398946e-07,2.4492368631323274,0.266911367508608,2.7725709632838798
0.05,6.758184874076871e-08,5.00999035544222e-08,2.4492368631323274,0.33226677733502635,2.7725709632838798
0.05,6.758184874076871e-08,3.060015754521403e-08,2.4492368631323274,0.33226677733502635,2.7725709632838798
0.05,6.758184874076871e-08,3.060015754521403e-08,2.4492368631323274,0.33226677733502635,2.1443592840823773
0.05,6.758184874076871e-08,3.368947911086612e-07,2.1644540716336826,0.33226677733502635,2.1443592840823773
0.05,5.375775704022241e-08,1.6867407221135483e-07,2.1644540716336826,0.2913417659567706,5.008574633727653
0.05,5.375775704022241e-08,1.6867407221135483e-07,2.1644540716336826,0.2913417659567706,5.008574633727653
0.05,5.375775704022241e-08,2.3839402153378442e-07,2.1644540716336826,0.2913417659567706,5.008574633727653
0.05,4.6707358411150267e-08,4.684504841940168e-08,2.1644540716336826,0.2913417659567706,5.008574633727653
0.05,4.6707358411150267e-08,4.684504841940168e-08,2.1644540716336826,0.4389236986042947,5.008574633727653
0.05,4.439964466152837e-08,5.244663788655079e-07,2.1644540716336826,0.4389236986042947,5.008574633727653
0.05,4.439964466152837e-08,5.244663788655079e-07,2.1644540716336826,0.4389236986042947,5.008574633727653
0.05,4.439964466152837e-08,5.244663788655079e-07,2.1644540716336826,0.4389236986042947,5.008574633727653
0.05,4.439964466152837e-08,5.244663788655079e-07,2.701729003426145,0.4389236986042947,5.008574633727653
0.05,4.439964466152837e-08,9.739711650890674e-07,2.5340123562712558,0.45736263012503214,5.008574633727653
0.05,5.3226063393039156e-08,1.3034935564977528e-06,2.5340123562712558,0.45736263012503214,7.013965499641957
0.05,4.47391241784846e-08,1.3034935564977528e-06,2.5340123562712558,0.45736263012503214,5.050897347806748
0.05,4.47391241784846e-08,1.3034935564977528e-06,1.8597629082528575,0.45736263012503214,5.050897347806748
0.05,4.47391241784846e-08,1.2729734331838966e-06,1.8597629082528575,0.45736263012503214,5.050897347806748
0.05,4.47391241784846e-08,1.2729734331838966e-06,1.8597629082528575,0.33627629570085626,5.316362284325443
0.05,7.163381789381402e-08,3.311150728785663e-06,2.1071028000105825,0.33627629570085626,5.316362284325443
0.05,7.163381789381402e-08,3.311150728785663e-06,2.1071028000105825,0.30840258019136907,5.316362284325443
0.05,5.992462011682064e-08,7.026104001961719e-07,2.1071028000105825,0.28404057067677374,4.685626263003929
0.05,5.992462011682064e-08,7.026104001961719e-07,2.1071028000105825,0.28404057067677374,4.685626263003929
0.05,5.992462011682064e-08,7.026104001961719e-07,2.1071028000105825,0.24031131816419501,4.685626263003929
0.05,5.992462011682064e-08,7.026104001961719e-07,2.1071028000105825,0.32946795032407905,1.333606912727727
0.05,5.735486071635916e-08,6.554666345438699e-07,2.1071028000105825,0.3231061366122077,7.21687354866587
0.05,6.94638690569404e-08,6.554666345438699e-07,1.1337882135591828,0.4092611119647537,7.21687354866587
0.05,6.94638690569404e-08,4.4844569057080127e-07,1.4051681933551157,0.4092611119647537,7.21687354866587
0.05,6.94638690569404e-08,4.4844569057080127e-07,0.8624321001514307,0.4092611119647537,7.094294486250513
0.05,6.94638690569404e-08,4.4844569057080127e-07,0.8624321001514307,0.1658800621663265,7.094294486250513
0.05,6.94638690569404e-08,4.4844569057080127e-07,0.8624321001514307,0.3804077282384608,7.610227242681939
0.05,7.022753937324529e-08,4.4844569057080127e-07,1.7788494850167071,0.3804077282384608,8.197659455264343
0.05,7.022753937324529e-08,1.5260352142228218e-07,0.8472974384099924,0.32394834708815323,8.197659455264343
0.05,7.022753937324529e-08,1.5260352142228218e-07,0.8472974384099924,0.32394834708815323,9.491361646311159
0.05,7.022753937324529e-08,1.5260352142228218e-07,0.8472974384099924,0.32394834708815323,8.48000019994929
0.05,7.022753937324529e-08,3.945696598607423e-07,0.8472974384099924,0.32394834708815323,8.48000019994929
0.05,7.022753937324529e-08,3.945696598607423e-07,0.8472974384099924,0.32394834708815323,6.167047990173283
0.05,7.022753937324529e-08,3.945696598607423e-07,1.275215159058456,0.29203526856122436,6.167047990173283
0.05,7.022753937324529e-08,2.945290541275513e-07,2.6022335784681534,0.29203526856122436,4.353418282720243
0.05,7.022753937324529e-08,3.06521721507024e-07,2.6022335784681534,0.24457249230029288,4.353418282720243
0.05,7.022753937324529e-08,4.931656365439341e-06,1.070278456450233,0.24457249230029288,4.353418282720243
0.05,7.022753937324529e-08,4.931656365439341e-06,1.070278456450233,0.5852273119243709,4.353418282720243
0.05,7.022753937324529e-08,1.4342860670917207e-07,1.070278456450233,0.7142557905687218,4.353418282720243
0.05,7.022753937324529e-08,4.3939603463172627e-07,0.7530494325721871,0.7142557905687218,3.145048708552819
0.05,7.022753937324529e-08,4.3939603463172627e-07,0.7530494325721871,0.7665979148599906,3.145048708552819
0.05,7.022753937324529e-08,4.3939603463172627e-07,1.0741579086257018,0.7665979148599906,3.145048708552819
0.05,5.5963704596492336e-08,3.5159145109830033e-06,2.0233618387414887,0.17176772861166847,3.145048708552819
0.05,5.5963704596492336e-08,3.5159145109830033e-06,1.953123598483308,0.17176772861166847,3.0812311074743355
0.05,7.200257502987199e-08,3.5159145109830033e-06,2.164902839805445,0.17176772861166847,3.0812311074743355
0.05,7.742092658465493e-08,3.5159145109830033e-06,1.5391148270739305,0.17176772861166847,3.0812311074743355
0.05,4.941169538067614e-08,2.2258182591996573e-06,1.8934462232830747,0.17176772861166847,3.0812311074743355
0.05,5.974143901237304e-08,9.943577728345958e-07,2.0617255315891785,0.17176772861166847,3.0812311074743355
0.05,5.974143901237304e-08,9.943577728345958e-07,1.9027003875796282,0.3960511435424384,3.0812311074743355
0.05,5.974143901237304e-08,9.943577728345958e-07,1.9027003875796282,0.3960511435424384,3.0812311074743355
0.05,5.974143901237304e-08,9.943577728345958e-07,1.9027003875796282,0.4136971709261326,5.34297447564642
0.05,8.363414608867051e-08,9.943577728345958e-07,1.9027003875796282,0.3585069597915529,5.34297447564642
0.05,6.206254765977842e-08,9.943577728345958e-07,1.9027003875796282,0.3904507560425412,5.34297447564642
0.05,6.206254765977842e-08,9.943577728345958e-07,1.9027003875796282,0.3904507560425412,5.34297447564642
0.05,6.206254765977842e-08,9.943577728345958e-07,1.344437259998748,0.3904507560425412,5.34297447564642
0.05,6.206254765977842e-08,4.334153377073971e-07,1.344437259998748,0.16611451786266912,5.34297447564642
0.05,6.206254765977842e-08,4.334153377073971e-07,1.344437259998748,0.16611451786266912,4.5185508077856635
0.05,6.206254765977842e-08,2.3720094719824956e-06,1.344437259998748,0.33177319675448846,4.5185508077856635
0.05,6.206254765977842e-08,2.3720094719824956e-06,1.344437259998748,0.14734709552942094,4.5185508077856635
0.05,6.206254765977842e-08,2.3720094719824956e-06,1.344437259998748,0.24568645067162162,3.4653074201522034
0.05,6.206254765977842e-08,1.23972925708711e-06,1.344437259998748,0.24568645067162162,3.4653074201522034
0.05,5.314865878139896e-08,1.23972925708711e-06,1.344437259998748,0.24568645067162162,5.441498654256146
0.05,5.314865878139896e-08,1.23972925708711e-06,1.344437259998748,0.2300912911112634,5.441498654256146
0.05,8.484550712584393e-08,1.0784103471760262e-06,1.344437259998748,0.2300912911112634,1.6218358977712772
0.05,7.106895954737618e-08,1.5618586252106651e-06,1.344437259998748,0.2300912911112634,1.6218358977712772
0.05,7.106895954737618e-08,1.5618586252106651e-06,1.344437259998748,0.2300912911112634,6.776559785671057
0.05,7.106895954737618e-08,1.3699273321075884e-07,1.344437259998748,0.4060622178219038,6.776559785671057
0.05,7.106895954737618e-08,1.4927460347118194e-06,1.4496412048081773,0.4060622178219038,6.776559785671057
0.05,1.1169208065773137e-07,1.4927460347118194e-06,1.3355773247051315,0.4060622178219038,6.776559785671057
0.05,1.1169208065773137e-07,1.4927460347118194e-06,1.3355773247051315,0.4060622178219038,4.662789681404078
0.05,8.6511574520952e-08,1.4927460347118194e-06,1.2719632646997523,0.4060622178219038,4.662789681404078
0.05,5.252086552413943e-08,6.839382294381075e-08,1.2719632646997523,0.4060622178219038,4.204850316373695
0.05,5.252086552413943e-08,1.261046620614173e-06,1.908086139790959,0.3537269969194713,4.204850316373695
0.05,5.2196697389950325e-08,1.261046620614173e-06,1.908086139790959,0.3537269969194713,4.204850316373695
0.05,5.2196697389950325e-08,1.261046620614173e-06,1.908086139790959,0.3537269969194713,4.204850316373695
0.05,5.2196697389950325e-08,2.2931778678168474e-06,1.908086139790959,0.35447715847570577,4.204850316373695
0.05,5.1877963416333516e-08,2.2931778678168474e-06,1.908086139790959,0.35447715847570577,8.020527267208584
0.05,5.1877963416333516e-08,7.602741168936207e-08,1.908086139790959,0.35447715847570577,5.988263491139268
0.05,3.924728440119616e-08,7.441018577438533e-08,1.908086139790959,0.2889119297313465,5.923904274264276
0.05,3.924728440119616e-08,3.1256365665824515e-07,1.908086139790959,0.2889119297313465,5.923904274264276
0.05,3.924728440119616e-08,5.918296593014011e-07,2.5978171011655906,0.2889119297313465,5.923904274264276
0.05,7.653740766369036e-08,5.918296593014011e-07,2.5978171011655906,0.5185043788083744,8.464340270864664
0.05,7.653740766369036e-08,5.918296593014011e-07,1.2076959259566686,0.45670905387927635,8.464340270864664
0.05,7.653740766369036e-08,5.918296593014011e-07,1.2076959259566686,0.45670905387927635,9.196566977769509
0.05,5.791521311799104e-08,5.918296593014011e-07,1.2237056687145333,0.38030567791698755,9.196566977769509
0.05,5.8253327567506735e-08,5.629199045698139e-07,1.2237056687145333,0.38030567791698755,9.621670059654651
0.05,5.8253327567506735e-08,5.629199045698139e-07,1.2237056687145333,0.38030567791698755,9.621670059654651
0.05,5.8253327567506735e-08,7.755841983397698e-06,1.2237056687145333,0.38030567791698755,5.597262637248494
0.05,5.308619694108551e-08,7.302214383081563e-06,2.6828594740708027,0.38030567791698755,2.1814761756835717
0.05,5.263414858134225e-08,7.302214383081563e-06,2.6828594740708027,0.38030567791698755,2.1814761756835717
0.05,4.8640050265049096e-08,2.889892176986666e-07,2.6828594740708027,0.38030567791698755,3.441702579948273
0.05,4.8640050265049096e-08,2.5067320702840227e-08,1.8688795360591088,0.36599252082443,3.441702579948273
0.05,4.8640050265049096e-08,1.2163944149390014e-06,1.8688795360591088,0.2703018446255387,3.441702579948273
0.05,4.8640050265049096e-08,1.2163944149390014e-06,2.8289975378210115,0.2703018446255387,3.441702579948273
0.05,4.8640050265049096e-08,1.2163944149390014e-06,2.8289975378210115,0.2703018446255387,8.701456734154156
0.05,4.8640050265049096e-08,1.2163944149390014e-06,1.7177342742663548,0.4192736166405391,8.701456734154156
0.05,4.8640050265049096e-08,1.2163944149390014e-06,1.7533108818030254,0.47478887833897393,8.701456734154156
0.05,4.8640050265049096e-08,1.0401596631993288e-06,1.7533108818030254,0.47478887833897393,8.701456734154156
0.05,4.8640050265049096e-08,1.0401596631993288e-06,1.7533108818030254,0.47478887833897393,8.701456734154156
0.05,4.8640050265049096e-08,2.863857166585165e-07,1.7533108818030254,0.47478887833897393,8.701456734154156
0.05,4.3473422042495005e-08,1.1238902068079773e-06,1.7533108818030254,0.47478887833897393,8.701456734154156
0.05,4.3473422042495005e-08,3.7966970201317643e-07,0.9556881981164376,0.47478887833897393,8.434617649975882
0.05,4.7680037493967284e-08,1.1889157315453498e-07,0.9556881981164376,0.4375473638529647,8.434617649975882
0.05,4.7680037493967284e-08,1.1889157315453498e-07,0.9556881981164376,0.4375473638529647,8.434617649975882
0.05,4.7680037493967284e-08,8.353514327512763e-08,0.9556881981164376,0.4375473638529647,5.842038476585123
0.05,4.7680037493967284e-08,7.11726124900408e-08,1.3215896226724013,0.5180683836028019,7.622375300029765
0.05,4.7680037493967284e-08,6.302180942484825e-08,1.7305533743224855,0.5647288319605004,6.455897270296921
0.05,4.7680037493967284e-08,7.90908464072327e-07,1.7305533743224855,0.5055208959520016,6.455897270296921
0.05,4.7680037493967284e-08,7.90908464072327e-07,1.7305533743224855,0.5674790985859257,6.455897270296921
0.05,7.58666709049413e-08,7.90908464072327e-07,1.7305533743224855,0.25602001521328555,6.455897270296921
0.05,7.58666709049413e-08,7.90908464072327e-07,2.0614304289899823,0.25602001521328555,6.666570926001275
0.05,7.736020153371194e-08,7.90908464072327e-07,2.0614304289899823,0.25602001521328555,6.666570926001275
0.05,8.904567442941883e-08,2.123101277244988e-06,2.0614304289899823,0.25602001521328555,1.5962587309577554
0.05,6.702610179248641e-08,2.123101277244988e-06,2.0614304289899823,0.25602001521328555,1.5962587309577554
0.05,6.702610179248641e-08,2.123101277244988e-06,1.218424346679587,0.25602001521328555,1.5962587309577554
0.05,5.459104715374532e-08,2.123101277244988e-06,4.092329337939921,0.25602001521328555,1.5962587309577554
0.05,5.459104715374532e-08,4.311971818215266e-06,2.032196262199619,0.25602001521328555,0.5953259972272948
0.05,5.459104715374532e-08,4.311971818215266e-06,2.691610883878334,0.11703066474142917,0.5953259972272948
0.05,5.459104715374532e-08,4.311777653477266e-06,2.691610883878334,0.11703066474142917,0.5953259972272948
0.05,5.459104715374532e-08,4.311777653477266e-06,2.691610883878334,0.11703066474142917,0.5953259972272948
0.05,5.459104715374532e-08,4.311777653477266e-06,2.691610883878334,0.14970241327571002,0.28792853307047295
0.05,7.596910136279172e-08,4.311777653477266e-06,4.115506915733817,0.14970241327571002,0.28792853307047295
0.05,7.596910136279172e-08,1.3108779595463153e-06,1.333320814473895,0.14970241327571002,0.17993557578927882
0.05,7.298149435997185e-08,8.449731175815545e-07,1.333320814473895,0.13396297375753785,0.2646304946259981
0.05,7.298149435997185e-08,8.449731175815545e-07,1.333320814473895,0.1737983378835132,0.2646304946259981
0.05,7.298149435997185e-08,8.449731175815545e-07,1.333320814473895,0.1737983378835132,0.2646304946259981
0.05,7.298149435997185e-08,2.5412784096501756e-07,1.333320814473895,0.046146949048694076,0.2646304946259981
0.05,7.298149435997185e-08,2.5412784096501756e-07,1.1304923193341267,0.052002582825346394,2.687324820380539
0.05,7.298149435997185e-08,2.232279131853662e-06,1.7891762382758905,0.052002582825346394,2.687324820380539
0.05,7.298149435997185e-08,5.3061393119774115e-06,1.7891762382758905,0.052002582825346394,1.1377874572398696
0.05,4.5989905989254295e-08,4.625648978920326e-06,1.7891762382758905,0.052002582825346394,2.268435712695743
0.05,6.703015763843274e-08,2.1433856770140206e-06,1.7813603266245959,0.052002582825346394,4.037667070338577
0.05,6.703015763843274e-08,8.039389346159899e-07,1.7813603266245959,0.16672134690728704,4.037667070338577
0.05,6.703015763843274e-08,5.937530298714102e-07,1.7813603266245959,0.16672134690728704,1.268779642947511
0.05,8.61332638321397e-08,5.937530298714102e-07,1.7813603266245959,0.21272337856852314,1.268779642947511
0.05,8.61332638321397e-08,4.918025129642659e-07,1.7813603266245959,0.21272337856852314,0.6751528315521192
0.05,7.277647003682562e-08,1.7311321188354485e-07,1.97026535379058,0.19337360927212585,0.6751528315521192
0.05,7.277647003682562e-08,7.448436863350497e-08,2.649134240409064,0.19337360927212585,0.6751528315521192
0.05,4.605303759896304e-08,7.448436863350497e-08,2.649134240409064,0.19337360927212585,0.6751528315521192
0.05,4.520325242889017e-08,1.1058500612599587e-08,2.649134240409064,0.19337360927212585,0.6751528315521192
0.05,4.520325242889017e-08,5.537640338238918e-09,1.5943722465930878,0.14148290466574973,0.6751528315521192
0.05,4.520325242889017e-08,1.2974314615826722e-08,1.5943722465930878,0.14148290466574973,3.486586177890336
0.05,5.077286463697045e-08,9.76719144691688e-07,1.5943722465930878,0.14148290466574973,3.486586177890336
0.05,5.077286463697045e-08,3.368517154745343e-06,1.5943722465930878,0.14148290466574973,0.3631406361674883
0.05,5.077286463697045e-08,3.368517154745343e-06,1.5943722465930878,0.14148290466574973,1.3616301565597997
0.05,5.800325846346036e-08,3.368517154745343e-06,1.5943722465930878,0.14342200509537542,1.3616301565597997
0.05,5.800325846346036e-08,1.5870442015468052e-06,1.5943722465930878,0.14342200509537542,1.3616301565597997
0.05,5.800325846346036e-08,7.784260326513236e-06,1.5943722465930878,0.14095774905987388,1.3616301565597997
0.05,5.800325846346036e-08,1.5662478113390364e-06,2.322908351810832,0.14095774905987388,1.3616301565597997
0.05,5.800325846346036e-08,1.5662478113390364e-06,2.322908351810832,0.14095774905987388,1.7757394749205715
0.05,4.460353696044574e-08,1.5662478113390364e-06,2.322908351810832,0.24637517398611275,1.7757394749205715
0.05,4.460353696044574e-08,1.5662478113390364e-06,2.322908351810832,0.25976015125140556,1.7757394749205715
0.05,4.460353696044574e-08,9.440975123813668e-07,2.322908351810832,0.25976015125140556,1.7757394749205715
0.05,4.460353696044574e-08,9.440975123813668e-07,2.322908351810832,0.25976015125140556,2.1361768145392364
0.05,4.460353696044574e-08,9.440975123813668e-07,2.322908351810832,0.25976015125140556,2.1361768145392364
0.05,4.460353696044574e-08,9.440975123813668e-07,2.2793452103086347,0.3123085893915636,2.1361768145392364
0.05,6.277500838470264e-08,9.440975123813668e-07,2.2793452103086347,0.23893913128782365,2.1361768145392364
0.05,6.277500838470264e-08,4.148479838261184e-06,2.2793452103086347,0.23893913128782365,2.1361768145392364
0.05,6.277500838470264e-08,4.148479838261184e-06,2.2793452103086347,0.23893913128782365,2.1361768145392364
0.05,6.277500838470264e-08,4.148479838261184e-06,2.2793452103086347,0.23893913128782365,2.1361768145392364
0.05,5.8638888011709765e-08,4.148479838261184e-06,1.212875052465405,0.3913865733508286,7.513512067664989
0.05,6.669314059379647e-08,4.148479838261184e-06,1.212875052465405,0.5014846912898118,7.513512067664989
0.05,5.928383247625669e-08,2.437153836500176e-07,1.039768176935592,0.48632668185227984,7.513512067664989
0.05,5.928383247625669e-08,3.7180105842625907e-07,2.9741698131508216,0.48632668185227984,7.513512067664989
0.05,5.928383247625669e-08,3.7180105842625907e-07,2.9741698131508216,0.48632668185227984,7.513512067664989
0.05,5.928383247625669e-08,3.7180105842625907e-07,1.4761028942609884,0.46725278381442686,7.513512067664989
0.05,5.928383247625669e-08,3.7180105842625907e-07,2.162400457486647,0.46725278381442686,7.513512067664989
0.05,5.928383247625669e-08,3.7180105842625907e-07,1.7256141762655532,0.46725278381442686,7.513512067664989
0.05,5.928383247625669e-08,8.916339020895273e-07,1.7256141762655532,0.27391255348097426,8.237470827074725
0.05,5.928383247625669e-08,4.4795404812436175e-07,1.7256141762655532,0.27391255348097426,8.237470827074725
0.05,5.928383247625669e-08,4.4795404812436175e-07,1.7256141762655532,0.27391255348097426,1.4941837570653433
0.05,5.928383247625669e-08,4.639422323735536e-06,1.7256141762655532,0.27391255348097426,5.865265078827088
0.05,5.928383247625669e-08,4.639422323735536e-06,1.7256141762655532,0.27391255348097426,3.594920993850847
0.05,5.928383247625669e-08,4.639422323735536e-06,1.690997867489947,0.15623025626836914,3.594920993850847
0.05,5.81809959345318e-08,4.639422323735536e-06,3.1719163438895053,0.3233828359897641,3.594920993850847
0.05,5.81809959345318e-08,4.639422323735536e-06,3.1719163438895053,0.3233828359897641,1.2963358304070984
0.05,5.81809959345318e-08,5.154382202856585e-07,3.06617077361865,0.14303661927279915,1.2963358304070984
0.05,5.81809959345318e-08,5.154382202856585e-07,2.732996996518967,0.14303661927279915,1.2963358304070984
0.05,5.81809959345318e-08,5.154382202856585e-07,2.732996996518967,0.14303661927279915,2.072449480772153
0.05,5.81809959345318e-08,4.267415226530417e-06,2.7431682531630535,0.14303661927279915,2.072449480772153
0.05,6.667261499695902e-08,4.267415226530417e-06,2.7431682531630535,0.14303661927279915,2.072449480772153
0.05,6.667261499695902e-08,4.267415226530417e-06,2.7431682531630535,0.14303661927279915,2.072449480772153
0.05,6.667261499695902e-08,4.267415226530417e-06,2.4616134754033463,0.2921043775781926,2.072449480772153
0.05,6.923318071575929e-08,4.267415226530417e-06,2.4616134754033463,0.2921043775781926,2.072449480772153
0.05,6.923318071575929e-08,4.267415226530417e-06,2.4245363223420435,0.2921043775781926,2.000321371378747
0.05,6.526525835224063e-08,4.267415226530417e-06,2.4245363223420435,0.2921043775781926,2.000321371378747
0.05,5.8695340140469105e-08,4.267415226530417e-06,2.4245363223420435,0.2921043775781926,2.000321371378747
0.05,5.691371140787969e-08,2.92613598918428e-06,2.4245363223420435,0.4636554294807856,3.0114540715281466
0.05,5.691371140787969e-08,6.437265469891758e-07,2.4245363223420435,0.47103438819283294,3.0114540715281466
0.05,5.691371140787969e-08,6.437265469891758e-07,2.4245363223420435,0.47103438819283294,3.0114540715281466
0.05,5.691371140787969e-08,6.437265469891758e-07,1.6984203333740602,0.47103438819283294,2.8762214302853115
0.05,5.691371140787969e-08,5.394722353732569e-07,1.6984203333740602,0.08114296719586235,2.5696621331452896
0.05,5.691371140787969e-08,2.2126515024313422e-07,1.4267044584191149,0.08114296719586235,1.5776253479388997
0.05,5.691371140787969e-08,1.1783553666292221e-06,1.1989697281026217,0.08114296719586235,3.4503642538817307
0.05,5.691371140787969e-08,4.645964199935015e-07,2.0595973450221416,0.18110144236152606,0.9025220921194748
0.05,6.711904277535163e-08,4.7105951850158886e-07,1.5329754656464343,0.2914556054462032,3.9827445296875865
0.05,6.711904277535163e-08,4.7105951850158886e-07,1.5329754656464343,0.3893599932001245,3.9827445296875865
0.05,6.711904277535163e-08,4.7105951850158886e-07,1.9492437786501884,0.45885415304521915,3.9827445296875865
0.05,7.01278222668295e-08,3.2832321537714976e-07,1.8293019478613797,0.5311224828866186,6.1805536959831056
0.05,7.01278222668295e-08,1.5211572908258764e-06,1.8293019478613797,0.22402326135424372,6.1805536959831056
0.05,7.01278222668295e-08,1.3130070697603394e-06,1.0328981228254994,0.37368565245379076,6.1805536959831056
0.05,7.01278222668295e-08,1.3130070697603394e-06,1.1503017145833088,0.24503445860859704,6.1805536959831056
0.05,7.01278222668295e-08,1.3130070697603394e-06,1.1503017145833088,0.24503445860859704,6.1805536959831056
0.05,7.659228866230401e-08,1.1883861839064492e-06,1.1503017145833088,0.0792722777472027,6.1805536959831056
0.05,8.97097129153959e-08,1.1883861839064492e-06,1.1503017145833088,0.0792722777472027,6.1805536959831056
0.05,8.97097129153959e-08,8.99210428527187e-07,1.6394330599132545,0.05428193877551645,1.3817331450273223
0.05,8.97097129153959e-08,8.99210428527187e-07,1.6394330599132545,0.05428193877551645,1.3817331450273223
0.05,8.97097129153959e-08,8.99210428527187e-07,1.6394330599132545,0.02926327519420904,1.3817331450273223
0.05,8.97097129153959e-08,8.99210428527187e-07,2.720298187091644,0.4623032808469999,1.3817331450273223
0.05,8.97097129153959e-08,8.99210428527187e-07,2.3217424863038656,0.22345105097145032,1.3817331450273223
0.05,5.985544710156737e-08,8.99210428527187e-07,2.3217424863038656,0.22345105097145032,1.3817331450273223
0.05,6.180068996022794e-08,8.99210428527187e-07,2.3217424863038656,0.22345105097145032,4.833087786418467
0.05,6.180068996022794e-08,8.99210428527187e-07,2.3217424863038656,0.3776045076123121,4.300411822311545
0.05,6.180068996022794e-08,8.99210428527187e-07,1.8176426993994146,0.3776045076123121,4.300411822311545
0.05,6.180068996022794e-08,8.715637119631467e-07,1.2019838563121021,0.3776045076123121,5.808224129052103
0.05,6.180068996022794e-08,9.114481489589849e-07,1.2019838563121021,0.3993931848542754,5.808224129052103
0.05,5.817187983876385e-08,9.114481489589849e-07,1.5122828096532006,0.5141304227908308,6.993095082770262
0.05,5.817187983876385e-08,9.114481489589849e-07,1.9729467623054946,0.3087184317114942,6.993095082770262
0.05,7.784391133184469e-08,9.114481489589849e-07,1.9729467623054946,0.3087184317114942,2.572428382263976
0.05,8.122844570439675e-08,9.114481489589849e-07,1.9729467623054946,0.3087184317114942,2.572428382263976
0.05,6.021393883345182e-08,6.872897253157433e-06,1.9729467623054946,0.3087184317114942,2.572428382263976
0.05,6.021393883345182e-08,9.163762399860874e-07,1.9729467623054946,0.3087184317114942,2.572428382263976
0.05,6.021393883345182e-08,5.603485039714313e-07,2.2036666856271427,0.3087184317114942,2.572428382263976
0.05,6.021393883345182e-08,5.603485039714313e-07,2.2036666856271427,0.3087184317114942,2.572428382263976
0.05,6.021393883345182e-08,5.603485039714313e-07,1.686380132216489,0.3087184317114942,2.572428382263976
0.05,6.021393883345182e-08,5.603485039714313e-07,1.686380132216489,0.3087184317114942,5.226191552708493
0.05,6.021393883345182e-08,5.603485039714313e-07,1.686380132216489,0.3087184317114942,2.5254296086858745
0.05,6.021393883345182e-08,5.603485039714313e-07,1.686380132216489,0.3087184317114942,2.5254296086858745
0.05,6.021393883345182e-08,5.603485039714313e-07,1.6522785731196743,0.3087184317114942,2.5254296086858745
0.05,6.021393883345182e-08,5.603485039714313e-07,1.4948607413896173,0.3087184317114942,9.274967182421431
0.05,6.910033793456774e-08,5.46990769428141e-08,1.4948607413896173,0.3087184317114942,9.274967182421431
0.05,6.910033793456774e-08,5.46990769428141e-08,1.4948607413896173,0.3087184317114942,9.274967182421431
0.05,5.853137016865604e-08,5.46990769428141e-08,1.4948607413896173,0.46864913221058835,9.274967182421431
0.05,5.853137016865604e-08,2.1556073306164908e-06,1.4948607413896173,0.5742769568547724,8.85477139321002
0.05,4.878887171663893e-08,2.1556073306164908e-06,1.4948607413896173,0.5742769568547724,8.475745228751078
0.05,6.270394743904217e-08,1.4685928633909617e-06,1.4948607413896173,0.5816709537510087,9.173987794696458
0.05,6.270394743904217e-08,1.4685928633909617e-06,1.4948607413896173,0.5816709537510087,9.278842673180405
0.05,6.270394743904217e-08,1.5575582893370203e-06,1.4948607413896173,0.5816709537510087,9.278842673180405
0.05,6.270394743904217e-08,1.5575582893370203e-06,1.4948607413896173,0.31012346492103754,9.278842673180405
0.05,6.270394743904217e-08,1.5575582893370203e-06,0.684528530299423,0.31012346492103754,9.632522564757753
0.05,4.9318904607033046e-08,1.1718095659163438e-06,0.684528530299423,0.31012346492103754,9.632522564757753
0.05,5.60944349021205e-08,1.1718095659163438e-06,0.7490537015594285,0.2147237566493767,5.504551250077449
0.05,5.60944349021205e-08,4.4321716472543375e-07,0.7490537015594285,0.2147237566493767,9.779602824298086
0.05,5.60944349021205e-08,1.6873586917270369e-06,1.1468657038291674,0.1998577769096988,9.897013376696417
0.05,5.60944349021205e-08,1.6873586917270369e-06,0.8383512941204585,0.1998577769096988,9.897013376696417
0.05,5.60944349021205e-08,1.6873586917270369e-06,1.6697716432685705,0.1998577769096988,5.983094155758461
0.05,5.8086350550614496e-08,1.6873586917270369e-06,1.6697716432685705,0.41003495155615094,7.0049430256144385
0.05,5.417970277590422e-08,2.481650370679893e-06,1.6697716432685705,0.19962861704267307,4.21623067555148
0.05,5.417970277590422e-08,2.481650370679893e-06,1.6697716432685705,0.18239240289854228,4.21623067555148
0.05,5.417970277590422e-08,2.481650370679893e-06,1.6697716432685705,0.18239240289854228,4.21623067555148
0.05,5.1866665788513326e-08,2.481650370679893e-06,1.6697716432685705,0.18239240289854228,1.9608124725634326
0.05,5.1866665788513326e-08,2.481650370679893e-06,1.5453467180396316,0.18239240289854228,3.0274096788355442
0.05,5.1866665788513326e-08,2.481650370679893e-06,2.1494961591383537,0.4406326027031129,3.0274096788355442
0.05,5.1866665788513326e-08,2.481650370679893e-06,2.2292379079391247,0.4406326027031129,3.933326869861154
0.05,5.1866665788513326e-08,2.860857583501377e-06,2.2292379079391247,0.4406326027031129,3.933326869861154
0.05,5.1866665788513326e-08,2.860857583501377e-06,2.2292379079391247,0.4406326027031129,2.94334706376916
0.05,5.1866665788513326e-08,2.7190733349725954e-06,2.2292379079391247,0.4406326027031129,2.94334706376916
0.05,5.1866665788513326e-08,2.7190733349725954e-06,2.2292379079391247,0.3201837191203621,5.14257884170216
0.05,5.167575550650861e-08,2.7190733349725954e-06,2.2292379079391247,0.3201837191203621,1.3361498289337062
0.05,5.167575550650861e-08,5.814760414848526e-06,2.4097788631020394,0.3201837191203621,1.3361498289337062
0.05,5.167575550650861e-08,5.814760414848526e-06,2.4097788631020394,0.3201837191203621,1.8368511184328726
0.05,4.821054056858959e-08,7.208190150372711e-07,2.4097788631020394,0.3201837191203621,1.8368511184328726
0.05,4.821054056858959e-08,7.208190150372711e-07,2.4097788631020394,0.3201837191203621,1.8368511184328726
0.05,4.821054056858959e-08,7.208190150372711e-07,1.5241984588633353,0.17046356758034653,1.8363543590214366
0.05,7.509535410819387e-08,2.4089832587410282e-06,1.6811594386167383,0.17046356758034653,1.8363543590214366
0.05,7.509535410819387e-08,2.4089832587410282e-06,0.898968275604143,0.17046356758034653,2.630601424784858
0.05,6.222907380829245e-08,2.4089832587410282e-06,2.2402515787539077,0.17046356758034653,2.630601424784858
0.05,6.222907380829245e-08,2.4089832587410282e-06,0.8181964788778707,0.17046356758034653,2.630601424784858
0.05,6.222907380829245e-08,2.4089832587410282e-06,1.5005838448126474,0.17046356758034653,2.630601424784858
0.05,6.163243188506712e-08,2.4089832587410282e-06,1.5005838448126474,0.17046356758034653,4.1410095716161175
0.05,6.363562180221657e-08,6.563123358857809e-06,1.5005838448126474,0.17046356758034653,2.0531954483905532
0.05,6.363562180221657e-08,7.463385307181174e-07,1.5005838448126474,0.04917476619840259,2.0531954483905532
0.05,6.363562180221657e-08,7.463385307181174e-07,1.5005838448126474,0.0408596225252038,2.0531954483905532
0.05,5.927082962215079e-08,7.463385307181174e-07,1.1828130500975584,0.023201638727184486,2.0531954483905532
0.05,5.166289783435237e-08,7.463385307181174e-07,1.1828130500975584,0.03722550829169064,2.0531954483905532
0.05,5.166289783435237e-08,1.6651345561590414e-06,1.1828130500975584,0.03722550829169064,2.0531954483905532
0.05,5.8804898620360224e-08,1.352605020956447e-06,1.1828130500975584,0.2581272939358984,8.971118375945046
0.05,5.8804898620360224e-08,6.458306727797221e-07,1.1828130500975584,0.2721181808537714,4.581909351044433
0.05,5.8804898620360224e-08,1.004635508404791e-06,1.6149684246682063,0.3111355457915469,4.581909351044433
0.05,5.8804898620360224e-08,1.004635508404791e-06,2.394133716489393,0.23970137560179344,4.581909351044433
0.05,5.8804898620360224e-08,1.004635508404791e-06,2.394133716489393,0.23970137560179344,4.581909351044433
0.05,5.8804898620360224e-08,1.004635508404791e-06,1.7143927403560624,0.23970137560179344,4.581909351044433
0.05,5.8804898620360224e-08,1.9373529945987428e-07,2.0335410915777214,0.23970137560179344,4.581909351044433
0.05,5.8804898620360224e-08,9.151836746584154e-08,2.0335410915777214,0.19254794289043123,4.581909351044433
0.05,5.8804898620360224e-08,2.6771873209976457e-06,1.2887241806226934,0.19254794289043123,4.581909351044433
0.05,5.8804898620360224e-08,2.6771873209976457e-06,2.246838566597746,0.18411627701883854,4.581909351044433
0.05,5.206925032027029e-08,8.754006636732134e-07,2.246838566597746,0.38976190321711157,4.581909351044433
0.05,4.9426093793586335e-08,8.754006636732134e-07,2.437604653988093,0.45232066363668477,4.581909351044433
0.05,4.9426093793586335e-08,8.754006636732134e-07,2.437604653988093,0.45232066363668477,4.581909351044433
0.05,4.9426093793586335e-08,1.3637247243902578e-06,1.4614098842137602,0.1852719371326247,4.581909351044433
0.05,4.2212337220931854e-08,1.3637247243902578e-06,1.4614098842137602,0.1852719371326247,2.9039476651469536
0.05,4.2212337220931854e-08,1.3637247243902578e-06,1.4614098842137602,0.22647798304742692,6.263676876639979
0.05,4.2212337220931854e-08,1.3637247243902578e-06,1.4614098842137602,0.22647798304742692,6.263676876639979
0.05,4.2212337220931854e-08,1.3637247243902578e-06,1.4614098842137602,0.2656664825264848,6.263676876639979
0.05,4.2212337220931854e-08,3.984801668004441e-06,1.4614098842137602,0.2656664825264848,4.64162538671553
0.05,4.2212337220931854e-08,2.580447903742221e-06,1.6251703468941459,0.15896945029929785,7.833138027349001
0.05,4.2212337220931854e-08,1.0192699540679748e-06,1.3138009498382042,0.15896945029929785,7.833138027349001
0.05,7.147765571608214e-08,1.0192699540679748e-06,1.4252706014007521,0.15896945029929785,7.833138027349001
0.05,7.147765571608214e-08,6.145607550801511e-06,1.4252706014007521,0.2190618714067072,3.6380352219840506
0.05,7.147765571608214e-08,6.145607550801511e-06,1.4252706014007521,0.021275387562210687,3.6380352219840506
0.05,7.024077333536408e-08,6.145607550801511e-06,1.4252706014007521,0.021275387562210687,3.6380352219840506
0.05,7.024077333536408e-08,1.2944513861521168e-06,1.4252706014007521,0.020095800997293002,3.6380352219840506
0.05,4.83407400437649e-08,4.88994166771167e-06,1.4252706014007521,0.01598024755470039,0.9513857265472404
0.05,4.83407400437649e-08,4.88994166771167e-06,1.4252706014007521,0.01598024755470039,3.1267659812843327
0.05,4.83407400437649e-08,4.88994166771167e-06,1.4252706014007521,0.12281505910410086,3.1267659812843327
0.05,4.83407400437649e-08,4.88994166771167e-06,2.0826894644215295,0.2753156893944908,3.1267659812843327
0.05,7.5233958974653e-08,4.88994166771167e-06,2.0826894644215295,0.2753156893944908,3.1267659812843327
0.05,7.98279925554645e-08,4.88994166771167e-06,1.8249707014717222,0.2753156893944908,1.354447985055757
0.05,7.98279925554645e-08,4.88994166771167e-06,1.8249707014717222,0.2753156893944908,1.354447985055757
0.05,7.98279925554645e-08,5.559918506118974e-07,1.7259232889396714,0.11414648511412931,1.354447985055757
0.05,7.98279925554645e-08,8.852081445069419e-07,2.583657097440075,0.11414648511412931,1.354447985055757
0.05,7.98279925554645e-08,5.160079521693449e-07,2.583657097440075,0.11414648511412931,1.354447985055757
0.05,6.847000098628939e-08,5.160079521693449e-07,1.2222333039277147,0.11414648511412931,1.354447985055757
0.05,6.847000098628939e-08,4.4367608844942356e-08,2.418593496706287,0.10693550116953097,1.354447985055757
0.05,6.847000098628939e-08,1.4965420121508688e-07,2.418593496706287,0.09063256561627867,1.354447985055757
0.05,6.847000098628939e-08,1.4965420121508688e-07,2.418593496706287,0.09063256561627867,0.1940877891141799
0.05,6.847000098628939e-08,1.4965420121508688e-07,2.622439126212341,0.09063256561627867,0.1940877891141799
0.05,6.847000098628939e-08,1.4965420121508688e-07,2.622439126212341,0.2405262575213224,0.7626568789844769
0.05,6.847000098628939e-08,6.453876101650727e-08,2.622439126212341,0.23432715763475678,0.7626568789844769
0.05,6.847000098628939e-08,6.453876101650727e-08,2.5029833991343704,0.23432715763475678,0.7626568789844769
0.05,6.847000098628939e-08,6.453876101650727e-08,2.5029833991343704,0.23432715763475678,0.7626568789844769
0.05,6.847000098628939e-08,6.453876101650727e-08,2.0298982012216897,0.1746395911061762,0.7240802596651651
0.05,6.847000098628939e-08,6.453876101650727e-08,2.0298982012216897,0.1746395911061762,0.7240802596651651
0.05,6.241952061590013e-08,6.453876101650727e-08,2.9599989119907706,0.1746395911061762,1.1698508620557222
0.05,6.241952061590013e-08,6.453876101650727e-08,2.9599989119907706,0.22429754563306198,1.1698508620557222
0.05,6.241952061590013e-08,1.9246434437539566e-08,2.1908320009732876,0.22429754563306198,1.1698508620557222
0.05,6.241952061590013e-08,1.9246434437539566e-08,2.1908320009732876,0.22429754563306198,1.1698508620557222
0.05,7.523040775655336e-08,1.9246434437539566e-08,2.1908320009732876,0.1470324835818073,1.1698508620557222
0.05,7.523040775655336e-08,1.9246434437539566e-08,2.092485559690951,0.1470324835818073,1.1698508620557222
0.05,7.523040775655336e-08,1.304413828597776e-07,2.092485559690951,0.1470324835818073,4.740308981243256
0.05,6.198588268533132e-08,3.7414465437689118e-06,2.092485559690951,0.1470324835818073,4.740308981243256
0.05,7.575258832505874e-08,1.7452816346233397e-06,1.9930602877955252,0.1470324835818073,4.740308981243256
0.05,7.575258832505874e-08,1.2846877041541774e-06,1.9930602877955252,0.1470324835818073,4.740308981243256
0.05,7.575258832505874e-08,1.2846877041541774e-06,1.9930602877955252,0.22676517251815062,4.740308981243256
0.05,7.575258832505874e-08,1.2846877041541774e-06,1.9930602877955252,0.22676517251815062,4.740308981243256
0.05,5.276182505548592e-08,6.354307852287041e-07,1.9930602877955252,0.22676517251815062,4.740308981243256
0.05,5.276182505548592e-08,6.354307852287041e-07,1.9930602877955252,0.26408910749941455,1.952889823773529
0.05,5.276182505548592e-08,6.354307852287041e-07,2.6186987376448196,0.26408910749941455,1.952889823773529
0.05,5.276182505548592e-08,3.1552419704849563e-06,2.6186987376448196,0.26408910749941455,2.577983648648796
0.05,4.562516476838241e-08,3.1552419704849563e-06,1.7304151685430356,0.26408910749941455,5.493943230063855
0.05,4.371118598378292e-08,3.207036236761994e-06,1.8048910908940958,0.26408910749941455,5.493943230063855
0.05,4.371118598378292e-08,3.207036236761994e-06,1.4183473347743911,0.26408910749941455,5.493943230063855
0.05,4.371118598378292e-08,3.207036236761994e-06,1.4183473347743911,0.26408910749941455,5.493943230063855
0.05,7.246825958208568e-08,3.207036236761994e-06,1.4183473347743911,0.3184300551134515,5.493943230063855
0.05,7.246825958208568e-08,3.207036236761994e-06,1.5837073080054327,0.3184300551134515,5.493943230063855
0.05,5.1594502139482953e-08,3.207036236761994e-06,1.5837073080054327,0.3184300551134515,5.493943230063855
0.05,4.668193191047661e-08,3.207036236761994e-06,1.5837073080054327,0.3774270162286705,5.921554334531147
0.05,4.668193191047661e-08,5.663327690275879e-07,1.5837073080054327,0.3774270162286705,5.921554334531147
0.05,4.668193191047661e-08,1.2304702657696218e-05,2.4637142263225114,0.3120553175822049,3.3693553705822303
0.05,4.668193191047661e-08,1.2304702657696218e-05,1.135082652056893,0.3120553175822049,3.3693553705822303
0.05,4.668193191047661e-08,1.2304702657696218e-05,1.135082652056893,0.3120553175822049,3.3693553705822303
0.05,4.668193191047661e-08,6.383674593175617e-07,2.3355598863503895,0.2025274988930893,3.3693553705822303
0.05,4.668193191047661e-08,6.383674593175617e-07,2.3355598863503895,0.2025274988930893,3.3693553705822303
0.05,9.410501311924607e-08,1.548958954215384e-06,2.3355598863503895,0.2025274988930893,3.3693553705822303
0.05,9.410501311924607e-08,6.137995804143301e-06,2.3355598863503895,0.14610528474527315,3.4048518425402707
0.05,9.410501311924607e-08,6.137995804143301e-06,2.3355598863503895,0.14610528474527315,0.6821467336355793
0.05,5.253239377005718e-08,1.5274829696520605e-06,2.3355598863503895,0.14610528474527315,0.6821467336355793
0.05,6.883578874555941e-08,1.5274829696520605e-06,2.3355598863503895,0.31847828607216316,0.6821467336355793
0.05,6.883578874555941e-08,1.5274829696520605e-06,2.3355598863503895,0.31847828607216316,0.6821467336355793
0.05,6.883578874555941e-08,1.5274829696520605e-06,2.3355598863503895,0.09545258112020129,0.6821467336355793
0.05,6.883578874555941e-08,1.5274829696520605e-06,2.525895752404596,0.09545258112020129,0.6821467336355793
0.05,6.883578874555941e-08,1.5274829696520605e-06,2.525895752404596,0.09545258112020129,0.6821467336355793
0.05,6.695060825441807e-08,2.022828168580939e-06,2.525895752404596,0.13606681307561147,0.6821467336355793
0.05,6.695060825441807e-08,2.022828168580939e-06,2.82149979979157,0.21441935992051278,0.6821467336355793
0.05,6.695060825441807e-08,8.178306710614472e-06,2.82149979979157,0.21441935992051278,0.6821467336355793
0.05,8.167216617143562e-08,1.6349723646651355e-06,2.6744355395957715,0.21441935992051278,0.12994127687064905
0.05,8.167216617143562e-08,1.6349723646651355e-06,2.6744355395957715,0.21441935992051278,0.12994127687064905
0.05,8.167216617143562e-08,1.316404391040343e-06,2.6744355395957715,0.21441935992051278,0.12994127687064905
0.05,8.167216617143562e-08,1.316404391040343e-06,2.6744355395957715,0.21441935992051278,0.12994127687064905
0.05,6.276869648072503e-08,2.6127807400488787e-06,2.6744355395957715,0.2617039706145392,1.8815805601994535
0.05,6.276869648072503e-08,2.6127807400488787e-06,1.303882807712716,0.3135366260202267,1.8815805601994535
0.05,7.132891498525613e-08,2.6127807400488787e-06,1.303882807712716,0.3135366260202267,1.8815805601994535
0.05,7.455989498523539e-08,2.6127807400488787e-06,1.303882807712716,0.5031032718524255,4.551138286373059
0.05,7.455989498523539e-08,2.6127807400488787e-06,0.9153433392302843,0.5031032718524255,4.551138286373059
0.05,7.439177554467491e-08,2.6127807400488787e-06,2.3869427829416865,0.5031032718524255,4.861758948508516
0.05,7.439177554467491e-08,2.6127807400488787e-06,2.1643963752287783,0.4381106136343139,7.078422700634719
0.05,7.439177554467491e-08,1.6370765777124504e-06,1.0709129552487955,0.5034129051657683,9.477868913595348
0.05,7.439177554467491e-08,1.6370765777124504e-06,1.0709129552487955,0.5034129051657683,7.620325121339796
0.05,7.439177554467491e-08,1.6370765777124504e-06,1.0709129552487955,0.5034129051657683,7.620325121339796
0.05,7.439177554467491e-08,1.6370765777124504e-06,1.0709129552487955,0.4615558305934374,7.620325121339796
0.05,6.800671049315232e-08,1.6370765777124504e-06,1.0709129552487955,0.4615558305934374,8.285371375290563
0.05,6.800671049315232e-08,1.6370765777124504e-06,1.0709129552487955,0.42493542477131285,8.370579290447633
0.05,6.800671049315232e-08,9.182516627744056e-07,1.5388711962533572,0.42493542477131285,5.196603581311998
0.05,6.800671049315232e-08,9.182516627744056e-07,1.5388711962533572,0.42493542477131285,5.6159412677852885
0.05,6.800671049315232e-08,9.182516627744056e-07,1.1874676596561797,0.42493542477131285,5.6159412677852885
0.05,6.800671049315232e-08,9.182516627744056e-07,1.1874676596561797,0.42493542477131285,9.320929486568184
0.05,6.800671049315232e-08,9.182516627744056e-07,1.1874676596561797,0.42493542477131285,8.382729015113181
0.05,6.800671049315232e-08,9.182516627744056e-07,1.1874676596561797,0.42981712342900374,8.382729015113181
0.05,6.800671049315232e-08,2.1500578429482048e-07,0.9943600614517225,0.07904933618926212,7.0020604397442
0.05,6.800671049315232e-08,2.1500578429482048e-07,0.9943600614517225,0.46218343960738195,7.0020604397442
0.05,6.800671049315232e-08,2.1500578429482048e-07,1.7074508400130708,0.3145188822071046,7.0020604397442
0.05,6.800671049315232e-08,2.1500578429482048e-07,1.7074508400130708,0.3145188822071046,7.0020604397442
0.05,6.800671049315232e-08,2.1500578429482048e-07,1.7074508400130708,0.36153564803827626,7.0020604397442
0.05,6.800671049315232e-08,2.1500578429482048e-07,1.8201200559043964,0.36153564803827626,7.0020604397442
0.05,6.619147894102228e-08,1.0999436697892009e-06,1.8201200559043964,0.36153564803827626,7.0020604397442
0.05,6.619147894102228e-08,1.0999436697892009e-06,1.8201200559043964,0.36153564803827626,7.0020604397442
0.05,6.619147894102228e-08,1.0999436697892009e-06,1.3200098796235542,0.36153564803827626,7.0020604397442
0.05,7.565257046101322e-08,1.0999436697892009e-06,1.3200098796235542,0.5159444436705743,8.003228972734167
0.05,7.565257046101322e-08,1.0999436697892009e-06,1.3200098796235542,0.5159444436705743,8.003228972734167
0.05,7.565257046101322e-08,1.0999436697892009e-06,1.3200098796235542,0.4611204836578418,8.471900015154258
0.05,7.565257046101322e-08,1.0999436697892009e-06,1.3200098796235542,0.4611204836578418,8.471900015154258
0.05,7.565257046101322e-08,1.0999436697892009e-06,1.1237444618783,0.4611204836578418,8.152893472121168
0.05,7.565257046101322e-08,1.0999436697892009e-06,1.1237444618783,0.4611204836578418,8.152893472121168
0.05,7.565257046101322e-08,3.2828574478431093e-06,2.3693089946188954,0.4611204836578418,6.364475330487536
0.05,8.369964588829713e-08,1.1026275210402673e-06,2.3693089946188954,0.4611204836578418,6.364475330487536
0.05,8.369964588829713e-08,1.1026275210402673e-06,2.445623701493063,0.2152633784345122,4.673896224785825
0.05,8.369964588829713e-08,1.1026275210402673e-06,2.445623701493063,0.2152633784345122,2.643278311882412
0.05,8.369964588829713e-08,2.4298829147926897e-06,2.445623701493063,0.2152633784345122,0.820476406157124
0.05,7.490007172607966e-08,8.469746347911167e-07,2.9854430033575796,0.2152633784345122,0.820476406157124
0.05,7.490007172607966e-08,8.469746347911167e-07,2.32552529700869,0.2152633784345122,0.820476406157124
0.05,6.605699747817633e-08,1.1136567636387162e-06,2.090165751236896,0.2152633784345122,2.983160402343372
0.05,6.605699747817633e-08,2.0759938033027242e-07,2.090165751236896,0.24550406453458434,2.983160402343372
0.05,6.605699747817633e-08,1.015093084664423e-06,1.3330272936394192,0.24550406453458434,1.1019057963438563
0.05,6.605699747817633e-08,5.191915196947783e-07,2.4574542722492514,0.24550406453458434,1.1019057963438563
0.05,6.605699747817633e-08,5.191915196947783e-07,2.4574542722492514,0.24550406453458434,1.1019057963438563
0.05,6.605699747817633e-08,5.191915196947783e-07,1.8259836439551427,0.15459515429714105,1.1019057963438563
0.05,6.600015861698843e-08,5.191915196947783e-07,1.8259836439551427,0.10478691942266394,1.1019057963438563
0.05,6.600015861698843e-08,5.191915196947783e-07,2.140693589450902,0.12495862001008244,0.6378627897168692
0.05,6.600015861698843e-08,5.191915196947783e-07,2.140693589450902,0.2439583462005318,0.6378627897168692
0.05,6.600015861698843e-08,5.191915196947783e-07,2.140693589450902,0.2439583462005318,3.552987241480741
0.05,6.600015861698843e-08,5.191915196947783e-07,1.2797830102495364,0.2439583462005318,6.853188314865584
0.05,6.600015861698843e-08,6.259402631449232e-06,1.2797830102495364,0.46352643858104725,6.853188314865584
0.05,6.600015861698843e-08,6.259402631449232e-06,2.0190295771333227,0.46352643858104725,6.853188314865584
0.05,6.600015861698843e-08,6.259402631449232e-06,1.982509144555313,0.46352643858104725,6.853188314865584
0.05,4.414520054473808e-08,6.259402631449232e-06,1.982509144555313,0.46352643858104725,7.132987721663575
0.05,4.414520054473808e-08,6.259402631449232e-06,1.982509144555313,0.46352643858104725,7.646945695452495
0.05,4.414520054473808e-08,6.3740577980312455e-06,1.982509144555313,0.46352643858104725,6.171748676410488
0.05,4.414520054473808e-08,9.171901811362092e-07,2.7908358951444145,0.46352643858104725,6.171748676410488
0.05,4.414520054473808e-08,9.171901811362092e-07,2.7908358951444145,0.46352643858104725,7.973793391032139
0.05,4.470480844155224e-08,9.171901811362092e-07,2.8760743072721833,0.46352643858104725,7.973793391032139
0.05,4.470480844155224e-08,3.228163164876065e-06,2.8760743072721833,0.4428598739853231,8.291792944249774
0.05,4.470480844155224e-08,3.228163164876065e-06,2.8760743072721833,0.4428598739853231,8.291792944249774
0.05,5.622101106201442e-08,3.228163164876065e-06,0.9301642356871123,0.33277763744390726,6.613972860394264
0.05,5.622101106201442e-08,3.228163164876065e-06,1.6083352301049836,0.33277763744390726,6.613972860394264
0.05,5.953595898020271e-08,3.228163164876065e-06,1.6083352301049836,0.33277763744390726,6.613972860394264
0.05,5.953595898020271e-08,3.228163164876065e-06,1.8714448162760262,0.33277763744390726,2.3192748458869277
0.05,5.953595898020271e-08,3.228163164876065e-06,1.8714448162760262,0.2126729814117113,4.1731615701654805
0.05,5.953595898020271e-08,3.228163164876065e-06,1.8714448162760262,0.2126729814117113,6.274424385890486
0.05,5.953595898020271e-08,3.228163164876065e-06,1.8714448162760262,0.2126729814117113,6.274424385890486
0.05,5.953595898020271e-08,3.228163164876065e-06,1.8714448162760262,0.1890395193070914,0.7880675479879327
0.05,5.227234628401487e-08,1.089131456189915e-06,1.8714448162760262,0.1890395193070914,0.7880675479879327
0.05,5.227234628401487e-08,1.089131456189915e-06,1.8714448162760262,0.21457625222756338,2.2264022953703693
0.05,5.227234628401487e-08,1.089131456189915e-06,1.8714448162760262,0.21457625222756338,2.2264022953703693
0.05,7.873156142165762e-08,8.43635387261375e-07,1.8714448162760262,0.21457625222756338,2.2264022953703693
0.05,4.825810748452255e-08,8.43635387261375e-07,1.8714448162760262,0.21457625222756338,2.2264022953703693
0.05,4.825810748452255e-08,8.43635387261375e-07,2.2000909709454803,0.21457625222756338,2.2264022953703693
0.05,5.110235271470667e-08,8.43635387261375e-07,2.2000909709454803,0.21457625222756338,2.2264022953703693
0.05,5.110235271470667e-08,8.43635387261375e-07,2.2000909709454803,0.21457625222756338,2.2264022953703693
0.05,5.110235271470667e-08,4.383883691836961e-07,2.2000909709454803,0.3403069546610199,4.418462659202657
0.05,7.349312567895411e-08,4.383883691836961e-07,2.2000909709454803,0.3403069546610199,0.8655989583415545
0.05,8.436294874034102e-08,1.3141675167424544e-06,2.0493571495004748,0.23489007247046997,3.082600503435141
0.05,8.216115868633903e-08,1.3141675167424544e-06,1.6980979556773044,0.2783596237809605,3.082600503435141
0.05,8.216115868633903e-08,1.3141675167424544e-06,1.6980979556773044,0.2783596237809605,8.18232232693624
0.05,8.216115868633903e-08,1.3141675167424544e-06,1.6980979556773044,0.2783596237809605,2.3432486240586883
0.05,8.216115868633903e-08,1.3141675167424544e-06,1.6980979556773044,0.2783596237809605,2.3432486240586883
0.05,8.216115868633903e-08,1.3141675167424544e-06,1.6980979556773044,0.25855559536812905,2.3432486240586883
0.05,8.216115868633903e-08,1.3141675167424544e-06,1.6980979556773044,0.25855559536812905,4.3598082564268
0.05,8.216115868633903e-08,1.3141675167424544e-06,1.6980979556773044,0.40610900283881546,4.3598082564268
0.05,7.284897898974472e-08,1.3141675167424544e-06,1.663213316974742,0.40610900283881546,4.3598082564268
0.05,7.284897898974472e-08,1.3141675167424544e-06,1.6583939234897613,0.40610900283881546,4.3598082564268
0.05,4.9789736484395775e-08,1.3141675167424544e-06,2.0092487202076583,0.49981765978634,4.3598082564268
0.05,4.9789736484395775e-08,1.3141675167424544e-06,2.0092487202076583,0.49981765978634,7.478959103486322
0.05,4.9789736484395775e-08,1.3141675167424544e-06,2.0092487202076583,0.515622068044734,7.478959103486322
0.05,4.9789736484395775e-08,1.3141675167424544e-06,2.0092487202076583,0.23333477217297435,4.20722501161038
0.05,7.664098484362273e-08,1.095754012479855e-06,2.0092487202076583,0.23333477217297435,4.20722501161038
0.05,7.664098484362273e-08,1.095754012479855e-06,2.0092487202076583,0.23333477217297435,4.20722501161038
0.05,7.664098484362273e-08,1.095754012479855e-06,1.6501956740496047,0.23333477217297435,4.20722501161038
0.05,7.664098484362273e-08,1.095754012479855e-06,1.6501956740496047,0.23333477217297435,4.20722501161038
0.05,7.664098484362273e-08,1.095754012479855e-06,1.2777762632066045,0.47427062149638255,4.20722501161038
0.05,7.664098484362273e-08,1.095754012479855e-06,1.2777762632066045,0.47427062149638255,4.20722501161038
0.05,5.0379742472002435e-08,2.1894058259760005e-06,2.470827253541619,0.47427062149638255,4.20722501161038
0.05,5.0379742472002435e-08,2.1894058259760005e-06,2.470827253541619,0.47427062149638255,4.20722501161038
0.05,5.0379742472002435e-08,2.1894058259760005e-06,2.470827253541619,0.529739801139202,4.20722501161038
0.05,5.0379742472002435e-08,2.1894058259760005e-06,2.470827253541619,0.529739801139202,4.20722501161038
0.05,4.131129079268705e-08,2.1894058259760005e-06,2.961056854351449,0.21060481549743298,4.20722501161038
0.05,4.131129079268705e-08,2.227434465130766e-06,2.961056854351449,0.20696700810547794,4.20722501161038
0.05,3.638673673274105e-08,2.227434465130766e-06,2.961056854351449,0.20696700810547794,4.20722501161038
0.05,3.638673673274105e-08,2.227434465130766e-06,2.961056854351449,0.2977681226118635,0.17504350219426518
0.05,3.638673673274105e-08,3.433806130739937e-06,2.961056854351449,0.2977681226118635,0.17504350219426518
0.05,6.959287217227118e-08,4.0668555845321305e-06,2.961056854351449,0.3463301676557602,0.09565949805448543
0.05,5.68587761601553e-08,7.906264052474487e-07,3.9960236833125813,0.26944127184354255,0.09565949805448543
0.05,7.662548620190644e-08,4.7397251198708657e-07,3.9960236833125813,0.26944127184354255,0.09136138518823167
0.05,7.662548620190644e-08,2.540075817346434e-06,2.1764002883194062,0.26944127184354255,0.15447561032741666
0.05,7.662548620190644e-08,2.540075817346434e-06,2.1764002883194062,0.26944127184354255,0.1428989035965539
0.05,7.662548620190644e-08,2.540075817346434e-06,2.1764002883194062,0.3010547756762999,3.155644046017285
0.05,7.662548620190644e-08,2.540075817346434e-06,2.1764002883194062,0.3010547756762999,3.155644046017285
0.05,7.662548620190644e-08,2.540075817346434e-06,1.291684606537527,0.3010547756762999,3.155644046017285
0.05,7.662548620190644e-08,2.540075817346434e-06,3.649318205433929,0.3010547756762999,3.155644046017285
0.05,6.133457014601379e-08,2.540075817346434e-06,3.649318205433929,0.3010547756762999,3.155644046017285
0.05,6.133457014601379e-08,2.540075817346434e-06,3.672720431303722,0.3010547756762999,0.062038943965905285
0.05,6.133457014601379e-08,2.540075817346434e-06,3.672720431303722,0.3010547756762999,0.062038943965905285
0.05,6.133457014601379e-08,2.540075817346434e-06,2.913470599592735,0.3010547756762999,0.1216897370084
0.05,5.8774271815174236e-08,2.540075817346434e-06,2.2052195674464334,0.3010547756762999,0.1216897370084
0.05,5.8774271815174236e-08,2.540075817346434e-06,2.2052195674464334,0.12795345434467126,0.1216897370084
0.05,5.5267958210548974e-08,2.540075817346434e-06,2.9069163927361013,0.09596012768719327,0.1216897370084
0.05,5.5267958210548974e-08,2.540075817346434e-06,2.9069163927361013,0.09596012768719327,0.1216897370084
0.05,5.5267958210548974e-08,2.540075817346434e-06,2.9069163927361013,0.09596012768719327,0.1971116916164597
0.05,5.5267958210548974e-08,2.540075817346434e-06,2.9069163927361013,0.2943499336304137,1.3767239295736697
0.05,5.5267958210548974e-08,2.9469235906378695e-06,2.9069163927361013,0.2943499336304137,1.3767239295736697
0.05,5.5267958210548974e-08,2.9469235906378695e-06,2.5254388789711495,0.2943499336304137,1.3767239295736697
0.05,6.369232384003674e-08,2.9469235906378695e-06,2.5254388789711495,0.2943499336304137,1.3767239295736697
0.05,6.052335371712663e-08,2.9469235906378695e-06,2.5254388789711495,0.35582978368377594,1.2705581970929307
0.05,6.052335371712663e-08,2.803454048682751e-06,1.0504086081242443,0.13725955461532435,1.2705581970929307
0.05,8.141454298373555e-08,1.163367256791504e-06,1.0504086081242443,0.23094313713664352,2.022489452743747
0.05,8.141454298373555e-08,1.163367256791504e-06,2.0810572569500927,0.23094313713664352,2.022489452743747
0.05,8.141454298373555e-08,1.163367256791504e-06,2.0810572569500927,0.24577940529757214,2.022489452743747
0.05,8.141454298373555e-08,1.163367256791504e-06,2.0810572569500927,0.24577940529757214,2.022489452743747
0.05,8.141454298373555e-08,1.163367256791504e-06,2.0810572569500927,0.24577940529757214,2.022489452743747
0.05,8.037177685230519e-08,1.163367256791504e-06,1.0798966878743672,0.24577940529757214,1.1370706298189743
0.05,5.500442194491895e-08,1.163367256791504e-06,1.0798966878743672,0.09984013693572122,0.8655636291736155
0.05,5.500442194491895e-08,1.163367256791504e-06,1.8067327752199072,0.09984013693572122,1.962860848430759
0.05,5.500442194491895e-08,5.009286531919215e-06,2.0443858675157864,0.4116546405181835,2.5333697815137324
0.05,5.500442194491895e-08,2.7647692544603565e-07,2.0443858675157864,0.4116546405181835,3.7568737984571623
0.05,2.9729281706683027e-08,2.7647692544603565e-07,2.0443858675157864,0.4116546405181835,6.715985180874253
0.05,1.0301849344942131e-07,3.889781237321417e-06,2.0443858675157864,0.4116546405181835,3.7713291181794033
0.05,1.0301849344942131e-07,8.764745331560281e-07,2.0443858675157864,0.4116546405181835,3.7713291181794033
0.05,1.0301849344942131e-07,8.764745331560281e-07,2.1254574800851187,0.4116546405181835,2.5696913298096975
0.05,8.31576144702754e-08,8.764745331560281e-07,2.1254574800851187,0.4116546405181835,2.5696913298096975
0.05,5.5250982139610284e-08,8.764745331560281e-07,1.8922301838223097,0.4396710384543436,7.244911680307529
0.05,5.5250982139610284e-08,8.764745331560281e-07,1.8922301838223097,0.4396710384543436,7.197667166357945
0.05,5.5250982139610284e-08,5.681826285586622e-06,1.8922301838223097,0.4396710384543436,7.197667166357945
0.05,5.5250982139610284e-08,6.9895492631054745e-06,1.8922301838223097,0.4396710384543436,7.197667166357945
0.05,5.5250982139610284e-08,6.9895492631054745e-06,1.8922301838223097,0.4396710384543436,7.197667166357945
0.05,5.5250982139610284e-08,6.9895492631054745e-06,1.8922301838223097,0.4396710384543436,7.357117064234789
0.05,5.5250982139610284e-08,6.9895492631054745e-06,1.8922301838223097,0.34239813417952203,6.952102447758942
0.05,5.5250982139610284e-08,6.9895492631054745e-06,1.8922301838223097,0.34239813417952203,6.952102447758942
0.05,5.5250982139610284e-08,6.9895492631054745e-06,1.8922301838223097,0.34239813417952203,1.4844084120209375
0.05,5.5250982139610284e-08,6.9895492631054745e-06,1.8922301838223097,0.34239813417952203,1.4844084120209375
0.05,5.5250982139610284e-08,6.9895492631054745e-06,1.8922301838223097,0.18138129295034497,1.1692482571254983
0.05,5.5250982139610284e-08,6.9895492631054745e-06,1.8922301838223097,0.18138129295034497,0.9259061713518935
0.05,5.5250982139610284e-08,6.9895492631054745e-06,3.044846855876162,0.18138129295034497,0.6822216785255573
0.05,5.5250982139610284e-08,1.7163095981901984e-07,3.044846855876162,0.2588584003411828,0.8728912672072267
0.05,6.627798580125028e-08,3.076854334107748e-07,3.044846855876162,0.2588584003411828,0.8728912672072267
0.05,6.627798580125028e-08,1.3730171736882324e-06,3.044846855876162,0.2588584003411828,0.8728912672072267
0.05,6.627798580125028e-08,1.3730171736882324e-06,3.4116020781913026,0.1950421391930328,0.8728912672072267
0.05,6.627798580125028e-08,1.3730171736882324e-06,3.4116020781913026,0.1950421391930328,0.8728912672072267
0.05,6.646498365003013e-08,1.087105914937764e-06,3.795635925773489,0.1950421391930328,0.8728912672072267
0.05,6.646498365003013e-08,1.087105914937764e-06,3.795635925773489,0.1950421391930328,0.25203099146079566
0.05,5.4573659513713614e-08,1.087105914937764e-06,3.795635925773489,0.1950421391930328,0.25203099146079566
0.05,5.4573659513713614e-08,1.087105914937764e-06,3.795635925773489,0.1950421391930328,0.25203099146079566
0.05,5.4573659513713614e-08,3.443765073364669e-06,3.7889042845108216,0.1950421391930328,0.25203099146079566
0.05,6.778245222101807e-08,3.443765073364669e-06,2.487311584401844,0.28878592835525524,0.3357426473350051
0.05,6.778245222101807e-08,3.443765073364669e-06,2.487311584401844,0.28878592835525524,0.3357426473350051
0.05,6.778245222101807e-08,2.936972247085355e-06,2.487311584401844,0.29728661950525603,0.04300288130536075
0.05,6.778245222101807e-08,2.936972247085355e-06,2.487311584401844,0.29728661950525603,0.09819375940826021
0.05,6.778245222101807e-08,2.936972247085355e-06,2.487311584401844,0.29728661950525603,0.03018336231623129
0.05,6.778245222101807e-08,2.936972247085355e-06,2.487311584401844,0.29728661950525603,0.38534692858629527
0.05,7.09466149095343e-08,6.201260358997961e-07,2.487311584401844,0.12249653259618286,0.38534692858629527
0.05,7.09466149095343e-08,6.201260358997961e-07,2.487311584401844,0.05743180800345329,0.11262133611700367
0.05,7.09466149095343e-08,6.201260358997961e-07,1.6696850487759693,0.07382076335939942,0.3464188270612439
0.05,7.09466149095343e-08,6.201260358997961e-07,1.6696850487759693,0.05806521145553231,0.3464188270612439
0.05,7.09466149095343e-08,6.201260358997961e-07,1.6696850487759693,0.05806521145553231,0.02064669294973894
0.05,7.552458620439018e-08,6.201260358997961e-07,1.7536583577528433,0.16031614929101964,1.752063974213224
0.05,8.680611741537559e-08,6.201260358997961e-07,1.7536583577528433,0.15783298586069724,2.1057120393918107
0.05,8.680611741537559e-08,1.4646445826973178e-06,1.7536583577528433,0.1634780062888012,2.1057120393918107
0.05,8.680611741537559e-08,1.4646445826973178e-06,1.7536583577528433,0.1634780062888012,2.1057120393918107
0.05,4.423853922140285e-08,1.0435439919464694e-06,1.7536583577528433,0.1634780062888012,5.273077417308794
0.05,4.423853922140285e-08,2.6782871304522253e-07,1.7536583577528433,0.22783655784654838,5.273077417308794
0.05,4.423853922140285e-08,2.6782871304522253e-07,1.7536583577528433,0.357218367431044,5.273077417308794
0.05,4.423853922140285e-08,1.9561710609159036e-06,1.7536583577528433,0.357218367431044,5.273077417308794
0.05,3.9425439720057343e-08,9.913911676192099e-07,1.7536583577528433,0.357218367431044,5.273077417308794
0.05,3.9425439720057343e-08,9.913911676192099e-07,1.7536583577528433,0.357218367431044,5.273077417308794
0.05,5.37789321101008e-08,1.2102318075718613e-06,1.7536583577528433,0.357218367431044,4.163642563006243
0.05,5.37789321101008e-08,1.2102318075718613e-06,1.7536583577528433,0.357218367431044,4.163642563006243
0.05,7.729584811908488e-08,1.2102318075718613e-06,1.7536583577528433,0.5537569137464947,6.005406462033265
0.05,7.729584811908488e-08,1.2102318075718613e-06,2.0242339248272736,0.5537569137464947,3.515186595467796
0.05,6.931057357714403e-08,1.2102318075718613e-06,2.0242339248272736,0.5368351837532527,4.817823257692003
0.05,6.931057357714403e-08,1.1900993093992792e-06,2.0242339248272736,0.5368351837532527,6.091657753244853
0.05,6.931057357714403e-08,1.1900993093992792e-06,2.0242339248272736,0.4227567186812294,6.091657753244853
0.05,6.279186619550841e-08,1.1900993093992792e-06,1.4819031742730617,0.20819474976078223,6.091657753244853
0.05,6.279186619550841e-08,2.6566641828913707e-06,1.0191180368714738,0.2850406491765967,6.091657753244853
0.05,6.279186619550841e-08,2.679339991971159e-06,1.0191180368714738,0.2850406491765967,6.091657753244853
0.05,5.801443497684431e-08,2.679339991971159e-06,1.0191180368714738,0.2850406491765967,6.500785779965193
0.05,4.199924415778127e-08,2.679339991971159e-06,1.3953050175705617,0.2850406491765967,6.500785779965193
0.05,4.199924415778127e-08,2.679339991971159e-06,2.4862132074725567,0.2850406491765967,4.20750344389143
0.05,6.607504720982225e-08,2.679339991971159e-06,1.9942888364122435,0.2850406491765967,4.20750344389143
0.05,6.607504720982225e-08,1.6423993921258088e-06,1.9942888364122435,0.30861579492369373,4.20750344389143
0.05,5.9285286517571035e-08,1.6423993921258088e-06,1.9942888364122435,0.30861579492369373,4.20750344389143
0.05,5.9285286517571035e-08,1.6423993921258088e-06,1.9942888364122435,0.30861579492369373,1.9975723374985788
0.05,7.608914238712246e-08,1.6423993921258088e-06,1.9942888364122435,0.30861579492369373,6.156190482855032
0.05,7.608914238712246e-08,2.0750203379373923e-06,1.9942888364122435,0.30861579492369373,6.156190482855032
0.05,6.536526498799356e-08,2.0750203379373923e-06,1.6433405526763014,0.30861579492369373,6.156190482855032
0.05,6.536526498799356e-08,2.0750203379373923e-06,1.4395502598902676,0.30861579492369373,6.51712979807699
0.05,6.536526498799356e-08,2.0750203379373923e-06,2.0436074518307974,0.30861579492369373,7.655477579324852
0.05,6.536526498799356e-08,6.125303251517859e-07,1.151072712920974,0.30861579492369373,5.272065113778744
0.05,6.536526498799356e-08,6.125303251517859e-07,1.3284656439097073,0.30861579492369373,5.272065113778744
0.05,6.536526498799356e-08,6.125303251517859e-07,1.3284656439097073,0.30861579492369373,5.519368056816766
0.05,6.536526498799356e-08,6.125303251517859e-07,1.4986115055392266,0.4785681367940369,5.519368056816766
0.05,6.536526498799356e-08,6.125303251517859e-07,1.4986115055392266,0.4785681367940369,5.519368056816766
0.05,6.536526498799356e-08,6.125303251517859e-07,1.4986115055392266,0.2366415459804241,3.6005686377070827
0.05,6.536526498799356e-08,6.125303251517859e-07,1.4986115055392266,0.2366415459804241,2.0705601696665115
0.05,6.536526498799356e-08,6.125303251517859e-07,1.4986115055392266,0.09422342113170631,2.0705601696665115
0.05,6.536526498799356e-08,6.125303251517859e-07,1.1512651231009814,0.09422342113170631,2.0705601696665115
0.05,6.536526498799356e-08,6.125303251517859e-07,1.1512651231009814,0.09422342113170631,2.0705601696665115
0.05,6.536526498799356e-08,2.3557996587856372e-06,1.1512651231009814,0.0613893148140429,2.0705601696665115
0.05,6.536526498799356e-08,2.3557996587856372e-06,1.1512651231009814,0.17755713693551126,2.0705601696665115
0.05,6.536526498799356e-08,2.3557996587856372e-06,1.1512651231009814,0.20712891915822476,9.308981722490296
0.05,6.536526498799356e-08,1.030625673577652e-06,1.1640099582216643,0.35200913570224657,8.229838827897526
0.05,7.142601149690377e-08,1.030625673577652e-06,1.5121079688484773,0.5169850042719049,8.229838827897526
0.05,7.142601149690377e-08,1.030625673577652e-06,1.5121079688484773,0.37600733654596885,8.229838827897526
0.05,7.142601149690377e-08,2.7085520403133566e-07,1.5121079688484773,0.37600733654596885,8.229838827897526
0.05,7.142601149690377e-08,2.7085520403133566e-07,2.1136101988809735,0.37600733654596885,5.1524270653703885
0.05,4.968113791541903e-08,2.7085520403133566e-07,2.1136101988809735,0.37600733654596885,5.1524270653703885
0.05,4.968113791541903e-08,2.7085520403133566e-07,1.8613076065988141,0.37600733654596885,5.1524270653703885
0.05,4.968113791541903e-08,2.7085520403133566e-07,1.8613076065988141,0.37600733654596885,5.1524270653703885
0.05,4.968113791541903e-08,2.7085520403133566e-07,1.8613076065988141,0.2553632608803527,2.5008685883545656
0.05,4.968113791541903e-08,8.681653182169506e-07,1.9406954947569253,0.30068337228265685,2.5008685883545656
0.05,4.968113791541903e-08,8.681653182169506e-07,1.9406954947569253,0.30068337228265685,2.5008685883545656
0.05,6.990996196203597e-08,1.7779511471326307e-07,1.9406954947569253,0.30068337228265685,5.860239194610802
0.05,6.990996196203597e-08,5.400073801044977e-07,1.9406954947569253,0.16311322352590585,2.354747492609699
0.05,6.990996196203597e-08,5.400073801044977e-07,2.3430089953014512,0.1121565181240022,2.354747492609699
0.05,6.990996196203597e-08,5.400073801044977e-07,2.949846551073929,0.27961425323788164,2.354747492609699
0.05,6.098430329116751e-08,5.400073801044977e-07,3.6514922152240166,0.27961425323788164,2.354747492609699
0.05,6.098430329116751e-08,5.400073801044977e-07,3.6514922152240166,0.2688473061351427,2.354747492609699
0.05,6.098430329116751e-08,3.005486853045489e-06,3.6514922152240166,0.2688473061351427,2.354747492609699
0.05,6.098430329116751e-08,3.005486853045489e-06,3.6514922152240166,0.23250316694431095,2.354747492609699
0.05,6.098430329116751e-08,3.005486853045489e-06,1.8739998866411625,0.23250316694431095,2.354747492609699
0.05,6.098430329116751e-08,3.005486853045489e-06,1.8739998866411625,0.23250316694431095,2.354747492609699
0.05,6.098430329116751e-08,3.005486853045489e-06,1.8739998866411625,0.2076126914229597,2.354747492609699
0.05,6.098430329116751e-08,1.2709665996679169e-06,1.8739998866411625,0.2076126914229597,1.306147966701838
0.05,5.8975290097088104e-08,3.2931179890513484e-07,1.6070225503192028,0.30776708150551857,1.306147966701838
0.05,5.8975290097088104e-08,3.2931179890513484e-07,2.311967280396127,0.30776708150551857,4.514346947057114
0.05,5.8975290097088104e-08,1.5542333686652347e-06,2.7870905818897453,0.30776708150551857,4.903363954144007
0.05,5.8975290097088104e-08,3.1807196210293016e-06,2.7870905818897453,0.30776708150551857,2.2261250061223787
0.05,6.472901582238936e-08,3.1807196210293016e-06,2.7870905818897453,0.30776708150551857,2.2261250061223787
0.05,5.245231865584192e-08,3.1807196210293016e-06,2.7870905818897453,0.30776708150551857,2.5479929620703716
0.05,5.4162819481937857e-08,3.1807196210293016e-06,2.7870905818897453,0.30776708150551857,2.5479929620703716
0.05,5.4162819481937857e-08,5.353024621967336e-07,2.7870905818897453,0.22143962719268973,2.958157273062087
0.05,7.437850415587269e-08,5.085817630201032e-07,2.7870905818897453,0.22143962719268973,2.958157273062087
0.05,7.437850415587269e-08,5.085817630201032e-07,2.7870905818897453,0.07040057761071715,1.7055304512771925
0.05,7.437850415587269e-08,5.085817630201032e-07,2.7870905818897453,0.07040057761071715,1.7055304512771925
0.05,7.437850415587269e-08,2.680842191340314e-06,1.288505169285645,0.07040057761071715,1.7055304512771925
0.05,7.437850415587269e-08,1.4140271948112027e-07,1.288505169285645,0.05574859791983037,1.7055304512771925
0.05,9.117793575683511e-08,4.019522997255059e-06,1.288505169285645,0.008130833657159917,1.9546391911454202
0.05,9.117793575683511e-08,4.019522997255059e-06,1.288505169285645,0.008130833657159917,2.017938022877358
0.05,9.117793575683511e-08,4.019522997255059e-06,1.288505169285645,0.011373608870094592,2.017938022877358
0.05,9.117793575683511e-08,1.8758494812631339e-06,1.288505169285645,0.015770718908345884,2.017938022877358
0.05,9.117793575683511e-08,1.8758494812631339e-06,1.288505169285645,0.1139467915976373,2.017938022877358
0.05,5.815096353175721e-08,1.8758494812631339e-06,1.288505169285645,0.09524266058285728,2.017938022877358
0.05,5.815096353175721e-08,1.8758494812631339e-06,1.6907708455621349,0.09524266058285728,2.017938022877358
0.05,5.815096353175721e-08,1.8758494812631339e-06,2.2675180901777243,0.09524266058285728,2.017938022877358
0.05,5.815096353175721e-08,1.8758494812631339e-06,2.2675180901777243,0.09524266058285728,2.121364884814953
0.05,6.633372203601313e-08,1.8758494812631339e-06,2.2675180901777243,0.09524266058285728,1.1874424785438555
0.05,6.633372203601313e-08,1.8758494812631339e-06,2.2675180901777243,0.23655954689761055,1.1874424785438555
0.05,6.633372203601313e-08,1.8758494812631339e-06,2.2675180901777243,0.23655954689761055,0.2521707934511224
0.05,7.089022767899138e-08,1.8758494812631339e-06,2.2675180901777243,0.28692665371413295,0.1550547485372741
0.05,7.089022767899138e-08,2.5732308422599943e-06,2.2675180901777243,0.31206907032807496,1.1668197498281367
0.05,7.089022767899138e-08,4.216873654458092e-06,2.2675180901777243,0.31206907032807496,1.1668197498281367
0.05,7.089022767899138e-08,4.216873654458092e-06,2.099228162055424,0.27910763808988454,1.1668197498281367
0.05,7.089022767899138e-08,2.4699227838916187e-06,2.7647252891257645,0.27910763808988454,1.1668197498281367
0.05,7.089022767899138e-08,1.5607868800029678e-06,2.7647252891257645,0.27910763808988454,1.1668197498281367
0.05,7.089022767899138e-08,1.5607868800029678e-06,2.7647252891257645,0.27910763808988454,2.7136543138858435
0.05,7.089022767899138e-08,9.482327722098043e-07,1.6656877556557181,0.27910763808988454,2.7136543138858435
0.05,7.089022767899138e-08,1.894686749387344e-06,1.6656877556557181,0.27910763808988454,2.689924191956387
0.05,7.089022767899138e-08,1.894686749387344e-06,1.6656877556557181,0.3395952259914724,2.689924191956387
0.05,7.089022767899138e-08,1.894686749387344e-06,2.104411961842799,0.3395952259914724,2.689924191956387
0.05,4.308611202649661e-08,4.1868842319789225e-06,2.104411961842799,0.3395952259914724,3.2540547306071566
0.05,4.308611202649661e-08,4.1868842319789225e-06,2.104411961842799,0.3395952259914724,3.2540547306071566
0.05,4.308611202649661e-08,1.9359245018508567e-06,2.104411961842799,0.3395952259914724,3.2540547306071566
0.05,4.308611202649661e-08,1.9359245018508567e-06,2.104411961842799,0.3395952259914724,3.2540547306071566
0.05,4.190194578887115e-08,1.9359245018508567e-06,2.0071559865346376,0.3395952259914724,3.2540547306071566
0.05,4.190194578887115e-08,1.9359245018508567e-06,2.0071559865346376,0.2960035744086217,3.2540547306071566
0.05,4.340530516819877e-08,1.9359245018508567e-06,2.0071559865346376,0.2960035744086217,3.2540547306071566
0.05,4.340530516819877e-08,1.9359245018508567e-06,2.0071559865346376,0.2960035744086217,3.2540547306071566
0.05,4.340530516819877e-08,3.721374658441692e-07,2.0071559865346376,0.2960035744086217,3.2540547306071566
0.05,6.73860730387507e-08,1.0514766299022765e-06,2.0071559865346376,0.2960035744086217,2.647249942836329
0.05,6.224480910075095e-08,1.0514766299022765e-06,2.1046997072369162,0.4495000358920303,5.599829458209742
0.05,6.224480910075095e-08,1.0514766299022765e-06,2.1046997072369162,0.4495000358920303,5.599829458209742
0.05,6.224480910075095e-08,1.0514766299022765e-06,2.1046997072369162,0.4495000358920303,4.992342051446531
0.05,6.224480910075095e-08,1.1317582808414709e-06,2.1046997072369162,0.4495000358920303,3.006626632593861
0.05,6.224480910075095e-08,9.925306905057333e-07,2.1046997072369162,0.4495000358920303,3.006626632593861
0.05,6.224480910075095e-08,9.925306905057333e-07,2.1046997072369162,0.4495000358920303,7.481522078037167
0.05,6.224480910075095e-08,9.925306905057333e-07,2.1046997072369162,0.4495000358920303,6.384562025021822
0.05,6.224480910075095e-08,9.925306905057333e-07,2.0714832075022627,0.4495000358920303,6.384562025021822
0.05,6.636193976962967e-08,9.925306905057333e-07,2.0714832075022627,0.4495000358920303,6.384562025021822
0.05,6.636193976962967e-08,9.925306905057333e-07,2.0714832075022627,0.4495000358920303,6.384562025021822
0.05,6.636193976962967e-08,9.925306905057333e-07,1.3431589339626289,0.4495000358920303,6.678407618880664
0.05,6.636193976962967e-08,9.925306905057333e-07,1.3431589339626289,0.15569193730229394,5.625092135744047
0.05,6.636193976962967e-08,9.925306905057333e-07,1.3431589339626289,0.39010102635696503,4.658225936986124
0.05,6.636193976962967e-08,9.925306905057333e-07,1.3953134066276993,0.39010102635696503,5.570848012327466
0.05,6.636193976962967e-08,7.939832478547291e-07,1.2872044571022387,0.18960250002307472,3.146530016980935
0.05,6.636193976962967e-08,2.5550282774150293e-06,1.2872044571022387,0.18960250002307472,3.146530016980935
0.05,6.636193976962967e-08,2.5550282774150293e-06,1.2872044571022387,0.34029504102566305,3.146530016980935
0.05,6.636193976962967e-08,2.5550282774150293e-06,1.0920713957829753,0.34029504102566305,1.562431374474598
0.05,6.636193976962967e-08,7.977162926750716e-07,3.6658497393360174,0.34029504102566305,1.562431374474598
0.05,6.636193976962967e-08,1.2176626488361679e-06,3.6658497393360174,0.34029504102566305,1.384439752639206
0.05,5.64357557539296e-08,1.2176626488361679e-06,3.6658497393360174,0.2444955527444236,1.384439752639206
0.05,5.64357557539296e-08,1.2176626488361679e-06,3.6658497393360174,0.2444955527444236,0.0820969568324424
0.05,5.64357557539296e-08,1.2176626488361679e-06,3.6658497393360174,0.2444955527444236,0.0820969568324424
0.05,5.64357557539296e-08,1.2176626488361679e-06,3.6658497393360174,0.2444955527444236,1.5070664344149696
0.05,5.64357557539296e-08,1.2176626488361679e-06,1.7787962334104614,0.2444840706423705,1.5070664344149696
0.05,5.64357557539296e-08,1.2376418495074186e-07,1.6979311809079785,0.46360372535296007,5.6547410821732536
0.05,6.980733667802168e-08,4.576230535611292e-06,2.599894942175838,0.46360372535296007,5.6547410821732536
0.05,6.980733667802168e-08,4.576230535611292e-06,2.599894942175838,0.46360372535296007,5.6547410821732536
0.05,6.980733667802168e-08,4.576230535611292e-06,2.599894942175838,0.46360372535296007,5.6547410821732536
0.05,6.980733667802168e-08,4.576230535611292e-06,2.599894942175838,0.46360372535296007,5.000677049825752
0.05,7.198688454596606e-08,3.092364160785172e-06,1.7963256571997734,0.38951973422475067,4.104009953159174
0.05,7.198688454596606e-08,3.092364160785172e-06,1.7963256571997734,0.38951973422475067,4.104009953159174
0.05,7.198688454596606e-08,6.428337218049999e-07,1.7963256571997734,0.38951973422475067,0.947883112343148
0.05,7.198688454596606e-08,8.83400685893881e-07,2.1265995290444457,0.06566531156629751,0.947883112343148
0.05,7.120635210277566e-08,9.133964049198149e-07,2.1265995290444457,0.053574293255812956,0.583964204801384
0.05,7.120635210277566e-08,8.603011164967738e-07,2.8781394175905333,0.32263616343433976,2.1999586821790174
0.05,7.120635210277566e-08,8.603011164967738e-07,2.7900082453159665,0.10858145487202595,2.1999586821790174
0.05,7.120635210277566e-08,3.2677349189035664e-06,1.6507326405972584,0.10858145487202595,0.20777876657009112
0.05,3.472139776222453e-08,3.2677349189035664e-06,3.9271629830750725,0.10858145487202595,0.20777876657009112
0.05,3.472139776222453e-08,3.2677349189035664e-06,4.0551584167840025,0.15380555221978023,0.20777876657009112
0.05,4.56273366293143e-08,3.2677349189035664e-06,4.0551584167840025,0.1479158696363531,0.20777876657009112
0.05,3.524546026908384e-08,3.0061174121118597e-07,4.0551584167840025,0.1479158696363531,0.20777876657009112
0.05,3.524546026908384e-08,6.658173032223781e-06,4.0551584167840025,0.1479158696363531,0.20777876657009112
0.05,3.524546026908384e-08,6.658173032223781e-06,1.7963670001284937,0.1334582070556313,0.20777876657009112
0.05,3.524546026908384e-08,6.658173032223781e-06,1.7963670001284937,0.1334582070556313,2.047241847587365
0.05,3.524546026908384e-08,6.658173032223781e-06,1.7963670001284937,0.36278516248185005,3.0178162976651732
0.05,3.918726365709731e-08,6.658173032223781e-06,1.7963670001284937,0.36278516248185005,0.16653225602462365
0.05,4.786263615795188e-08,6.658173032223781e-06,1.7963670001284937,0.36278516248185005,1.3922628050889512
0.05,4.786263615795188e-08,6.658173032223781e-06,1.7963670001284937,0.15830697745610203,1.1101924625089215
0.05,4.786263615795188e-08,6.658173032223781e-06,1.7963670001284937,0.15830697745610203,2.433296174755063
0.05,8.978381941902031e-08,6.658173032223781e-06,1.7963670001284937,0.15830697745610203,2.433296174755063
0.05,8.978381941902031e-08,6.658173032223781e-06,1.7963670001284937,0.15830697745610203,2.433296174755063
0.05,8.978381941902031e-08,3.2207194896825254e-06,1.7963670001284937,0.10254602896560251,2.433296174755063
0.05,5.509296993107353e-08,3.2207194896825254e-06,1.0620318176050694,0.053895109716864106,2.383077840399945
0.05,6.236478000982487e-08,3.2207194896825254e-06,1.596170956881425,0.053895109716864106,2.383077840399945
0.05,6.236478000982487e-08,3.2207194896825254e-06,1.596170956881425,0.053895109716864106,0.4288030555516667
0.05,5.776439534357028e-08,3.2207194896825254e-06,1.596170956881425,0.18965861704812847,1.3998743464173582
0.05,5.776439534357028e-08,3.2158594217747604e-06,1.596170956881425,0.09349433438003737,1.3998743464173582
0.05,5.776439534357028e-08,3.2158594217747604e-06,1.596170956881425,0.32983533949259647,0.5221087916731558
0.05,5.776439534357028e-08,3.2158594217747604e-06,2.818426011903001,0.32983533949259647,0.25189720170855195
0.05,5.776439534357028e-08,3.2158594217747604e-06,2.402746318263488,0.32983533949259647,0.25189720170855195
0.05,5.776439534357028e-08,3.2158594217747604e-06,2.402746318263488,0.1329893826155924,0.25189720170855195
0.05,6.184812125386276e-08,3.2158594217747604e-06,2.402746318263488,0.1329893826155924,0.25189720170855195
0.05,6.184812125386276e-08,3.2158594217747604e-06,2.402746318263488,0.1329893826155924,0.25189720170855195
0.05,6.184812125386276e-08,3.2158594217747604e-06,3.0461084172645494,0.08565344645352135,0.25189720170855195
0.05,6.184812125386276e-08,3.2158594217747604e-06,3.0461084172645494,0.08565344645352135,0.25189720170855195
0.05,5.599230551233897e-08,1.310935930648603e-06,3.0461084172645494,0.1305512299841863,1.5112957155147018
0.05,5.599230551233897e-08,7.479630905548741e-06,3.0461084172645494,0.3211219736966743,0.11435711979481189
0.05,5.599230551233897e-08,7.479630905548741e-06,2.735246327221184,0.3211219736966743,0.11435711979481189
0.05,4.8305171024874876e-08,4.51367944807348e-06,2.735246327221184,0.18551782488551055,0.11947972769482368
0.05,4.8305171024874876e-08,4.51367944807348e-06,2.735246327221184,0.18551782488551055,0.11947972769482368
0.05,4.8305171024874876e-08,4.51367944807348e-06,2.735246327221184,0.17957294547326214,0.14822859814368833
0.05,4.8305171024874876e-08,2.0026701751886065e-06,2.8117291411003684,0.17957294547326214,0.14822859814368833
0.05,4.8305171024874876e-08,2.0026701751886065e-06,2.8117291411003684,0.09932884577876355,0.14822859814368833
0.05,4.8305171024874876e-08,2.0026701751886065e-06,1.687617443148305,0.09160037135522464,0.14822859814368833
0.05,4.8305171024874876e-08,2.0026701751886065e-06,1.687617443148305,0.09160037135522464,1.2517523697194886
0.05,3.885353699917251e-08,3.3528703422004605e-07,1.687617443148305,0.09160037135522464,1.2517523697194886
0.05,3.885353699917251e-08,3.3528703422004605e-07,2.604259144412286,0.2365533074464384,2.508826802474875
0.05,3.885353699917251e-08,2.1178528825438448e-07,2.604259144412286,0.2365533074464384,6.389368200036954
0.05,5.8974789269346934e-08,6.141543097833361e-08,2.9513737208060373,0.13948448145394654,0.35601178453980853
0.05,5.604682412093611e-08,1.148286752778454e-06,2.9513737208060373,0.13948448145394654,0.35601178453980853
0.05,5.604682412093611e-08,1.4371602143392594e-06,2.4741452010594402,0.13948448145394654,0.31024819237011036
0.05,5.086428533505345e-08,1.4371602143392594e-06,2.6034770480683367,0.13948448145394654,0.31024819237011036
0.05,8.578126701395882e-08,1.4371602143392594e-06,2.6034770480683367,0.13948448145394654,1.4736756786076834
0.05,8.578126701395882e-08,6.151378472482055e-06,2.6034770480683367,0.14074976319944651,1.4736756786076834
0.05,3.689579913117389e-08,2.4996745836812544e-06,2.6034770480683367,0.16854876492223633,1.4736756786076834
0.05,3.689579913117389e-08,2.4996745836812544e-06,2.6034770480683367,0.16854876492223633,1.4736756786076834
0.05,5.050318072653188e-08,2.4996745836812544e-06,2.077945934754333,0.16854876492223633,1.4736756786076834
0.05,5.050318072653188e-08,3.626714034099389e-06,1.4746884283878836,0.16854876492223633,1.4736756786076834
0.05,5.050318072653188e-08,3.626714034099389e-06,1.4746884283878836,0.07515983839162878,1.4736756786076834
0.05,5.050318072653188e-08,2.6532580490246996e-07,2.368129713828216,0.35642504959366117,0.7748308242069679
0.05,5.050318072653188e-08,2.6532580490246996e-07,2.368129713828216,0.35642504959366117,0.7748308242069679
0.05,4.6306140741251776e-08,2.5966782548188344e-07,2.368129713828216,0.35642504959366117,2.6282631855371448
0.05,4.6306140741251776e-08,2.5966782548188344e-07,2.368129713828216,0.35642504959366117,2.6282631855371448
0.05,4.6306140741251776e-08,2.5966782548188344e-07,2.368129713828216,0.30036521780234904,3.711324916814756
0.05,7.27119217019877e-08,2.5966782548188344e-07,1.4727989552977725,0.36497729477292956,3.711324916814756
0.05,7.27119217019877e-08,2.5966782548188344e-07,1.1331134095884028,0.17166701368342538,3.711324916814756
0.05,7.27119217019877e-08,2.5966782548188344e-07,1.1331134095884028,0.17166701368342538,4.096129436847459
0.05,8.1259732184552e-08,9.909208932322973e-07,2.6521576622333294,0.17142301377808056,4.096129436847459
0.05,5.7393243418013795e-08,9.909208932322973e-07,1.7164260902868291,0.24791287610183246,4.096129436847459
0.05,5.7393243418013795e-08,9.909208932322973e-07,2.6122650519493136,0.24791287610183246,4.096129436847459
0.05,5.7393243418013795e-08,9.909208932322973e-07,2.6122650519493136,0.24791287610183246,4.096129436847459
0.05,5.7393243418013795e-08,8.817288014952325e-07,2.6122650519493136,0.24791287610183246,4.096129436847459
0.05,5.7393243418013795e-08,8.7200023607925e-08,1.4862571465708052,0.24791287610183246,2.840347868346567
0.05,6.996777578927851e-08,8.7200023607925e-08,1.4862571465708052,0.24791287610183246,2.840347868346567
0.05,6.996777578927851e-08,8.420439296620428e-07,1.878814128217061,0.14664827079138015,2.840347868346567
0.05,6.996777578927851e-08,3.7235164258573513e-06,1.3379466413256023,0.14664827079138015,2.840347868346567
0.05,6.562571810127227e-08,4.533470345716874e-06,1.3379466413256023,0.11294347173775414,2.840347868346567
0.05,6.562571810127227e-08,4.533470345716874e-06,1.3379466413256023,0.11294347173775414,2.840347868346567
0.05,6.562571810127227e-08,3.682886734068476e-06,1.3379466413256023,0.11294347173775414,2.840347868346567
0.05,6.381929169548329e-08,3.682886734068476e-06,1.3379466413256023,0.06230945688906365,2.840347868346567
0.05,6.381929169548329e-08,2.0152341463444487e-06,1.3379466413256023,0.21579916047060846,2.840347868346567
0.05,5.862764265955183e-08,2.0152341463444487e-06,1.1765980442201047,0.2557296510313568,2.840347868346567
0.05,5.862764265955183e-08,4.1668130655608933e-07,1.1765980442201047,0.1879443260274988,2.840347868346567
0.05,5.862764265955183e-08,4.1668130655608933e-07,3.001240756147868,0.39067596215982137,2.840347868346567
0.05,5.862764265955183e-08,4.1668130655608933e-07,3.001240756147868,0.1986018629487106,2.840347868346567
0.05,5.862764265955183e-08,4.1668130655608933e-07,1.6689815685975766,0.1986018629487106,2.359190355007078
0.05,5.862764265955183e-08,4.1668130655608933e-07,1.6689815685975766,0.3712450997462278,6.649321833604207
0.05,5.862764265955183e-08,4.1668130655608933e-07,1.6689815685975766,0.3712450997462278,4.191163201619779
0.05,5.862764265955183e-08,4.1668130655608933e-07,1.6689815685975766,0.3712450997462278,4.191163201619779
0.05,5.862764265955183e-08,1.1725775461896719e-07,1.3522399167771058,0.3712450997462278,4.191163201619779
0.05,5.862764265955183e-08,5.667566713372767e-06,1.023868673756778,0.3712450997462278,4.191163201619779
0.05,5.862764265955183e-08,5.667566713372767e-06,1.2558469244701715,0.397563868994481,4.191163201619779
0.05,5.491387924374368e-08,5.667566713372767e-06,1.8122956049998062,0.397563868994481,8.124091362476879
0.05,5.491387924374368e-08,6.543353313675523e-07,1.8122956049998062,0.397563868994481,8.124091362476879
0.05,6.326259693053297e-08,1.2369167194905637e-06,1.8122956049998062,0.5515741005864644,8.124091362476879
0.05,4.7082506610108654e-08,1.2369167194905637e-06,1.6903462235823303,0.5515741005864644,8.962930462250716
0.05,4.7082506610108654e-08,4.350502726962946e-06,1.6903462235823303,0.5515741005864644,8.962930462250716
0.05,4.7082506610108654e-08,4.350502726962946e-06,1.6903462235823303,0.5515741005864644,4.198802731294662
0.05,4.7082506610108654e-08,3.938287432465362e-06,1.6903462235823303,0.5312141610389586,4.198802731294662
0.05,4.7082506610108654e-08,3.938287432465362e-06,1.6903462235823303,0.5312141610389586,6.278028209484589
0.05,4.201080041455167e-08,1.0695180455841634e-05,1.5681536693146634,0.33546266534226965,6.278028209484589
0.05,4.201080041455167e-08,1.0695180455841634e-05,1.5681536693146634,0.22031097512430425,6.278028209484589
0.05,4.201080041455167e-08,1.0695180455841634e-05,1.5681536693146634,0.24072610613301448,6.18949264577176
0.05,4.201080041455167e-08,3.0129827178439392e-06,1.5681536693146634,0.24072610613301448,6.18949264577176
0.05,5.98195206005221e-08,3.0129827178439392e-06,1.5681536693146634,0.4565028394638451,6.18949264577176
0.05,5.98195206005221e-08,1.8890409700965069e-07,1.5477703021808797,0.4565028394638451,6.18949264577176
0.05,5.98195206005221e-08,1.695524837897987e-07,1.5477703021808797,0.4565028394638451,6.18949264577176
0.05,7.081691355462215e-08,1.695524837897987e-07,1.5477703021808797,0.4565028394638451,6.18949264577176
0.05,7.081691355462215e-08,5.752122478843679e-07,1.5477703021808797,0.4565028394638451,9.320958172119333
0.05,7.081691355462215e-08,5.752122478843679e-07,1.5477703021808797,0.4565028394638451,9.320958172119333
0.05,7.081691355462215e-08,5.752122478843679e-07,1.5477703021808797,0.2392663347505343,9.320958172119333
0.05,7.081691355462215e-08,5.752122478843679e-07,1.5477703021808797,0.2392663347505343,9.04913697560429
0.05,8.361298413014393e-08,1.4629297972301692e-07,1.5477703021808797,0.2392663347505343,1.4484014875823281
0.05,8.212650475739163e-08,7.496402512441063e-08,2.8767700984179436,0.2392663347505343,1.4484014875823281
0.05,8.212650475739163e-08,4.2178768849497226e-08,2.8767700984179436,0.33999874917357675,1.4484014875823281
0.05,6.36410718841583e-08,3.036762812147558e-07,2.8767700984179436,0.33999874917357675,1.4484014875823281
0.05,6.36410718841583e-08,3.036762812147558e-07,2.9848128386497876,0.33999874917357675,1.2267915560558302
0.05,6.36410718841583e-08,3.036762812147558e-07,2.5716951472716025,0.33999874917357675,1.2267915560558302
0.05,5.6869211969957594e-08,4.4438435809112814e-07,2.5716951472716025,0.33999874917357675,1.2267915560558302
0.05,5.6869211969957594e-08,2.231187095376481e-07,2.597440188498953,0.21626495731043816,1.6494744161091413
0.05,5.6869211969957594e-08,2.231187095376481e-07,2.597440188498953,0.21626495731043816,1.6494744161091413
0.05,5.6869211969957594e-08,5.898243469102136e-06,2.597440188498953,0.21626495731043816,1.6494744161091413
0.05,5.6869211969957594e-08,5.204107037653133e-06,1.3999435749640727,0.37804760230845574,1.6494744161091413
0.05,5.6869211969957594e-08,3.7126440995629613e-07,1.222562797212384,0.37804760230845574,1.6494744161091413
0.05,5.6869211969957594e-08,1.973868560495494e-06,1.222562797212384,0.37804760230845574,1.6494744161091413
0.05,5.6869211969957594e-08,1.973868560495494e-06,1.222562797212384,0.1171482413849309,2.643993778418599
0.05,5.6869211969957594e-08,1.973868560495494e-06,2.5515526721886523,0.07761821507106646,3.2481883245498526
0.05,5.6869211969957594e-08,1.7156252297183708e-06,2.5515526721886523,0.18744709917923907,2.408003412904615
0.05,5.6869211969957594e-08,1.7156252297183708e-06,2.5515526721886523,0.0971844518869573,2.408003412904615
0.05,5.6869211969957594e-08,8.714543225766399e-06,1.7252801430425015,0.0971844518869573,2.408003412904615
0.05,5.6869211969957594e-08,8.714543225766399e-06,1.7252801430425015,0.0971844518869573,2.408003412904615
0.05,5.6869211969957594e-08,2.6928247362196656e-07,1.9234426287795996,0.1320035983350555,1.4484822951016785
0.05,5.6869211969957594e-08,7.272562032410494e-08,1.9234426287795996,0.08159153949958486,0.5825162605309908
0.05,5.6869211969957594e-08,1.681440433417822e-06,1.9234426287795996,0.1022283856061636,0.7973098029666472
0.05,6.748586657025007e-08,2.7245158919869373e-07,1.9234426287795996,0.4023629689060225,3.0520915297107685
0.05,2.9090487782437696e-08,2.7245158919869373e-07,1.9234426287795996,0.4023629689060225,9.887596966524118
0.05,4.8520017117055436e-08,2.7245158919869373e-07,1.9234426287795996,0.4023629689060225,9.887596966524118
0.05,4.8520017117055436e-08,2.7245158919869373e-07,1.9234426287795996,0.525120969468936,9.887596966524118
0.05,4.8520017117055436e-08,2.7245158919869373e-07,1.9234426287795996,0.525120969468936,9.887596966524118
0.05,4.8520017117055436e-08,2.7245158919869373e-07,1.9234426287795996,0.3161433755173224,9.887596966524118
0.05,4.8520017117055436e-08,2.7245158919869373e-07,1.9748108630211783,0.3161433755173224,6.492244631456603
0.05,4.8520017117055436e-08,1.0268891873917306e-07,1.9748108630211783,0.3161433755173224,6.492244631456603
0.05,4.8520017117055436e-08,3.6310817544897603e-06,1.9748108630211783,0.3161433755173224,6.492244631456603
0.05,7.344887277679242e-08,6.581388991301024e-07,1.9748108630211783,0.3161433755173224,5.850448192740087
0.05,7.344887277679242e-08,6.581388991301024e-07,1.9748108630211783,0.33189776734703835,3.674656556050031
0.05,7.344887277679242e-08,2.759156567068352e-07,1.9748108630211783,0.33189776734703835,3.1154021623097683
0.05,7.344887277679242e-08,2.759156567068352e-07,1.9748108630211783,0.33189776734703835,3.1154021623097683
0.05,7.344887277679242e-08,2.759156567068352e-07,1.9748108630211783,0.24253631103425408,3.1154021623097683
0.05,6.389679740498613e-08,2.759156567068352e-07,1.9748108630211783,0.24253631103425408,3.1154021623097683
0.05,6.389679740498613e-08,2.759156567068352e-07,1.9748108630211783,0.24253631103425408,3.1154021623097683
0.05,6.389679740498613e-08,2.759156567068352e-07,1.9748108630211783,0.24253631103425408,3.1154021623097683
0.05,6.389679740498613e-08,2.759156567068352e-07,1.9748108630211783,0.24253631103425408,3.1154021623097683
0.05,5.6183592874086377e-08,2.759156567068352e-07,2.380633770509056,0.24253631103425408,3.1154021623097683
0.05,5.6183592874086377e-08,9.123178555787588e-07,2.380633770509056,0.24253631103425408,1.1055686330811199
0.05,5.6183592874086377e-08,9.123178555787588e-07,2.380633770509056,0.24253631103425408,1.1055686330811199
0.05,5.6183592874086377e-08,9.123178555787588e-07,2.6956910834165098,0.06984784920312075,1.1055686330811199
0.05,5.6183592874086377e-08,9.123178555787588e-07,2.6956910834165098,0.08062537408417071,0.33502221241618196
0.05,5.6183592874086377e-08,3.143637093107174e-06,2.6956910834165098,0.08062537408417071,0.36808286434595494
0.05,5.6183592874086377e-08,3.143637093107174e-06,2.5027199631638712,0.08062537408417071,0.36808286434595494
0.05,6.7172625693346e-08,3.0755525225007754e-06,2.5027199631638712,0.08062537408417071,1.3551724387029493
0.05,6.7172625693346e-08,3.0755525225007754e-06,2.5027199631638712,0.13941027566895348,1.3551724387029493
0.05,6.7172625693346e-08,1.5944737262633003e-06,2.5164249012433713,0.13941027566895348,1.3551724387029493
0.05,6.7172625693346e-08,1.5944737262633003e-06,1.969783402719454,0.13941027566895348,0.7537508008678674
0.05,6.7172625693346e-08,1.5944737262633003e-06,1.3925164356524344,0.13941027566895348,0.7537508008678674
0.05,6.734442210165236e-08,1.5944737262633003e-06,2.5517991549906833,0.13941027566895348,1.2550493815497632
0.05,6.734442210165236e-08,1.5944737262633003e-06,1.5864030879527964,0.13941027566895348,1.2550493815497632
0.05,6.734442210165236e-08,3.377938130376462e-06,1.5864030879527964,0.13941027566895348,2.8401289709654987
0.05,6.734442210165236e-08,3.377938130376462e-06,1.5239123251590683,0.45060711491993194,2.8401289709654987
0.05,4.9159151566559145e-08,3.377938130376462e-06,1.5239123251590683,0.45060711491993194,2.8401289709654987
0.05,4.869670017854932e-08,3.377938130376462e-06,1.9224395387077067,0.45060711491993194,2.8401289709654987
0.05,4.869670017854932e-08,1.5064014405329788e-07,1.73754270509626,0.45060711491993194,2.8401289709654987
0.05,8.628122822264422e-08,1.5064014405329788e-07,1.73754270509626,0.45060711491993194,2.8401289709654987
0.05,8.628122822264422e-08,1.5064014405329788e-07,1.73754270509626,0.45060711491993194,2.8401289709654987
0.05,6.425059122068724e-08,1.5064014405329788e-07,1.73754270509626,0.36038813628330324,2.8401289709654987
0.05,6.402597605339901e-08,1.5064014405329788e-07,1.73754270509626,0.36038813628330324,2.9041370961942277
0.05,5.5858032853405884e-08,2.182223239098391e-07,2.5934213472416348,0.23265955575202785,0.42498248507350656
0.05,6.107442165897141e-08,2.182223239098391e-07,2.5934213472416348,0.23265955575202785,5.182540380067967
0.05,5.565600441429489e-08,2.182223239098391e-07,2.5934213472416348,0.23265955575202785,5.915059980548126
0.05,5.9014426954544985e-08,1.4052213622211562e-06,1.862283528823726,0.23265955575202785,6.993677857621278
0.05,5.9014426954544985e-08,1.4052213622211562e-06,1.862283528823726,0.23265955575202785,9.259814074653622
0.05,5.9014426954544985e-08,1.4052213622211562e-06,1.8156727124073315,0.5291967659848451,9.259814074653622
0.05,5.9014426954544985e-08,1.4052213622211562e-06,1.7326833857728066,0.5291967659848451,9.259814074653622
0.05,6.982530991531242e-08,1.7944191890205887e-07,1.7326833857728066,0.5291967659848451,8.982056529243405
0.05,6.982530991531242e-08,1.7944191890205887e-07,1.7129375819030344,0.4434718454769981,8.982056529243405
0.05,6.982530991531242e-08,1.7944191890205887e-07,1.7129375819030344,0.4434718454769981,9.272469437420341
0.05,6.982530991531242e-08,1.7944191890205887e-07,1.7129375819030344,0.4434718454769981,2.3671599990911663
0.05,6.982530991531242e-08,7.748941668010559e-07,1.4217034153537056,0.8236091386924961,9.65634503169786
0.05,6.982530991531242e-08,2.340136386944611e-07,1.4217034153537056,0.8236091386924961,9.65634503169786
0.05,3.3978991682649326e-08,2.753561351712526e-06,1.4217034153537056,0.8236091386924961,6.7565377753938005
0.05,3.512377098572332e-08,2.753561351712526e-06,0.9736047510590733,0.8182112647354048,9.014842041086514
0.05,3.512377098572332e-08,6.248140897355659e-06,0.9736047510590733,0.3228014336469969,9.014842041086514
0.05,6.166153056347186e-08,5.410775785450927e-06,1.352288950634928,0.39116155828974564,6.343658797191019
0.05,6.166153056347186e-08,3.9923767042097594e-07,1.352288950634928,0.39116155828974564,6.343658797191019
0.05,6.166153056347186e-08,3.360569863632963e-06,1.352288950634928,0.39116155828974564,6.343658797191019
0.05,6.166153056347186e-08,3.8952647129098047e-07,1.352288950634928,0.45464597736426104,6.343658797191019
0.05,6.166153056347186e-08,1.081730967889966e-06,1.352288950634928,0.45464597736426104,6.374610628978935
0.05,6.166153056347186e-08,1.081730967889966e-06,1.352288950634928,0.45464597736426104,6.374610628978935
0.05,6.166153056347186e-08,1.081730967889966e-06,1.352288950634928,0.45464597736426104,9.354327734055566
0.05,6.166153056347186e-08,1.081730967889966e-06,1.352288950634928,0.45464597736426104,9.354327734055566
0.05,6.166153056347186e-08,1.081730967889966e-06,1.352288950634928,0.45464597736426104,9.354327734055566
0.05,6.166153056347186e-08,1.081730967889966e-06,1.352288950634928,0.5427989253268359,8.799683080321405
0.05,4.7751615768060475e-08,5.405012817891608e-07,1.352288950634928,0.5427989253268359,6.3036700307285365
0.05,4.7751615768060475e-08,8.96382642779508e-08,1.352288950634928,0.5767515981593823,9.78388079870215
0.05,4.7751615768060475e-08,8.96382642779508e-08,1.352288950634928,0.5767515981593823,7.3251840661599985
0.05,4.7751615768060475e-08,8.96382642779508e-08,1.352288950634928,0.5767515981593823,7.3251840661599985
0.05,4.7751615768060475e-08,8.96382642779508e-08,1.5160817909712232,0.5767515981593823,7.3251840661599985
0.05,4.7751615768060475e-08,1.0182199340357619e-07,1.5160817909712232,0.5213138428632347,7.3251840661599985
0.05,4.7751615768060475e-08,1.0182199340357619e-07,1.2980886725416971,0.5213138428632347,7.3251840661599985
0.05,4.7751615768060475e-08,1.0182199340357619e-07,1.2980886725416971,0.5443465198778749,7.3251840661599985
0.05,4.7751615768060475e-08,1.6413797665756063e-07,1.2980886725416971,0.5443465198778749,8.144994344893298
0.05,4.7751615768060475e-08,5.871952245442698e-07,1.2980886725416971,0.5690028711457163,8.244344230727878
0.05,4.7751615768060475e-08,5.386155776161033e-07,1.2980886725416971,0.3436016749209561,8.244344230727878
0.05,4.7751615768060475e-08,2.4207887533139556e-07,1.4865400563531972,0.35710399978829127,8.244344230727878
0.05,4.140167059964631e-08,2.4207887533139556e-07,1.4865400563531972,0.35710399978829127,8.244344230727878
0.05,4.140167059964631e-08,3.937220085883152e-08,1.4865400563531972,0.35710399978829127,8.244344230727878
0.05,4.140167059964631e-08,5.653839907093981e-07,1.4865400563531972,0.24367639682277334,8.244344230727878
0.05,4.373413093236074e-08,5.653839907093981e-07,1.512899891977969,0.24367639682277334,8.244344230727878
0.05,4.373413093236074e-08,5.653839907093981e-07,1.512899891977969,0.24367639682277334,9.213167855012122
0.05,4.373413093236074e-08,1.2667636818352329e-06,1.6879050784062013,0.41578736784596676,6.833129272552155
0.05,5.8746185019075835e-08,1.2667636818352329e-06,1.6879050784062013,0.3659419853645582,7.111939667885486
0.05,6.794757708045778e-08,1.2667636818352329e-06,1.2911552464470333,0.3659419853645582,6.104933718227754
0.05,6.794757708045778e-08,1.137800890093546e-06,1.182719559036182,0.26245914639129664,6.104933718227754
0.05,7.156856089146334e-08,1.137800890093546e-06,1.1427786093899686,0.429173361480758,4.215006241405106
0.05,7.156856089146334e-08,1.137800890093546e-06,1.1427786093899686,0.429173361480758,4.215006241405106
0.05,7.156856089146334e-08,7.271763151088989e-06,1.607716699136916,0.429173361480758,4.215006241405106
0.05,7.156856089146334e-08,1.5974054314099297e-06,1.226252394177756,0.4222933126358171,7.972834827156154
0.05,7.156856089146334e-08,1.5974054314099297e-06,1.0133845120082294,0.4222933126358171,7.972834827156154
0.05,7.156856089146334e-08,3.504345961730895e-06,1.5278007985042863,0.22248905793696022,5.173393113828428
0.05,7.156856089146334e-08,3.504345961730895e-06,1.5278007985042863,0.22248905793696022,3.176039231271207
0.05,7.156856089146334e-08,3.504345961730895e-06,1.6047827117233338,0.22248905793696022,3.176039231271207
0.05,7.156856089146334e-08,3.504345961730895e-06,1.6047827117233338,0.22248905793696022,3.492708684582545
0.05,7.156856089146334e-08,4.6107920415880684e-07,1.6047827117233338,0.22248905793696022,4.485132393237087
0.05,7.156856089146334e-08,4.6107920415880684e-07,1.6047827117233338,0.22248905793696022,4.485132393237087
0.05,7.156856089146334e-08,4.6107920415880684e-07,1.6047827117233338,0.40216352454601656,4.485132393237087
0.05,7.156856089146334e-08,4.6107920415880684e-07,1.9731159629448376,0.40216352454601656,4.485132393237087
0.05,7.156856089146334e-08,4.6107920415880684e-07,1.3849173318482086,0.5013221603161202,4.485132393237087
0.05,7.156856089146334e-08,2.108426315903526e-06,1.3849173318482086,0.5013221603161202,4.485132393237087
0.05,7.156856089146334e-08,2.108426315903526e-06,1.9887394358993236,0.5013221603161202,4.485132393237087
0.05,7.156856089146334e-08,3.409684135104331e-07,0.8804001854103001,0.4020020092895473,4.485132393237087
0.05,7.156856089146334e-08,4.4569748567365077e-07,0.8804001854103001,0.4020020092895473,4.485132393237087
0.05,7.156856089146334e-08,4.4569748567365077e-07,0.8804001854103001,0.3548519533049488,7.551313755860546
0.05,3.9680419432534866e-08,4.4569748567365077e-07,2.066278000534926,0.3548519533049488,7.551313755860546
0.05,3.9680419432534866e-08,4.4569748567365077e-07,2.066278000534926,0.3548519533049488,7.551313755860546
0.05,3.9680419432534866e-08,4.4569748567365077e-07,2.066278000534926,0.3548519533049488,7.551313755860546
0.05,5.99784745009877e-08,8.609631809122058e-06,2.066278000534926,0.3548519533049488,7.551313755860546
0.05,6.06951839850684e-08,1.0355268396183221e-07,2.066278000534926,0.3548519533049488,7.952043863321486
0.05,5.026321060977375e-08,1.0355268396183221e-07,2.066278000534926,0.3548519533049488,8.764114270684596
0.05,5.026321060977375e-08,1.0355268396183221e-07,1.360795504442114,0.2311956213695954,8.764114270684596
0.05,5.320360667817409e-08,2.9524440655235853e-06,1.360795504442114,0.2311956213695954,8.764114270684596
0.05,7.585993356465795e-08,2.9524440655235853e-06,1.360795504442114,0.19573472341958398,1.5063039090631467
0.05,7.585993356465795e-08,2.9524440655235853e-06,1.360795504442114,0.19573472341958398,1.5063039090631467
0.05,7.585993356465795e-08,8.532571541950666e-08,2.221129756284398,0.19573472341958398,3.023169995178515
0.05,7.585993356465795e-08,8.532571541950666e-08,2.221129756284398,0.19573472341958398,3.023169995178515
0.05,7.585993356465795e-08,1.0678787101022462e-06,2.221129756284398,0.41588313838995,3.023169995178515
0.05,9.15554256012584e-08,1.761632137952484e-06,2.221129756284398,0.41588313838995,3.023169995178515
0.05,9.15554256012584e-08,2.4648212130540867e-06,3.1859936576737953,0.30750962524925984,3.023169995178515
0.05,9.15554256012584e-08,3.0504264466877764e-06,3.1859936576737953,0.30750962524925984,2.7186411813557982
0.05,9.15554256012584e-08,3.0504264466877764e-06,2.404350371016982,0.30750962524925984,2.7186411813557982
0.05,9.706979542147997e-08,3.0504264466877764e-06,2.404350371016982,0.30750962524925984,2.7186411813557982
0.05,8.331687076255063e-08,3.0504264466877764e-06,2.404350371016982,0.30750962524925984,6.398106425609554
0.05,8.331687076255063e-08,3.0504264466877764e-06,2.404350371016982,0.30750962524925984,6.398106425609554
0.05,8.331687076255063e-08,3.0504264466877764e-06,1.4552239414028483,0.30750962524925984,6.398106425609554
0.05,7.607479107446353e-08,4.516135937897011e-07,1.1447274904471114,0.30750962524925984,6.398106425609554
0.05,7.607479107446353e-08,2.2950194524458213e-06,1.1447274904471114,0.30750962524925984,6.398106425609554
0.05,7.607479107446353e-08,1.667107998165126e-06,1.1447274904471114,0.5556943859428698,9.342496473419837
0.05,7.607479107446353e-08,1.667107998165126e-06,1.1447274904471114,0.5556943859428698,8.061923055797521
0.05,7.607479107446353e-08,9.727880743220063e-07,1.1447274904471114,0.5893828439462707,8.061923055797521
0.05,7.394055198418862e-08,6.309570081753701e-07,1.1447274904471114,0.5893828439462707,8.061923055797521
0.05,7.394055198418862e-08,6.309570081753701e-07,1.1447274904471114,0.67128444170297,8.061923055797521
0.05,6.543780516900483e-08,5.441754532297922e-06,1.1447274904471114,0.41434404238580747,9.175366856268454
0.05,6.543780516900483e-08,5.441754532297922e-06,1.2848729845077387,0.41434404238580747,9.541377634781545
0.05,6.226492070596818e-08,5.441754532297922e-06,1.2848729845077387,0.41434404238580747,9.541377634781545
0.05,6.226492070596818e-08,5.441754532297922e-06,1.2848729845077387,0.41434404238580747,9.541377634781545
0.05,5.2595855648174744e-08,5.441754532297922e-06,1.2848729845077387,0.41434404238580747,9.541377634781545
0.05,7.284867874403877e-08,5.441754532297922e-06,1.2910836864720365,0.41434404238580747,9.541377634781545
0.05,7.284867874403877e-08,5.441754532297922e-06,0.9736233362214886,0.41434404238580747,9.708508485762623
0.05,7.284867874403877e-08,5.441754532297922e-06,0.9736233362214886,0.41434404238580747,9.536563331906864
0.05,7.284867874403877e-08,5.441754532297922e-06,0.9736233362214886,0.6224504162835655,8.005590593998571
0.05,7.284867874403877e-08,2.9096762706245982e-06,0.9736233362214886,0.6224504162835655,3.989763630771675
0.05,7.284867874403877e-08,3.68809105288213e-07,1.3741759633202633,0.30000966405462687,9.510405405316721
0.05,7.284867874403877e-08,6.103168797230278e-07,1.516654766273588,0.30000966405462687,9.510405405316721
0.05,7.284867874403877e-08,3.346500939655856e-07,0.8163661956691527,0.30000966405462687,6.784829307777481
0.05,7.284867874403877e-08,3.346500939655856e-07,0.7224385258075365,0.013315739929019656,6.784829307777481
0.05,7.284867874403877e-08,2.3278863503410214e-06,0.7224385258075365,0.013315739929019656,6.784829307777481
0.05,6.747812780241619e-08,2.3278863503410214e-06,0.9317632054955404,0.008036305141717524,5.435510383995337
0.05,6.747812780241619e-08,2.3278863503410214e-06,0.9317632054955404,0.006830007183155553,6.584407523929038
0.05,6.747812780241619e-08,2.3278863503410214e-06,0.9317632054955404,0.006830007183155553,6.584407523929038
0.05,6.747812780241619e-08,2.854914180521267e-06,0.9317632054955404,0.04733276905378043,4.796669814157081
0.05,6.747812780241619e-08,1.4280054749710018e-06,0.9317632054955404,0.04733276905378043,3.1630616747194096
0.05,6.747812780241619e-08,1.4280054749710018e-06,1.381457365631133,0.056696434403612155,3.1630616747194096
0.05,6.747812780241619e-08,1.4280054749710018e-06,1.381457365631133,0.4074854700497315,2.058511592820528
0.05,6.747812780241619e-08,1.4280054749710018e-06,1.381457365631133,0.4074854700497315,2.058511592820528
0.05,6.747812780241619e-08,1.6791446009580822e-07,1.259615936044267,0.4074854700497315,1.2606070931033408
0.05,6.747812780241619e-08,1.6791446009580822e-07,1.259615936044267,0.3936018488876991,1.2606070931033408
0.05,6.747812780241619e-08,1.6791446009580822e-07,1.259615936044267,0.24768258832573045,1.0952650344575543
0.05,6.747812780241619e-08,1.6791446009580822e-07,1.259615936044267,0.13658658504073154,1.0952650344575543
0.05,6.747812780241619e-08,3.92185751451686e-08,1.259615936044267,0.13658658504073154,5.581966733668348
0.05,6.747812780241619e-08,3.92185751451686e-08,1.259615936044267,0.13658658504073154,1.8645457758873878
0.05,6.747812780241619e-08,3.92185751451686e-08,1.643715013120591,0.06073707545375665,1.8645457758873878
0.05,6.747812780241619e-08,6.806608673472962e-08,2.3143259314007056,0.057671035116454904,2.30118135414286
0.05,6.747812780241619e-08,1.270226638262196e-06,1.8127911768734002,0.057671035116454904,2.30118135414286
0.05,1.0074814351714952e-07,1.270226638262196e-06,1.0490595208236815,0.2920730558574237,2.30118135414286
0.05,6.501854816239073e-08,1.270226638262196e-06,2.105611372733441,0.6957927526951289,6.741302715333814
0.05,6.92490183735809e-08,2.3087240538655084e-06,2.105611372733441,0.6957927526951289,9.0870007276959
0.05,6.92490183735809e-08,2.3087240538655084e-06,1.787807172318053,0.5692805372132331,9.0870007276959
0.05,7.98988406140073e-08,2.3087240538655084e-06,1.787807172318053,0.5692805372132331,4.282382619156296
0.05,7.98988406140073e-08,2.3087240538655084e-06,0.7585354331502414,0.3308130880192307,7.841632875361066
0.05,4.5922129141393784e-08,7.063274056172998e-07,1.9320390251157806,0.5171464052730244,7.841632875361066
0.05,4.5922129141393784e-08,7.063274056172998e-07,1.9320390251157806,0.5171464052730244,7.841632875361066
0.05,4.5922129141393784e-08,7.063274056172998e-07,1.9320390251157806,0.5171464052730244,8.954760849004552
0.05,4.5922129141393784e-08,7.063274056172998e-07,1.9320390251157806,0.5171464052730244,9.512812373554997
0.05,4.5922129141393784e-08,7.063274056172998e-07,2.156334769445964,0.5171464052730244,3.311862379579471
0.05,4.1492663165390874e-08,7.141404793546066e-07,2.156334769445964,0.5171464052730244,8.397032767187545
0.05,4.1492663165390874e-08,1.8846879339205674e-06,2.156334769445964,0.6227290619440993,8.397032767187545
0.05,4.1492663165390874e-08,1.8846879339205674e-06,1.6243961635317876,0.3127947635568452,8.397032767187545
0.05,4.1492663165390874e-08,4.891075855738665e-06,1.6243961635317876,0.3127947635568452,8.397032767187545
0.05,4.1492663165390874e-08,4.891075855738665e-06,1.6243961635317876,0.3127947635568452,7.617600584395092
0.05,4.1492663165390874e-08,4.891075855738665e-06,1.6243961635317876,0.3127947635568452,8.58773415984746
0.05,4.1492663165390874e-08,4.891075855738665e-06,1.6243961635317876,0.3127947635568452,1.1868489953516828
0.05,3.7286122919881724e-08,5.171793865878666e-07,1.6243961635317876,0.5656115845557805,9.439760132966018
0.05,4.1535812328585926e-08,5.171793865878666e-07,1.5922152868746167,0.5656115845557805,9.765272573273817
0.05,8.921844047158426e-08,6.829385796346709e-08,1.5922152868746167,0.5656115845557805,9.765272573273817
0.05,4.7577626849157303e-08,6.829385796346709e-08,1.5922152868746167,0.5656115845557805,9.765272573273817
0.05,4.7577626849157303e-08,1.5000849712855398e-07,1.5922152868746167,0.5425772725422041,9.765272573273817
0.05,7.725108476802347e-08,1.2202099232268035e-07,1.5922152868746167,0.5425772725422041,9.772135866556617
0.05,7.725108476802347e-08,1.2202099232268035e-07,1.5922152868746167,0.5425772725422041,9.17671573399726
0.05,7.725108476802347e-08,1.2202099232268035e-07,1.5922152868746167,0.4425888487342163,9.774758924652966
0.05,4.170244855210827e-08,1.2202099232268035e-07,2.2210547463160824,0.4425888487342163,9.774758924652966
0.05,4.170244855210827e-08,1.2202099232268035e-07,1.549519967345068,0.506056728282379,9.774758924652966
0.05,4.170244855210827e-08,1.2491947578781482e-07,1.628947358638817,0.506056728282379,9.774758924652966
0.05,5.196929733213713e-08,1.9478876386763477e-07,1.628947358638817,0.506056728282379,9.881632162075892
0.05,5.559503611958856e-08,1.9478876386763477e-07,1.628947358638817,0.6009514490443283,9.881632162075892
0.05,5.403155965719379e-08,1.9478876386763477e-07,1.628947358638817,0.6145684390388644,9.881632162075892
0.05,5.403155965719379e-08,1.9478876386763477e-07,1.2785410417096403,0.6382361359682232,9.881632162075892
0.05,5.403155965719379e-08,1.9478876386763477e-07,1.2785410417096403,0.6382361359682232,8.471625286591898
0.05,5.412814135660946e-08,1.658703635156253e-07,2.1686722793633626,0.5682136475179475,8.471625286591898
0.05,5.412814135660946e-08,1.658703635156253e-07,2.1686722793633626,0.5682136475179475,8.471625286591898
0.05,5.412814135660946e-08,4.4486631518019554e-08,2.1686722793633626,0.5682136475179475,8.471625286591898
0.05,5.412814135660946e-08,6.207562910503034e-07,2.882825920427958,0.39899815299374175,8.471625286591898
0.05,7.446486036357708e-08,6.207562910503034e-07,2.7963485310773835,0.39899815299374175,9.07473633634071
0.05,7.446486036357708e-08,6.207562910503034e-07,1.7779515037408198,0.39899815299374175,9.008826729705437
0.05,5.202796100871827e-08,6.207562910503034e-07,2.0619044314032324,0.29046476551820644,5.781687081510198
0.05,5.517644357978776e-08,6.207562910503034e-07,2.0619044314032324,0.29046476551820644,5.781687081510198
0.05,5.517644357978776e-08,6.207562910503034e-07,1.4816315492250887,0.29046476551820644,3.3760592133222684
0.05,5.517644357978776e-08,6.207562910503034e-07,1.4816315492250887,0.29046476551820644,3.3760592133222684
0.05,5.517644357978776e-08,6.207562910503034e-07,1.4969425276037327,0.29046476551820644,3.3760592133222684
0.05,5.257970641831163e-08,9.168869673992201e-07,1.4969425276037327,0.4293316161137703,3.3760592133222684
0.05,5.257970641831163e-08,9.168869673992201e-07,1.4969425276037327,0.32452103242006125,3.3760592133222684
0.05,5.257970641831163e-08,9.168869673992201e-07,1.4969425276037327,0.16508112974495195,3.3760592133222684
0.05,5.257970641831163e-08,9.168869673992201e-07,1.4969425276037327,0.16508112974495195,3.3760592133222684
0.05,7.256697180181603e-08,9.168869673992201e-07,1.4969425276037327,0.4275655610014645,2.4009444572676273
0.05,7.256697180181603e-08,9.168869673992201e-07,1.4969425276037327,0.4275655610014645,6.9972113327564145
0.05,7.256697180181603e-08,1.6010556642585095e-06,1.4969425276037327,0.5259658730866387,6.9972113327564145
0.05,7.256697180181603e-08,1.6010556642585095e-06,1.3996274666143624,0.46122384018244905,6.9972113327564145
0.05,7.256697180181603e-08,1.6010556642585095e-06,1.3996274666143624,0.3850805867691568,6.9972113327564145
0.05,6.28025842415061e-08,3.9547128758497614e-07,1.3996274666143624,0.3850805867691568,6.9972113327564145
0.05,6.28025842415061e-08,5.185940422077285e-07,1.3996274666143624,0.22157882061688516,6.9972113327564145
0.05,6.28025842415061e-08,5.185940422077285e-07,1.3996274666143624,0.22157882061688516,6.9972113327564145
0.05,6.983957200117373e-08,6.45276181352996e-06,1.7339038652241723,0.09456487701555162,1.8993056223524785
0.05,6.983957200117373e-08,1.4994358537759238e-06,1.7339038652241723,0.09456487701555162,1.5487826954043782
0.05,6.983957200117373e-08,1.4994358537759238e-06,1.7339038652241723,0.09456487701555162,1.3220367735296776
0.05,5.602784080446525e-08,1.4994358537759238e-06,1.7339038652241723,0.1533488033446549,1.3220367735296776
0.05,5.602784080446525e-08,1.4994358537759238e-06,1.7339038652241723,0.1533488033446549,1.3220367735296776
0.05,4.864242369489707e-08,1.4994358537759238e-06,1.7339038652241723,0.06473491814974938,1.3049714791588072
0.05,4.864242369489707e-08,1.4994358537759238e-06,1.0929991064003917,0.024406369211153803,2.3685841753258203
0.05,4.864242369489707e-08,1.4994358537759238e-06,1.0929991064003917,0.2819727063028535,2.3685841753258203
0.05,4.864242369489707e-08,1.638874651786522e-06,1.7475079631597936,0.2819727063028535,7.752074762571243
0.05,4.864242369489707e-08,5.12300670607243e-07,1.7475079631597936,0.2819727063028535,4.662440831125424
0.05,4.864242369489707e-08,1.0746092304747676e-06,1.7475079631597936,0.2819727063028535,4.916743254876224
0.05,4.903723687181164e-08,1.0746092304747676e-06,1.7475079631597936,0.27788027863295633,4.916743254876224
0.05,4.903723687181164e-08,1.0746092304747676e-06,1.7475079631597936,0.27788027863295633,6.945714989592187
0.05,4.903723687181164e-08,5.860023335515852e-07,3.0669278464028893,0.27788027863295633,1.4212969782121743
0.05,4.8935219532494775e-08,4.2345532702408345e-06,2.3431404798134996,0.0803719058556882,1.002172946023356
0.05,4.8935219532494775e-08,3.910765260932668e-06,1.7404032925599906,0.03849345359721233,1.002172946023356
0.05,4.8935219532494775e-08,5.474140709663562e-06,1.7404032925599906,0.014627755751958103,1.002172946023356
0.05,4.8935219532494775e-08,6.993597741796418e-07,1.7404032925599906,0.018808970530081858,1.002172946023356
0.05,4.8935219532494775e-08,6.993597741796418e-07,1.7404032925599906,0.3256345644330524,1.002172946023356
0.05,4.8935219532494775e-08,6.993597741796418e-07,1.7404032925599906,0.3256345644330524,1.730619557312591
0.05,5.480869523249217e-08,1.7214956285345417e-06,2.076933000244814,0.1101731612992229,1.730619557312591
0.05,3.7876406742018065e-08,1.7214956285345417e-06,2.076933000244814,0.33265211598771016,1.730619557312591
0.05,3.7876406742018065e-08,1.7214956285345417e-06,1.6147523937471828,0.2924126950720427,8.513123952468343
0.05,3.7876406742018065e-08,1.7214956285345417e-06,1.6147523937471828,0.2924126950720427,8.386838267665562
0.05,3.7876406742018065e-08,1.7214956285345417e-06,1.6147523937471828,0.2924126950720427,2.884634906738188
0.05,3.7876406742018065e-08,1.7214956285345417e-06,3.096496453654048,0.22926102101349452,4.41949787110873
0.05,6.254873657735065e-08,1.7214956285345417e-06,2.7794727278186255,0.17380897572117499,0.1611261454213542
0.05,5.2780164519294346e-08,1.7214956285345417e-06,2.7794727278186255,0.17380897572117499,0.7767921225297676
0.05,5.683387171682675e-08,1.7214956285345417e-06,2.7794727278186255,0.17380897572117499,0.7767921225297676
0.05,5.683387171682675e-08,1.7214956285345417e-06,2.7794727278186255,0.17380897572117499,0.5678098343477431
0.05,5.683387171682675e-08,5.949429075204605e-07,2.7794727278186255,0.32480412272077547,1.6901292964863643
0.05,5.683387171682675e-08,7.289188450183051e-06,2.7794727278186255,0.32480412272077547,2.7738144445741435
0.05,5.683387171682675e-08,4.236273437036094e-07,2.7794727278186255,0.32480412272077547,4.327173544809006
0.05,5.683387171682675e-08,4.236273437036094e-07,2.7794727278186255,0.29749998985652415,4.327173544809006
0.05,4.797213256253335e-08,4.236273437036094e-07,2.7794727278186255,0.29749998985652415,4.327173544809006
0.05,8.780659463323366e-08,4.236273437036094e-07,2.7794727278186255,0.1649954082718058,0.5160000539452435
0.05,8.780659463323366e-08,4.236273437036094e-07,2.7794727278186255,0.1649954082718058,2.21648992781769
0.05,8.780659463323366e-08,2.619232296102662e-06,2.7794727278186255,0.1649954082718058,1.6447502562279812
0.05,8.780659463323366e-08,2.619232296102662e-06,1.2363003999105169,0.1649954082718058,1.6447502562279812
0.05,8.780659463323366e-08,2.619232296102662e-06,3.110246870380426,0.1649954082718058,1.6447502562279812
0.05,8.780659463323366e-08,2.619232296102662e-06,1.586251267825895,0.23125325540757222,1.6447502562279812
0.05,8.780659463323366e-08,1.5878359658004556e-06,1.586251267825895,0.08518706933735574,1.8193351746161444
0.05,8.780659463323366e-08,1.5878359658004556e-06,1.586251267825895,0.014026056913904615,2.851129560739296
0.05,8.780659463323366e-08,2.7092606545862678e-06,1.586251267825895,0.014026056913904615,0.32138798061238494
0.05,8.780659463323366e-08,5.647365145286352e-06,1.586251267825895,0.014026056913904615,1.8946203909891481
0.05,8.780659463323366e-08,5.647365145286352e-06,1.586251267825895,0.06889726196819179,0.08760575617669901
0.05,8.780659463323366e-08,1.6497901402589963e-07,1.6773052159288795,0.168011520369066,0.4529407982538614
0.05,8.780659463323366e-08,1.6497901402589963e-07,3.4220043863412397,0.168011520369066,0.4529407982538614
0.05,8.780659463323366e-08,1.6497901402589963e-07,3.4220043863412397,0.20499057703004742,0.4529407982538614
0.05,8.780659463323366e-08,3.2978199140218764e-06,3.4220043863412397,0.3179663235504774,0.4529407982538614
0.05,8.780659463323366e-08,9.282391740267912e-07,3.731208548465709,0.3179663235504774,0.4529407982538614
0.05,6.946617353849064e-08,3.8538217316930634e-07,3.731208548465709,0.3179663235504774,0.4529407982538614
0.05,6.946617353849064e-08,3.1142409319741795e-06,3.5402152294232896,0.3179663235504774,0.4529407982538614
0.05,6.161537397082443e-08,8.648278384197954e-07,2.9351843015172774,0.2324597937357146,0.4529407982538614
0.05,6.161537397082443e-08,8.648278384197954e-07,2.9351843015172774,0.2324597937357146,2.6119449910641985
0.05,6.161537397082443e-08,8.648278384197954e-07,2.9351843015172774,0.2324597937357146,2.6119449910641985
0.05,6.161537397082443e-08,8.648278384197954e-07,2.1497866943044976,0.2324597937357146,1.7117705020470222
0.05,5.222276193730333e-08,2.9272131356356656e-06,1.3568799478969322,0.2324597937357146,4.3653372804333666
0.05,5.6744764698835474e-08,2.9272131356356656e-06,1.3568799478969322,0.2847726418688014,4.3653372804333666
0.05,4.600381920382821e-08,2.9272131356356656e-06,1.2341619112905236,0.3640721454202443,4.3653372804333666
0.05,3.7519462290243815e-08,2.9272131356356656e-06,2.4157690149989977,0.3640721454202443,8.30919725944153
0.05,4.647886952116513e-08,2.9272131356356656e-06,1.19749233895988,0.3640721454202443,8.30919725944153
0.05,4.647886952116513e-08,2.9272131356356656e-06,1.19749233895988,0.3640721454202443,8.30919725944153
0.05,4.647886952116513e-08,2.9272131356356656e-06,1.6444552930270406,0.3856379199221174,8.30919725944153
0.05,4.647886952116513e-08,2.509303176817517e-06,1.6444552930270406,0.3856379199221174,8.30919725944153
0.05,6.24973930002294e-08,2.509303176817517e-06,1.7779946514057419,0.3856379199221174,9.690947300280449
0.05,5.07898988179708e-08,2.509303176817517e-06,1.7779946514057419,0.6442827686538911,9.690947300280449
0.05,5.07898988179708e-08,8.402398864225373e-07,1.4373488999473478,0.6442827686538911,6.894725749760271
0.05,5.909735158219401e-08,8.402398864225373e-07,1.4373488999473478,0.6442827686538911,6.894725749760271
0.05,5.909735158219401e-08,2.9383923578007356e-06,1.5619361407985075,0.15392436848882027,7.671445039169686
0.05,5.909735158219401e-08,2.9383923578007356e-06,0.9782637589944396,0.14150483939481256,7.671445039169686
0.05,5.909735158219401e-08,2.9383923578007356e-06,0.9782637589944396,0.2743222038503484,8.372564496880782
0.05,5.909735158219401e-08,2.9383923578007356e-06,1.4370455110165528,0.2743222038503484,8.372564496880782
0.05,5.219703256546723e-08,2.9383923578007356e-06,1.1641238525262707,0.2743222038503484,5.693523202723983
0.05,5.219703256546723e-08,2.9383923578007356e-06,1.1641238525262707,0.2743222038503484,5.693523202723983
0.05,5.531389995961804e-08,2.9383923578007356e-06,2.071515084472593,0.2743222038503484,5.693523202723983
0.05,5.531389995961804e-08,4.3011009226632743e-07,1.410779893057133,0.2743222038503484,5.693523202723983
0.05,5.531389995961804e-08,2.3254381327822354e-07,1.410779893057133,0.2743222038503484,7.9132788818986235
0.05,5.531389995961804e-08,3.1118129977164925e-07,1.410779893057133,0.3766324134283007,9.883444864735235
0.05,5.531389995961804e-08,3.1118129977164925e-07,1.6164403493195034,0.3766324134283007,9.883444864735235
0.05,5.531389995961804e-08,5.363695447771359e-07,1.6164403493195034,0.3766324134283007,9.883444864735235
0.05,5.531389995961804e-08,5.363695447771359e-07,1.6164403493195034,0.3766324134283007,9.776182439731077
0.05,5.531389995961804e-08,5.363695447771359e-07,1.4960447270254469,0.3766324134283007,4.23909951680304
0.05,5.531389995961804e-08,5.363695447771359e-07,1.4960447270254469,0.3766324134283007,4.23909951680304
0.05,5.531389995961804e-08,2.5633662251040187e-06,2.0986573293761017,0.3766324134283007,1.8675159170156808
0.05,6.02875638304785e-08,2.5633662251040187e-06,2.0986573293761017,0.3766324134283007,1.8675159170156808
0.05,6.02875638304785e-08,2.5633662251040187e-06,1.5074464025748369,0.402268857637934,1.8675159170156808
0.05,6.02875638304785e-08,2.5633662251040187e-06,1.5074464025748369,0.402268857637934,2.602505323056861
0.05,6.02875638304785e-08,1.7288692987486353e-06,1.5074464025748369,0.07767356432128504,2.602505323056861
0.05,6.02875638304785e-08,1.7288692987486353e-06,1.5074464025748369,0.43032802492453937,4.156469317082187
0.05,4.3697864483364614e-08,1.7288692987486353e-06,1.5074464025748369,0.43032802492453937,4.156469317082187
0.05,4.3697864483364614e-08,1.7288692987486353e-06,1.5074464025748369,0.11583407148286769,4.156469317082187
0.05,4.3697864483364614e-08,1.7288692987486353e-06,1.803311168736694,0.1032373676806249,4.156469317082187
0.05,4.3697864483364614e-08,1.7288692987486353e-06,1.803311168736694,0.1032373676806249,4.599549540381874
0.05,4.3050223569025167e-08,1.7288692987486353e-06,1.803311168736694,0.1032373676806249,4.056386671417207
0.05,4.3050223569025167e-08,2.2343206980696382e-06,1.7371855270282692,0.1032373676806249,4.056386671417207
0.05,7.632072664789406e-08,2.2343206980696382e-06,1.7371855270282692,0.18750103417966119,4.056386671417207
0.05,7.632072664789406e-08,2.2343206980696382e-06,0.7900298181916952,0.18750103417966119,5.730495217233058
0.05,6.527402379292101e-08,2.2343206980696382e-06,0.7900298181916952,0.18750103417966119,8.286973144561703
0.05,4.769470346191959e-08,2.2343206980696382e-06,0.7900298181916952,0.18750103417966119,5.774246609657593
0.05,4.769470346191959e-08,3.227243024331115e-08,0.7900298181916952,0.2473179835294237,6.608933764746249
0.05,5.6030642753331826e-08,1.2072979030098572e-07,1.0566686925910895,0.2473179835294237,6.608933764746249
0.05,5.6030642753331826e-08,4.33474656453883e-08,1.5326052082685673,0.41405958014665195,6.608933764746249
0.05,7.131855651792044e-08,5.869090340043561e-07,1.5326052082685673,0.41405958014665195,7.148360356099449
0.05,7.131855651792044e-08,5.869090340043561e-07,1.5326052082685673,0.41405958014665195,7.148360356099449
0.05,7.131855651792044e-08,5.869090340043561e-07,1.5326052082685673,0.41405958014665195,7.148360356099449
0.05,7.131855651792044e-08,5.869090340043561e-07,1.8210054468390489,0.2997805466278859,7.148360356099449
0.05,7.131855651792044e-08,3.204224113356613e-07,3.933957826110231,0.2997805466278859,0.8206402217534852
0.05,7.131855651792044e-08,3.204224113356613e-07,3.933957826110231,0.2997805466278859,0.8206402217534852
0.05,7.131855651792044e-08,3.204224113356613e-07,3.3026628912804585,0.2997805466278859,0.8206402217534852
0.05,7.131855651792044e-08,3.204224113356613e-07,3.3026628912804585,0.2997805466278859,2.8264832251138303
0.05,6.581940387137691e-08,3.204224113356613e-07,3.3026628912804585,0.4264944196244505,2.8264832251138303
0.05,6.581940387137691e-08,3.204224113356613e-07,2.3185544781912197,0.4264944196244505,2.8264832251138303
0.05,6.581940387137691e-08,3.204224113356613e-07,2.0673534323005938,0.1558715436629701,2.8264832251138303
0.05,5.1827062266498804e-08,3.204224113356613e-07,2.0673534323005938,0.1558715436629701,2.8264832251138303
0.05,5.1827062266498804e-08,4.7224135725916434e-07,1.9707673131607704,0.1558715436629701,2.658778978320452
0.05,5.1827062266498804e-08,4.7224135725916434e-07,1.9707673131607704,0.1558715436629701,2.658778978320452
0.05,5.1827062266498804e-08,4.7224135725916434e-07,1.8358128040337018,0.1632406746560395,2.658778978320452
0.05,5.225794547034203e-08,4.7224135725916434e-07,1.8358128040337018,0.1632406746560395,2.658778978320452
0.05,4.486857116310782e-08,4.7224135725916434e-07,1.8358128040337018,0.1632406746560395,2.658778978320452
0.05,4.486857116310782e-08,8.173872162244852e-07,1.8358128040337018,0.1632406746560395,2.658778978320452
0.05,4.486857116310782e-08,8.173872162244852e-07,2.3135291839346617,0.1632406746560395,2.658778978320452
0.05,4.486857116310782e-08,8.173872162244852e-07,2.3135291839346617,0.1632406746560395,0.6101399146194051
0.05,4.4606480538919634e-08,8.173872162244852e-07,2.3135291839346617,0.1632406746560395,0.35063987555515463
0.05,4.099590936934017e-08,8.173872162244852e-07,2.306786217253788,0.1632406746560395,0.35063987555515463
0.05,4.099590936934017e-08,8.173872162244852e-07,2.306786217253788,0.32492050197276645,2.1864800810286127
0.05,4.099590936934017e-08,2.3289844858524595e-06,2.306786217253788,0.32492050197276645,2.1864800810286127
0.05,4.126199770955802e-08,2.3289844858524595e-06,2.306786217253788,0.30863014293039515,4.3667522265163665
0.05,4.6943711925938345e-08,5.467859300061971e-06,2.194507316155258,0.30863014293039515,2.3107091584531347
0.05,4.6943711925938345e-08,5.467859300061971e-06,2.194507316155258,0.28925541776706304,2.3107091584531347
0.05,4.6943711925938345e-08,1.2925533892446173e-06,2.194507316155258,0.28925541776706304,2.3107091584531347
0.05,4.6943711925938345e-08,1.2925533892446173e-06,2.194507316155258,0.28925541776706304,3.21286135190097
0.05,4.6943711925938345e-08,1.2925533892446173e-06,1.625559591405793,0.28925541776706304,4.673124781114782
0.05,5.275126096189958e-08,1.2925533892446173e-06,0.9732428343578247,0.28925541776706304,4.673124781114782
0.05,4.322645205741961e-08,1.7903946247651403e-06,1.0174780305738622,0.21233215089970647,4.673124781114782
0.05,4.322645205741961e-08,6.488377042630284e-07,1.0174780305738622,0.21233215089970647,3.8043516777200175
0.05,4.322645205741961e-08,2.0204248284931536e-06,1.0174780305738622,0.21233215089970647,4.332782972494042
0.05,4.322645205741961e-08,8.653275463375942e-06,1.4983196911591203,0.09704942280603285,4.332782972494042
0.05,6.100530187600786e-08,8.653275463375942e-06,1.4983196911591203,0.12173104524800332,5.511516757809733
0.05,6.100530187600786e-08,3.509527161174626e-07,1.4983196911591203,0.12173104524800332,5.511516757809733
0.05,6.100530187600786e-08,3.509527161174626e-07,1.2897190164814596,0.5017374599376628,5.511516757809733
0.05,6.100530187600786e-08,2.074538308499475e-06,1.2897190164814596,0.40535523041409666,7.481735195900969
0.05,6.100530187600786e-08,3.4377539693888183e-06,1.94651542287987,0.40535523041409666,3.8267193079910333
0.05,6.100530187600786e-08,5.318468760503006e-07,1.94651542287987,0.40535523041409666,3.8267193079910333
0.05,6.100530187600786e-08,5.318468760503006e-07,1.94651542287987,0.4106596672155895,2.0313100490913745
0.05,6.100530187600786e-08,5.318468760503006e-07,1.94651542287987,0.23344952665650293,2.0313100490913745
0.05,7.955280391410354e-08,5.318468760503006e-07,1.94651542287987,0.2560408165892529,2.0313100490913745
0.05,7.955280391410354e-08,5.318468760503006e-07,1.94651542287987,0.2560408165892529,2.7816302370700523
0.05,8.131284015646771e-08,5.318468760503006e-07,1.94651542287987,0.3446123257493878,2.7816302370700523
0.05,8.131284015646771e-08,5.318468760503006e-07,1.94651542287987,0.3446123257493878,1.7444023856126554
0.05,4.298009598283558e-08,1.7813276983401596e-06,2.7354705842304767,0.3446123257493878,1.127871558984209
0.05,4.298009598283558e-08,4.131371630151767e-07,2.7354705842304767,0.3446123257493878,3.189106424421166
0.05,5.679821167869807e-08,1.8291218328468807e-06,1.5458056161808353,0.3446123257493878,2.921566394374139
0.05,5.679821167869807e-08,2.5971400597488773e-09,2.4338120254787174,0.3446123257493878,3.798509150710199
0.05,5.679821167869807e-08,2.5971400597488773e-09,3.007961423509892,0.3446123257493878,3.798509150710199
0.05,5.679821167869807e-08,4.806812804517553e-09,2.7329792587726116,0.3446123257493878,3.798509150710199
0.05,5.679821167869807e-08,4.806812804517553e-09,2.7329792587726116,0.3446123257493878,3.798509150710199
0.05,6.265863600023955e-08,4.806812804517553e-09,2.7329792587726116,0.3446123257493878,2.8520813968810788
0.05,6.107666433196608e-08,1.2735189920223154e-07,2.472502952161657,0.3446123257493878,2.8520813968810788
0.05,6.107666433196608e-08,2.828040520769856e-07,2.472502952161657,0.3446123257493878,2.8520813968810788
0.05,6.107666433196608e-08,2.828040520769856e-07,2.472502952161657,0.33861405776040027,3.181353848828699
0.05,6.107666433196608e-08,2.828040520769856e-07,2.786436977502578,0.33861405776040027,1.965652685623148
0.05,5.878809046708414e-08,5.488222113994278e-08,2.786436977502578,0.33861405776040027,1.1070021374834131
0.05,5.878809046708414e-08,4.0900864804230135e-08,1.657750371474834,0.33861405776040027,1.1070021374834131
0.05,5.878809046708414e-08,9.164957263011334e-09,1.657750371474834,0.33861405776040027,1.1070021374834131
0.05,5.547999340189172e-08,1.0928232623669866e-08,1.5684181180414927,0.1585980857355901,1.1070021374834131
0.05,5.547999340189172e-08,1.0928232623669866e-08,1.5684181180414927,0.08067802899626542,1.1070021374834131
0.05,5.547999340189172e-08,1.0928232623669866e-08,2.078391698107228,0.08067802899626542,2.0328852706959255
0.05,5.547999340189172e-08,2.895077221734385e-08,1.340758239831047,0.2730745426070919,2.0328852706959255
0.05,5.547999340189172e-08,3.2537118657446317e-07,1.340758239831047,0.20465222358111926,2.0328852706959255
0.05,4.400489831598068e-08,3.2537118657446317e-07,1.340758239831047,0.19164240702038415,1.315901887068887
0.05,4.400489831598068e-08,3.2537118657446317e-07,1.340758239831047,0.19164240702038415,1.315901887068887
0.05,6.77467632233282e-08,2.1329336627841227e-07,1.340758239831047,0.1289537384694722,1.315901887068887
0.05,6.77467632233282e-08,2.1329336627841227e-07,1.340758239831047,0.1289537384694722,1.315901887068887
0.05,6.77467632233282e-08,1.138358296249098e-06,1.340758239831047,0.1289537384694722,3.1362980436132144
0.05,6.77467632233282e-08,1.138358296249098e-06,1.340758239831047,0.1289537384694722,3.1362980436132144
0.05,6.77467632233282e-08,1.138358296249098e-06,1.340758239831047,0.16950839631066766,3.1362980436132144
0.05,6.77467632233282e-08,7.801562477069298e-06,1.340758239831047,0.16950839631066766,0.92955026935051
0.05,6.270606873819125e-08,1.276637249737624e-06,1.340758239831047,0.220000630194382,0.92955026935051
0.05,6.365278211980815e-08,1.276637249737624e-06,1.340758239831047,0.3934088034740757,0.9775776290070854
0.05,6.365278211980815e-08,7.612365726575273e-07,1.340758239831047,0.3934088034740757,3.592372199219766
0.05,6.365278211980815e-08,7.612365726575273e-07,1.340758239831047,0.3934088034740757,3.592372199219766
0.05,6.365278211980815e-08,3.5933150211417193e-06,1.340758239831047,0.3934088034740757,6.103979538859315
0.05,7.099770830010221e-08,3.5933150211417193e-06,1.340758239831047,0.3934088034740757,6.103979538859315
0.05,7.099770830010221e-08,3.5933150211417193e-06,1.221571254679751,0.13183436625949335,6.103979538859315
0.05,7.099770830010221e-08,3.5933150211417193e-06,1.221571254679751,0.13183436625949335,6.103979538859315
0.05,5.148621433089588e-08,3.5933150211417193e-06,1.1247287198078026,0.13183436625949335,6.103979538859315
0.05,5.148621433089588e-08,3.5933150211417193e-06,1.1247287198078026,0.13183436625949335,8.504015567722314
0.05,5.148621433089588e-08,3.5933150211417193e-06,1.153376533416135,0.16430599037167656,0.5386943094053493
0.05,5.428062506255219e-08,3.5933150211417193e-06,1.3929497636856703,0.14589384917269288,2.860497791272796
0.05,5.428062506255219e-08,3.5933150211417193e-06,1.3929497636856703,0.14589384917269288,2.3991459882607775
0.05,5.428062506255219e-08,3.5933150211417193e-06,1.94373858532598,0.14589384917269288,2.3991459882607775
0.05,5.565483363490282e-08,3.5933150211417193e-06,2.2378811222281136,0.3463566594679666,2.3991459882607775
0.05,5.565483363490282e-08,3.5933150211417193e-06,3.142577248373388,0.3463566594679666,2.3991459882607775
0.05,5.565483363490282e-08,3.5933150211417193e-06,2.3793052581119127,0.3266449262691019,2.3991459882607775
0.05,5.565483363490282e-08,3.5933150211417193e-06,2.0246732776360354,0.18506941409767705,2.3991459882607775
0.05,5.565483363490282e-08,3.6959946245006835e-06,2.0246732776360354,0.14228234117452887,2.2105009028221714
0.05,6.030814459251667e-08,3.6959946245006835e-06,2.0246732776360354,0.2067782535078993,2.2105009028221714
0.05,6.030814459251667e-08,3.6959946245006835e-06,2.0246732776360354,0.13632105023924182,1.2377905525935164
0.05,6.030814459251667e-08,3.6959946245006835e-06,2.4385998755954623,0.13632105023924182,1.2377905525935164
0.05,6.030814459251667e-08,3.6959946245006835e-06,2.012585883612467,0.13632105023924182,1.2377905525935164
0.05,5.7804901052236904e-08,3.6959946245006835e-06,2.012585883612467,0.30806670036882056,1.2377905525935164
0.05,5.868479626137688e-08,3.6959946245006835e-06,2.012585883612467,0.21755118157749226,1.2377905525935164
0.05,5.868479626137688e-08,3.7788642301340137e-06,2.012585883612467,0.21755118157749226,1.2377905525935164
0.05,5.8701930345394204e-08,3.7788642301340137e-06,2.2230359720120276,0.21755118157749226,1.2377905525935164
0.05,5.8701930345394204e-08,3.7788642301340137e-06,2.2230359720120276,0.21755118157749226,1.2377905525935164
0.05,5.8701930345394204e-08,4.265683121353281e-06,2.2230359720120276,0.21755118157749226,1.2377905525935164
0.05,6.616135115570797e-08,4.265683121353281e-06,3.653383039605126,0.21755118157749226,1.2377905525935164
0.05,6.616135115570797e-08,4.265683121353281e-06,2.1624249438844005,0.21755118157749226,0.5507582687611755
0.05,5.777268603385713e-08,4.265683121353281e-06,2.1624249438844005,0.21755118157749226,0.5507582687611755
0.05,5.777268603385713e-08,4.265683121353281e-06,2.1624249438844005,0.21755118157749226,0.5507582687611755
0.05,8.041342733991361e-08,4.265683121353281e-06,3.1154974986032826,0.21755118157749226,0.5507582687611755
0.05,8.041342733991361e-08,1.1600021242259528e-06,3.1154974986032826,0.2328392073580692,1.540449616372471
0.05,8.041342733991361e-08,1.1600021242259528e-06,3.1154974986032826,0.2328392073580692,1.3671089962358451
0.05,8.041342733991361e-08,2.71375140877056e-07,3.440418501246537,0.2328392073580692,1.3671089962358451
0.05,8.041342733991361e-08,4.860700104324596e-07,2.3227039869857027,0.2328392073580692,1.3671089962358451
0.05,6.720572324737221e-08,4.860700104324596e-07,2.4302568151404778,0.2328392073580692,1.3671089962358451
0.05,6.720572324737221e-08,4.860700104324596e-07,2.5752350947552083,0.2328392073580692,0.13125353438371923
0.05,6.720572324737221e-08,9.239991814098275e-07,2.5752350947552083,0.40128299481334645,3.042457874268935
0.05,6.720572324737221e-08,9.239991814098275e-07,2.015946288961155,0.40128299481334645,3.3621712973743323
0.05,1.1051973054257311e-07,9.321125887633685e-07,2.015946288961155,0.20121976685991314,3.3621712973743323
0.05,1.1051973054257311e-07,5.812096275595086e-07,2.015946288961155,0.20121976685991314,3.3621712973743323
0.05,1.1051973054257311e-07,5.812096275595086e-07,2.015946288961155,0.20121976685991314,3.1485675829803137
0.05,1.1051973054257311e-07,5.812096275595086e-07,1.7250734262851424,0.20121976685991314,6.202450751747701
0.05,1.1051973054257311e-07,5.077049895295011e-07,1.7272107313028153,0.3903601570661635,6.202450751747701
0.05,1.1051973054257311e-07,1.0046984740286764e-06,1.7272107313028153,0.3903601570661635,8.607351588127457
0.05,6.373634029560448e-08,9.158610908364958e-07,1.5918421407675427,0.3903601570661635,8.607351588127457
0.05,6.373634029560448e-08,9.158610908364958e-07,1.5918421407675427,0.4934411869198787,8.607351588127457
0.05,6.373634029560448e-08,9.158610908364958e-07,1.5918421407675427,0.509358747603331,8.607351588127457
0.05,6.373634029560448e-08,1.3316873969460288e-06,1.5918421407675427,0.5342398838118882,9.62949431979379
0.05,6.373634029560448e-08,1.3316873969460288e-06,1.3120546657415475,0.6241615012742049,9.444016549326673
0.05,6.373634029560448e-08,1.3316873969460288e-06,1.9082849001102844,0.6241615012742049,9.444016549326673
0.05,6.373634029560448e-08,1.3316873969460288e-06,1.8881705458559792,0.21178775316638998,4.996944985423573
0.05,4.534930816990129e-08,1.3316873969460288e-06,1.8881705458559792,0.10504541004341966,3.096444467605653
0.05,4.534930816990129e-08,1.3316873969460288e-06,1.8881705458559792,0.08414938789350139,0.8609012816333976
0.05,6.244664315086252e-08,1.3316873969460288e-06,1.8881705458559792,0.13353494442482347,0.8609012816333976
0.05,5.3979274330806796e-08,2.136017335386228e-06,1.8881705458559792,0.21295712608004938,0.8609012816333976
0.05,5.3979274330806796e-08,8.654371287034648e-07,2.737214600115647,0.11653675643418826,0.8609012816333976
0.05,5.3979274330806796e-08,6.207773207803987e-06,2.737214600115647,0.11653675643418826,1.1334067572936601
0.05,7.950823198312108e-08,6.207773207803987e-06,2.8751142418161724,0.11653675643418826,1.1334067572936601
0.05,7.950823198312108e-08,6.207773207803987e-06,2.8751142418161724,0.11653675643418826,0.10575450159913571
0.05,7.950823198312108e-08,6.207773207803987e-06,2.1285269200973294,0.11653675643418826,0.10575450159913571
0.05,7.950823198312108e-08,6.207773207803987e-06,2.1285269200973294,0.07554557884236739,0.10575450159913571
0.05,7.950823198312108e-08,6.207773207803987e-06,2.1285269200973294,0.062125090639488185,0.18155383365214134
0.05,7.950823198312108e-08,6.207773207803987e-06,2.1285269200973294,0.018516204833988064,0.18155383365214134
0.05,7.950823198312108e-08,6.207773207803987e-06,2.1285269200973294,0.018516204833988064,0.18155383365214134
0.05,7.950823198312108e-08,3.9064478982767954e-06,2.1285269200973294,0.29065256924824356,0.18155383365214134
0.05,7.950823198312108e-08,3.0702811471006376e-06,2.1285269200973294,0.29065256924824356,0.18155383365214134
0.05,7.950823198312108e-08,3.0702811471006376e-06,2.1285269200973294,0.36693808106008535,2.5361145080064547
0.05,8.967206903370577e-08,3.0702811471006376e-06,2.1285269200973294,0.17598186633076038,2.5361145080064547
0.05,5.84688124268924e-08,3.0702811471006376e-06,2.1285269200973294,0.17598186633076038,3.181493925608598
0.05,4.488477550019471e-08,3.0702811471006376e-06,2.0920438006914748,0.30384253965847685,3.181493925608598
0.05,4.488477550019471e-08,2.0983045052530973e-06,2.0920438006914748,0.18672682230191742,3.181493925608598
0.05,7.797881878005263e-08,2.0983045052530973e-06,2.0920438006914748,0.18672682230191742,1.5050931245934671
0.05,6.995086118662526e-08,1.2847745322888074e-06,2.0697176701206788,0.18672682230191742,0.6926288013335148
0.05,5.8443741427790473e-08,1.2847745322888074e-06,2.9682305208154345,0.18672682230191742,1.4541787934657093
0.05,5.8443741427790473e-08,1.2847745322888074e-06,2.106652563841138,0.28638243560639876,0.9100685196436954
0.05,5.8443741427790473e-08,9.370459120370505e-07,2.106652563841138,0.28638243560639876,2.2439521014724817
0.05,5.8443741427790473e-08,3.176643713016601e-06,2.106652563841138,0.28638243560639876,4.251325994239589
0.05,5.8443741427790473e-08,3.176643713016601e-06,2.25431723149843,0.28638243560639876,4.251325994239589
0.05,5.8443741427790473e-08,4.555898050131497e-06,2.25431723149843,0.28638243560639876,4.332679164156743
0.05,5.4466337980953235e-08,1.217077045374917e-06,1.851324373953,0.28638243560639876,4.332679164156743
0.05,5.962810410205244e-08,1.217077045374917e-06,1.3744542200264758,0.09205769022696707,4.332679164156743
0.05,5.721007455318667e-08,1.217077045374917e-06,1.3744542200264758,0.09205769022696707,1.2030396207708638
0.05,5.721007455318667e-08,1.217077045374917e-06,2.1988866451655387,0.27702786639795224,1.2030396207708638
0.05,5.721007455318667e-08,1.217077045374917e-06,2.551079832005068,0.27702786639795224,1.1003642828322613
0.05,5.721007455318667e-08,1.217077045374917e-06,2.551079832005068,0.27702786639795224,1.1003642828322613
0.05,5.721007455318667e-08,1.217077045374917e-06,3.0061163421526245,0.10870608850377685,1.1003642828322613
0.05,4.237867779078009e-08,1.217077045374917e-06,3.0061163421526245,0.36319006720405406,1.1003642828322613
0.05,4.237867779078009e-08,1.217077045374917e-06,1.84421005646494,0.36319006720405406,1.6985025690728897
0.05,5.4870191932476475e-08,1.217077045374917e-06,1.84421005646494,0.3161980327082441,1.6985025690728897
0.05,5.4870191932476475e-08,3.028273142897551e-06,1.84421005646494,0.3161980327082441,4.865349158087046
0.05,5.4870191932476475e-08,5.975679988651363e-06,1.84421005646494,0.3161980327082441,4.865349158087046
0.05,5.4870191932476475e-08,5.975679988651363e-06,3.2351128286280244,0.3161980327082441,0.3633505207919553
0.05,7.88051847371757e-08,5.975679988651363e-06,3.2351128286280244,0.3161980327082441,4.5425410344996635
0.05,7.88051847371757e-08,2.825750388013174e-07,3.2351128286280244,0.3161980327082441,0.6518444130693326
0.05,7.88051847371757e-08,7.491073906150825e-07,1.6640426493766185,0.3161980327082441,1.1373398152026275
0.05,7.88051847371757e-08,7.491073906150825e-07,1.6640426493766185,0.08658398034637459,1.1373398152026275
0.05,6.711454635768596e-08,7.491073906150825e-07,1.6640426493766185,0.08658398034637459,1.1373398152026275
0.05,6.711454635768596e-08,7.491073906150825e-07,1.4881277101831119,0.42749707448207686,1.1373398152026275
0.05,6.711454635768596e-08,1.4625640039774908e-06,1.4881277101831119,0.12820879142499295,1.1373398152026275
0.05,4.921007923644077e-08,1.4625640039774908e-06,1.4881277101831119,0.12820879142499295,1.3809106927305987
0.05,4.921007923644077e-08,9.704826265709802e-07,1.4881277101831119,0.12820879142499295,1.3809106927305987
0.05,4.921007923644077e-08,4.089072682294883e-06,1.4881277101831119,0.12820879142499295,5.828857679326869
0.05,4.921007923644077e-08,4.9328884169053284e-06,1.9978561344706973,0.3595751780533978,6.437227638031951
0.05,4.921007923644077e-08,7.28937632700174e-06,1.9978561344706973,0.3563011480908868,6.437227638031951
0.05,4.921007923644077e-08,7.28937632700174e-06,1.3784885930559354,0.3563011480908868,6.437227638031951
0.05,7.997540127880354e-08,5.286116376416585e-06,1.257475738298118,0.4157761245857164,1.2344279471706296
0.05,7.423354705907613e-08,5.286116376416585e-06,1.257475738298118,0.47370222480947977,1.2344279471706296
0.05,7.423354705907613e-08,4.794414956078269e-07,1.3490922784585262,0.47370222480947977,1.2344279471706296
0.05,6.200596326446223e-08,1.532532220208336e-06,1.4660020658708977,0.05507780374335027,1.2344279471706296
0.05,6.200596326446223e-08,1.532532220208336e-06,1.9643321718763176,0.21894562345676494,1.2988183205075674
0.05,6.200596326446223e-08,2.6799155288470196e-07,1.9643321718763176,0.21894562345676494,2.527824530695675
0.05,6.200596326446223e-08,2.6799155288470196e-07,1.9643321718763176,0.21894562345676494,3.584510036999778
0.05,6.200596326446223e-08,1.4509623580897931e-06,1.9643321718763176,0.31807555596439147,3.584510036999778
0.05,6.200596326446223e-08,8.469952375985975e-07,1.9643321718763176,0.31807555596439147,3.584510036999778
0.05,6.200596326446223e-08,6.172812292297811e-07,1.9643321718763176,0.15373832100838075,3.584510036999778
0.05,6.200596326446223e-08,6.172812292297811e-07,1.9289452264566576,0.3659204330620797,3.584510036999778
0.05,6.200596326446223e-08,6.999041410055725e-07,1.9289452264566576,0.3659204330620797,3.584510036999778
0.05,7.557120945896779e-08,6.999041410055725e-07,1.9289452264566576,0.5902158083213572,9.06604603366903
0.05,5.2395011918836626e-08,1.2204073080824043e-06,1.9289452264566576,0.5902158083213572,5.848523785744819
0.05,5.2395011918836626e-08,1.2204073080824043e-06,1.9289452264566576,0.5902158083213572,5.848523785744819
0.05,5.2395011918836626e-08,1.2204073080824043e-06,1.513560429483527,0.4531735457734663,8.43117024205483
0.05,5.2395011918836626e-08,1.2204073080824043e-06,1.513560429483527,0.4531735457734663,8.43117024205483
0.05,5.072416457227151e-08,8.092649619740168e-07,1.513560429483527,0.49481710289951103,8.43117024205483
0.05,5.072416457227151e-08,8.092649619740168e-07,1.513560429483527,0.49481710289951103,9.563908948808399
0.05,5.072416457227151e-08,9.141390299327108e-07,1.513560429483527,0.542101710208959,9.500593739522369
0.05,5.072416457227151e-08,9.141390299327108e-07,1.513560429483527,0.542101710208959,9.500593739522369
0.05,5.072416457227151e-08,9.141390299327108e-07,1.685443572491692,0.34735439499772064,4.1879910819387804
0.05,5.072416457227151e-08,5.3088012736051506e-06,1.685443572491692,0.34735439499772064,4.1879910819387804
0.05,5.072416457227151e-08,6.036017774223924e-06,1.685443572491692,0.34735439499772064,4.1879910819387804
0.05,5.072416457227151e-08,6.036017774223924e-06,1.163520963312816,0.34872214167725635,4.1879910819387804
0.05,5.995389718496074e-08,5.5822247927424666e-06,1.163520963312816,0.34872214167725635,4.1879910819387804
0.05,9.325423386760282e-08,5.5822247927424666e-06,1.163520963312816,0.3378070280578004,4.1879910819387804
0.05,5.6163166934286e-08,7.355889787798062e-07,1.163520963312816,0.3378070280578004,4.1879910819387804
0.05,5.6163166934286e-08,7.355889787798062e-07,1.163520963312816,0.4659456299521851,8.165449622550636
0.05,5.6163166934286e-08,7.355889787798062e-07,1.163520963312816,0.4659456299521851,7.361645888371223
0.05,5.6163166934286e-08,7.355889787798062e-07,1.163520963312816,0.43087319253369644,7.361645888371223
0.05,5.6163166934286e-08,7.355889787798062e-07,1.163520963312816,0.43087319253369644,7.361645888371223
0.05,5.6163166934286e-08,1.4271827521238015e-06,1.163520963312816,0.43087319253369644,7.361645888371223
0.05,5.6163166934286e-08,1.4271827521238015e-06,1.163520963312816,0.43087319253369644,7.986816161570934
0.05,5.6163166934286e-08,1.4271827521238015e-06,1.163520963312816,0.1667242589752454,7.986816161570934
0.05,6.028932075340886e-08,1.4271827521238015e-06,1.2160036173813273,0.1667242589752454,7.986816161570934
0.05,6.028932075340886e-08,1.4271827521238015e-06,1.2160036173813273,0.2715189408907792,4.13234045624082
0.05,6.028932075340886e-08,6.167572176129965e-07,2.3752686889315298,0.2715189408907792,5.66854590373357
0.05,6.028932075340886e-08,5.571144599335483e-07,1.3369760072676196,0.2715189408907792,5.66854590373357
0.05,6.028932075340886e-08,1.2450489098466478e-06,1.8435040381047998,0.18852258689272436,5.66854590373357
0.05,6.028932075340886e-08,1.0444742382811201e-06,1.8435040381047998,0.18852258689272436,5.66854590373357
0.05,6.028932075340886e-08,1.26161374051915e-06,1.8435040381047998,0.1675993748988979,5.2139598841363615
0.05,6.028932075340886e-08,1.2908279599059012e-06,1.8435040381047998,0.49311401948755385,5.549007817959622
0.05,6.028932075340886e-08,1.2908279599059012e-06,1.8435040381047998,0.49311401948755385,5.976353476708825
0.05,6.028932075340886e-08,2.70101292494145e-06,1.8435040381047998,0.49311401948755385,8.85561034468501
0.05,4.7335331392573715e-08,3.0600588527364413e-06,1.8435040381047998,0.24162633051229832,8.85561034468501
0.05,4.7335331392573715e-08,3.0600588527364413e-06,0.8100675853275519,0.24162633051229832,8.85561034468501
0.05,4.7335331392573715e-08,3.0600588527364413e-06,1.1519317907091149,0.24162633051229832,8.85561034468501
0.05,4.977283524236948e-08,3.0600588527364413e-06,1.1519317907091149,0.3335290716002405,2.45893480005486
0.05,4.310951549230918e-08,3.0600588527364413e-06,1.8665446468190998,0.3990505097106901,1.6303459461052547
0.05,4.310951549230918e-08,6.665869861514856e-06,2.6307984477752653,0.3990505097106901,1.6303459461052547
0.05,4.310951549230918e-08,2.484003412065915e-07,4.000179062143741,0.3990505097106901,1.6303459461052547
0.05,4.310951549230918e-08,1.292083065812661e-06,2.7836191139624584,0.3990505097106901,1.6303459461052547
0.05,4.310951549230918e-08,1.292083065812661e-06,2.7836191139624584,0.3990505097106901,1.6303459461052547
0.05,5.709876137289899e-08,1.292083065812661e-06,2.058727875926992,0.3990505097106901,6.660941388558994
0.05,5.709876137289899e-08,1.2740506148131065e-06,2.058727875926992,0.3358052659329704,6.660941388558994
0.05,5.0162872238696905e-08,1.2740506148131065e-06,2.058727875926992,0.3358052659329704,6.660941388558994
0.05,5.0162872238696905e-08,1.2740506148131065e-06,2.058727875926992,0.43366629500835663,6.4326711042674045
0.05,5.0162872238696905e-08,1.2740506148131065e-06,2.058727875926992,0.43366629500835663,6.4326711042674045
0.05,7.444947859421506e-08,1.2740506148131065e-06,2.058727875926992,0.43366629500835663,6.4326711042674045
0.05,7.444947859421506e-08,1.2740506148131065e-06,2.058727875926992,0.43366629500835663,6.4326711042674045
0.05,5.0295245692563245e-08,1.1063058911088261e-06,2.660010148741317,0.4284062647985416,6.4326711042674045
0.05,5.952535726872481e-08,1.1063058911088261e-06,2.660010148741317,0.4284062647985416,6.4326711042674045
0.05,5.952535726872481e-08,3.518417518029765e-06,2.660010148741317,0.4284062647985416,6.4326711042674045
0.05,5.952535726872481e-08,3.518417518029765e-06,1.089663834830854,0.4284062647985416,6.4326711042674045
0.05,5.952535726872481e-08,3.518417518029765e-06,1.089663834830854,0.16252489193485506,6.4326711042674045
0.05,5.952535726872481e-08,3.518417518029765e-06,1.3882768924257993,0.16252489193485506,6.4326711042674045
0.05,5.952535726872481e-08,3.518417518029765e-06,1.3882768924257993,0.16252489193485506,6.4326711042674045
0.05,5.952535726872481e-08,3.518417518029765e-06,1.3882768924257993,0.16252489193485506,6.4326711042674045
0.05,5.952535726872481e-08,2.5451254254959723e-06,1.6083896769217962,0.16252489193485506,6.4326711042674045
0.05,5.952535726872481e-08,5.410075131140569e-07,1.6083896769217962,0.25212113114804136,6.4326711042674045
0.05,5.952535726872481e-08,3.796061553208065e-06,1.6083896769217962,0.5232723514439682,6.4326711042674045
0.05,5.952535726872481e-08,3.796061553208065e-06,1.7019359399066376,0.5232723514439682,6.4326711042674045
0.05,6.212897405623422e-08,3.796061553208065e-06,0.8324454000351565,0.49795368013881974,7.007705228432196
0.05,6.212897405623422e-08,3.796061553208065e-06,0.8324454000351565,0.17597320939922848,7.007705228432196
0.05,6.212897405623422e-08,4.022512527124828e-06,1.9555339133046674,0.17597320939922848,7.007705228432196
0.05,5.909377407576769e-08,4.022512527124828e-06,1.7575002328352745,0.17597320939922848,7.007705228432196
0.05,5.909377407576769e-08,4.022512527124828e-06,1.7575002328352745,0.17597320939922848,7.007705228432196
0.05,5.909377407576769e-08,4.022512527124828e-06,1.7575002328352745,0.17597320939922848,0.1640444378435626
0.05,5.909377407576769e-08,4.022512527124828e-06,1.8514833814692908,0.17597320939922848,0.1417169900453178
0.05,5.909377407576769e-08,4.022512527124828e-06,1.8514833814692908,0.11194967792123259,0.1417169900453178
0.05,5.909377407576769e-08,4.022512527124828e-06,1.299189967943696,0.11194967792123259,0.16623697898104559
0.05,7.34529505000607e-08,4.022512527124828e-06,1.299189967943696,0.116484313876529,0.3978320754685513
0.05,7.34529505000607e-08,4.022512527124828e-06,2.415611016922181,0.11367225680184506,0.3978320754685513
0.05,7.34529505000607e-08,4.022512527124828e-06,2.008070685860632,0.11367225680184506,0.3978320754685513
0.05,7.790724424379064e-08,1.930454114881174e-07,2.008070685860632,0.17575830455542163,0.3978320754685513
0.05,7.790724424379064e-08,1.930454114881174e-07,2.008070685860632,0.17575830455542163,0.3978320754685513
0.05,7.007550642656965e-08,1.930454114881174e-07,1.9540304303611986,0.3499134779477582,1.19710358758583
0.05,4.7178133445660866e-08,1.930454114881174e-07,1.9540304303611986,0.13047058724602242,1.3412014226026612
0.05,4.7178133445660866e-08,1.930454114881174e-07,1.2020146240269827,0.12229743913951913,1.3412014226026612
0.05,4.7178133445660866e-08,1.930454114881174e-07,1.137983033453682,0.12229743913951913,5.755439204832586
0.05,4.7178133445660866e-08,9.373231361823962e-07,1.395379186783404,0.35052048613220715,5.755439204832586
0.05,4.7178133445660866e-08,9.373231361823962e-07,1.395379186783404,0.33197197733459444,8.032233626151019
0.05,4.7178133445660866e-08,1.8114531299080276e-06,1.395379186783404,0.4412081844048308,8.202326621524307
0.05,4.7178133445660866e-08,1.8114531299080276e-06,1.395379186783404,0.4464350613076646,8.202326621524307
0.05,4.7178133445660866e-08,1.6023062521962624e-07,1.395379186783404,0.4464350613076646,9.507184525069787
0.05,4.7178133445660866e-08,9.558835489467063e-07,1.4357637600206639,0.5971777822182807,9.507184525069787
0.05,4.7178133445660866e-08,9.558835489467063e-07,1.4357637600206639,0.5971777822182807,9.507184525069787
0.05,4.7178133445660866e-08,9.558835489467063e-07,1.3225010083115671,0.5971777822182807,9.507184525069787
0.05,4.7178133445660866e-08,3.649580018021083e-06,1.3225010083115671,0.5971777822182807,9.507184525069787
0.05,6.355365956315332e-08,3.5754052488910153e-07,1.3225010083115671,0.44387626170733846,9.507184525069787
0.05,6.355365956315332e-08,3.5754052488910153e-07,1.3225010083115671,0.6213238133858543,9.507184525069787
0.05,6.355365956315332e-08,3.5754052488910153e-07,1.3225010083115671,0.6213238133858543,7.025406621400469
0.05,6.419928358045605e-08,3.0688669179852286e-06,1.3225010083115671,0.6213238133858543,6.050920335958177
0.05,6.419928358045605e-08,3.0688669179852286e-06,1.3225010083115671,0.6644245474921989,6.050920335958177
0.05,6.419928358045605e-08,3.0688669179852286e-06,1.2381555613946797,0.6644245474921989,6.050920335958177
0.05,6.419928358045605e-08,3.0688669179852286e-06,1.2381555613946797,0.4373448949928384,6.050920335958177
0.05,6.419928358045605e-08,3.0688669179852286e-06,1.2381555613946797,0.4373448949928384,6.966702067134255
0.05,6.83804698604595e-08,3.0688669179852286e-06,1.2381555613946797,0.4373448949928384,6.966702067134255
0.05,6.83804698604595e-08,3.0688669179852286e-06,1.2381555613946797,0.4373448949928384,6.966702067134255
0.05,6.83804698604595e-08,3.0688669179852286e-06,1.876526293006148,0.2674751804253688,6.966702067134255
0.05,6.83804698604595e-08,3.0688669179852286e-06,1.8668777367403464,0.2674751804253688,6.966702067134255
0.05,6.83804698604595e-08,2.272012775685452e-07,1.7675505281426205,0.2674751804253688,6.966702067134255
0.05,5.084357514875028e-08,2.272012775685452e-07,1.9918375903198644,0.2674751804253688,6.615966311542133
0.05,5.746190020299143e-08,2.272012775685452e-07,1.9918375903198644,0.2674751804253688,6.615966311542133
0.05,6.861667265003565e-08,2.272012775685452e-07,1.3125964426868726,0.32346414251159056,6.615966311542133
0.05,6.861667265003565e-08,2.272012775685452e-07,2.710184678473704,0.32346414251159056,6.615966311542133
0.05,6.553406574325347e-08,2.272012775685452e-07,2.3837704504557164,0.32346414251159056,6.615966311542133
0.05,7.448422316897656e-08,2.272012775685452e-07,2.3837704504557164,0.3916975852346852,6.615966311542133
0.05,6.30366897302008e-08,3.5124662340431927e-06,3.0111891348738506,0.3916975852346852,2.1549420262560304
0.05,6.30366897302008e-08,3.5124662340431927e-06,2.0976953965944265,0.31110008027686226,4.012652132508262
0.05,6.568608405936353e-08,3.5124662340431927e-06,1.3934738549317096,0.31110008027686226,4.012652132508262
0.05,5.402379514481201e-08,1.2686730209140913e-06,2.467552059472787,0.16927749444566967,4.012652132508262
0.05,3.653768748179821e-08,1.9045817616832004e-06,1.0961034332554582,0.16927749444566967,4.012652132508262
0.05,7.105172127536881e-08,3.5743939862496253e-06,1.0961034332554582,0.18911676553037637,4.012652132508262
0.05,7.105172127536881e-08,5.026140606435066e-07,1.0961034332554582,0.18911676553037637,4.921916904540607
0.05,5.460855633148723e-08,5.026140606435066e-07,1.0961034332554582,0.3625922580310846,8.656808371015876
0.05,7.132837469593392e-08,5.026140606435066e-07,1.3976687896906177,0.3625922580310846,8.531153425805797
0.05,7.132837469593392e-08,6.66992586152698e-07,1.800410069721674,0.3625922580310846,5.707920677655026
0.05,4.537043527287397e-08,6.66992586152698e-07,1.800410069721674,0.2519465984610488,5.707920677655026
0.05,7.838939515724586e-08,6.66992586152698e-07,1.800410069721674,0.2519465984610488,3.6454417672415462
0.05,6.248168750913255e-08,6.66992586152698e-07,1.800410069721674,0.2519465984610488,3.2160152775228363
0.05,6.248168750913255e-08,6.66992586152698e-07,1.800410069721674,0.2519465984610488,3.2160152775228363
0.05,6.248168750913255e-08,6.66992586152698e-07,1.7023337594777632,0.2756250325478,2.1107410260327644
0.05,6.248168750913255e-08,3.931512052743713e-06,1.7023337594777632,0.2756250325478,2.1107410260327644
0.05,6.248168750913255e-08,3.476110569572831e-06,1.7023337594777632,0.19565465324721346,0.7002270440788537
0.05,6.248168750913255e-08,3.476110569572831e-06,1.7023337594777632,0.19565465324721346,0.7002270440788537
0.05,6.248168750913255e-08,2.7855356420256504e-06,1.7023337594777632,0.19565465324721346,0.7002270440788537
0.05,6.248168750913255e-08,2.7855356420256504e-06,1.7023337594777632,0.19565465324721346,0.7002270440788537
0.05,6.248168750913255e-08,1.4817916496880913e-06,1.7023337594777632,0.19565465324721346,0.7002270440788537
0.05,6.248168750913255e-08,4.372960090457648e-06,1.7023337594777632,0.2333713016409735,0.7002270440788537
0.05,5.127586340463535e-08,4.372960090457648e-06,1.3015991934854612,0.2333713016409735,0.7002270440788537
0.05,5.127586340463535e-08,4.372960090457648e-06,1.187768900168182,0.2333713016409735,0.6399356614452539
0.05,5.127586340463535e-08,4.372960090457648e-06,1.187768900168182,0.2333713016409735,0.6399356614452539
0.05,5.127586340463535e-08,1.2554971845377688e-06,2.444426064814441,0.2333713016409735,0.6399356614452539
0.05,5.127586340463535e-08,2.0884669108129717e-06,2.848603456093854,0.2333713016409735,2.8796605222834417
0.05,5.127586340463535e-08,4.540239917112456e-07,2.848603456093854,0.2333713016409735,2.8796605222834417
0.05,5.127586340463535e-08,4.540239917112456e-07,2.848603456093854,0.2867952883815056,2.8796605222834417
0.05,5.127586340463535e-08,8.210733739059224e-07,2.848603456093854,0.2867952883815056,2.8796605222834417
0.05,5.127586340463535e-08,1.6300836053022972e-06,2.848603456093854,0.2867952883815056,2.8796605222834417
0.05,5.127586340463535e-08,6.345311853935758e-08,2.1009419322079523,0.2867952883815056,3.0378543463083334
0.05,5.180556373132177e-08,1.0815399162403319e-07,2.1009419322079523,0.42652959039877003,3.0378543463083334
0.05,5.180556373132177e-08,1.0815399162403319e-07,2.105978680374299,0.42652959039877003,3.0378543463083334
0.05,5.180556373132177e-08,1.0815399162403319e-07,2.105978680374299,0.42652959039877003,3.0378543463083334
0.05,5.180556373132177e-08,1.0815399162403319e-07,2.105978680374299,0.42652959039877003,3.0378543463083334
0.05,6.841755247196754e-08,4.4296838571586466e-08,1.7052847520010461,0.14923816591879535,3.0378543463083334
0.05,5.6761033699405866e-08,1.978599423671114e-07,2.792144398469833,0.2222949355320967,3.0378543463083334
0.05,5.6761033699405866e-08,1.978599423671114e-07,2.792144398469833,0.2222949355320967,1.7872436618765137
0.05,5.49353730484815e-08,6.05138663349338e-06,2.5173855808052803,0.2923012147072705,1.7872436618765137
0.05,6.345175685075408e-08,6.05138663349338e-06,2.6139092166307494,0.2923012147072705,1.7872436618765137
0.05,4.347239677983475e-08,1.6500227415148746e-06,2.6139092166307494,0.22944105881420448,1.7872436618765137
0.05,4.347239677983475e-08,1.6500227415148746e-06,2.6139092166307494,0.333300181625656,1.7872436618765137
0.05,4.347239677983475e-08,7.728486505619547e-06,2.6139092166307494,0.333300181625656,1.7872436618765137
0.05,9.10264506813813e-08,5.448123246604767e-06,3.105122379262429,0.23642429129761586,1.7872436618765137
0.05,9.10264506813813e-08,5.448123246604767e-06,3.105122379262429,0.18865750976092005,0.5317033416129355
0.05,9.10264506813813e-08,3.0759672953778257e-06,3.105122379262429,0.18865750976092005,0.5317033416129355
0.05,9.10264506813813e-08,3.0759672953778257e-06,3.105122379262429,0.18865750976092005,0.5317033416129355
0.05,5.977681719949531e-08,3.0759672953778257e-06,2.897104549748758,0.37185609407333475,0.5317033416129355
0.05,5.977681719949531e-08,9.749947015112642e-08,2.897104549748758,0.0980800791206368,0.5317033416129355
0.05,5.977681719949531e-08,2.641143685552518e-07,2.897104549748758,0.0980800791206368,0.3357726054882387
0.05,5.977681719949531e-08,2.641143685552518e-07,2.356920615604717,0.11116942577700041,0.3357726054882387
0.05,5.977681719949531e-08,2.641143685552518e-07,2.356920615604717,0.2688887271312384,0.3357726054882387
0.05,5.977681719949531e-08,6.508676915912148e-08,3.0004094675455564,0.2688887271312384,0.02977321660715762
0.05,5.977681719949531e-08,6.508676915912148e-08,3.0004094675455564,0.27212402858955387,0.09418041423425516
0.05,7.174707454452388e-08,1.7675305685871564e-07,3.0004094675455564,0.27212402858955387,0.4680068089769919
0.05,7.174707454452388e-08,7.206412818018719e-06,3.0004094675455564,0.27212402858955387,0.5120719781720748
0.05,7.174707454452388e-08,7.206412818018719e-06,1.570634356655261,0.27212402858955387,0.5120719781720748
0.05,7.174707454452388e-08,7.206412818018719e-06,1.570634356655261,0.27212402858955387,0.44184493780125367
0.05,6.733663072460468e-08,1.759366172807429e-06,1.570634356655261,0.35737675068824204,0.44184493780125367
0.05,6.733663072460468e-08,1.759366172807429e-06,1.570634356655261,0.28839819330354466,7.184363515322218
0.05,5.319866670382866e-08,1.5082242278794903e-06,1.570634356655261,0.28839819330354466,3.3007433854210673
0.05,5.319866670382866e-08,1.5082242278794903e-06,3.0743983226674825,0.28839819330354466,1.118208345379976
0.05,5.319866670382866e-08,1.5082242278794903e-06,1.5310253257222985,0.4287764840679826,7.097604444108855
0.05,5.319866670382866e-08,1.5082242278794903e-06,1.7032302598006592,0.36766970301500673,7.63840111151041
0.05,5.99972862253896e-08,4.1506708581134625e-06,2.9714574221938377,0.36766970301500673,1.618459102390486
0.05,5.6601076049747e-08,4.1506708581134625e-06,2.9714574221938377,0.09638713203963373,1.618459102390486
0.05,5.6601076049747e-08,4.1506708581134625e-06,2.9714574221938377,0.09638713203963373,1.618459102390486
0.05,5.6601076049747e-08,8.222157419432335e-06,2.8849808335821643,0.09638713203963373,0.12478896393383457
0.05,5.6601076049747e-08,8.222157419432335e-06,2.8849808335821643,0.3002878719735968,0.12478896393383457
0.05,5.6601076049747e-08,8.222157419432335e-06,2.8849808335821643,0.3002878719735968,0.007061461405239911
0.05,5.6601076049747e-08,8.222157419432335e-06,2.8849808335821643,0.058717775929365015,0.007061461405239911
0.05,2.943761755291006e-08,8.222157419432335e-06,2.8849808335821643,0.058717775929365015,0.007061461405239911
0.05,5.727951109808544e-08,8.222157419432335e-06,2.8849808335821643,0.11059826589954716,0.15269991841034927
0.05,5.727951109808544e-08,8.222157419432335e-06,2.8849808335821643,0.11059826589954716,0.09418838309741677
0.05,5.727951109808544e-08,3.6045191357560083e-06,1.8511186819297778,0.11059826589954716,0.09418838309741677
0.05,5.727951109808544e-08,3.6045191357560083e-06,1.665523427236086,0.24199473812084452,0.09418838309741677
0.05,5.727951109808544e-08,3.6045191357560083e-06,3.668911470767779,0.24199473812084452,0.09402935600553547
0.05,5.727951109808544e-08,3.6045191357560083e-06,2.6318245537445377,0.24199473812084452,0.09402935600553547
0.05,5.727951109808544e-08,3.415657952895774e-06,3.103510815166128,0.24199473812084452,0.40858232836843544
0.05,5.727951109808544e-08,3.415657952895774e-06,2.5195848250657034,0.24199473812084452,0.40858232836843544
0.05,5.727951109808544e-08,3.415657952895774e-06,2.5195848250657034,0.24199473812084452,0.6107005086556925
0.05,5.311902971486705e-08,3.415657952895774e-06,2.5195848250657034,0.24199473812084452,1.3549756101273547
0.05,5.311902971486705e-08,2.2534476299043422e-07,1.029578517171033,0.24199473812084452,6.171954415414843
0.05,7.260709175148715e-08,2.2534476299043422e-07,1.029578517171033,0.37129323513671314,6.171954415414843
0.05,6.64362388087467e-08,2.2534476299043422e-07,1.029578517171033,0.46527042188028384,5.748202292894646
0.05,6.64362388087467e-08,1.8837236524669031e-07,1.029578517171033,0.46527042188028384,7.621742310552214
0.05,6.73148659584179e-08,8.310399578786157e-07,1.029578517171033,0.46527042188028384,7.621742310552214
0.05,6.73148659584179e-08,8.310399578786157e-07,1.121896489048523,0.46527042188028384,7.621742310552214
0.05,6.73148659584179e-08,8.310399578786157e-07,1.121896489048523,0.41162867484375687,7.621742310552214
0.05,6.73148659584179e-08,8.310399578786157e-07,1.121896489048523,0.41162867484375687,7.621742310552214
0.05,6.73148659584179e-08,4.806846456535402e-07,1.121896489048523,0.41162867484375687,6.7321739057823
0.05,6.73148659584179e-08,8.120261754847341e-07,1.8127371900228548,0.2679319271779129,5.0771326385150495
0.05,6.73148659584179e-08,8.120261754847341e-07,1.6554157775450682,0.21706748627389894,5.0771326385150495
0.05,7.633192613949884e-08,8.120261754847341e-07,1.6554157775450682,0.17578471290315476,0.6659113302214614
0.05,7.633192613949884e-08,8.120261754847341e-07,1.6554157775450682,0.17578471290315476,5.274058366471516
0.05,7.07098206518425e-08,8.120261754847341e-07,2.0355997232414906,0.17578471290315476,5.274058366471516
0.05,5.833117395926147e-08,3.5612168255127244e-07,2.0355997232414906,0.17578471290315476,2.4582087477700827
0.05,8.057166677072155e-08,1.0325060062151747e-05,2.0355997232414906,0.17578471290315476,1.0281571019281337
0.05,8.057166677072155e-08,1.0325060062151747e-05,2.0355997232414906,0.11895188168945099,1.0281571019281337
0.05,5.381089443643236e-08,1.0325060062151747e-05,2.0355997232414906,0.13881133109541804,1.0281571019281337
0.05,5.381089443643236e-08,2.602263187943991e-06,3.0184744604829894,0.13881133109541804,1.0281571019281337
0.05,5.381089443643236e-08,7.490626053356469e-07,3.0184744604829894,0.13881133109541804,1.0281571019281337
0.05,5.381089443643236e-08,1.6884679544168777e-06,3.0184744604829894,0.13881133109541804,1.0281571019281337
0.05,5.381089443643236e-08,8.634856467975933e-07,3.0184744604829894,0.13881133109541804,1.0281571019281337
0.05,5.381089443643236e-08,5.012146679843202e-07,2.1836654508350155,0.13881133109541804,1.0281571019281337
0.05,4.37991055587271e-08,2.076460804442611e-06,2.1836654508350155,0.13881133109541804,1.0281571019281337
0.05,4.37991055587271e-08,3.5655372586485035e-07,2.1836654508350155,0.13881133109541804,1.0281571019281337
0.05,4.37991055587271e-08,3.5655372586485035e-07,2.1836654508350155,0.13881133109541804,1.0281571019281337
0.05,4.37991055587271e-08,7.416710778218764e-07,2.1836654508350155,0.310642315702334,1.0281571019281337
0.05,4.6790823399936974e-08,7.416710778218764e-07,2.1836654508350155,0.1453282974307834,1.7641270316939293
0.05,4.6790823399936974e-08,7.416710778218764e-07,2.5459327000810887,0.1453282974307834,1.7641270316939293
0.05,5.0221406329383837e-08,3.354322173486028e-06,2.5459327000810887,0.1453282974307834,1.7641270316939293
0.05,5.0221406329383837e-08,3.354322173486028e-06,2.5459327000810887,0.1453282974307834,1.7641270316939293
0.05,5.0221406329383837e-08,3.354322173486028e-06,1.994265778997979,0.1453282974307834,1.7641270316939293
0.05,5.0221406329383837e-08,1.7328804538068473e-06,1.7472277831399954,0.1453282974307834,1.7641270316939293
0.05,6.704720602990836e-08,1.7328804538068473e-06,1.7472277831399954,0.1091553040989455,0.8234491134174805
0.05,7.245088707468421e-08,1.7328804538068473e-06,1.7472277831399954,0.09560773501796542,1.0030153430517394
0.05,7.638426310819254e-08,1.7328804538068473e-06,1.7472277831399954,0.09560773501796542,1.0030153430517394
0.05,7.638426310819254e-08,1.7328804538068473e-06,1.9696956870559177,0.30765167431606494,1.0030153430517394
0.05,7.638426310819254e-08,6.666023398980115e-07,1.9696956870559177,0.30765167431606494,5.361172620519032
0.05,7.638426310819254e-08,6.666023398980115e-07,1.9696956870559177,0.30765167431606494,2.885335857334553
0.05,7.638426310819254e-08,6.666023398980115e-07,1.9696956870559177,0.30765167431606494,3.3639949859686857
0.05,7.638426310819254e-08,6.666023398980115e-07,1.9696956870559177,0.30765167431606494,3.3639949859686857
0.05,5.469777943839261e-08,6.666023398980115e-07,1.9696956870559177,0.30765167431606494,3.3639949859686857
0.05,5.469777943839261e-08,6.666023398980115e-07,1.9696956870559177,0.30765167431606494,2.08898349980339
0.05,4.571354865686483e-08,5.86287297412755e-07,1.9696956870559177,0.30765167431606494,1.7442774359221023
0.05,4.571354865686483e-08,5.86287297412755e-07,1.9696956870559177,0.2449710126908273,1.7442774359221023
0.05,4.571354865686483e-08,5.86287297412755e-07,1.810268903147553,0.189808124650195,1.7442774359221023
0.05,4.571354865686483e-08,5.468712038461058e-08,1.810268903147553,0.189808124650195,1.0295804203586918
0.05,4.571354865686483e-08,4.78042249488044e-08,1.6220749691052871,0.189808124650195,1.0295804203586918
0.05,4.058640928021015e-08,4.78042249488044e-08,1.6220749691052871,0.3475798226846842,6.856743426853381
0.05,4.058640928021015e-08,4.78042249488044e-08,1.6220749691052871,0.3475798226846842,6.856743426853381
0.05,4.058640928021015e-08,4.78042249488044e-08,1.6220749691052871,0.3475798226846842,6.856743426853381
0.05,6.581089712046348e-08,1.0805685474267432e-07,1.6220749691052871,0.5307964529858776,3.446732750763242
0.05,6.581089712046348e-08,1.3636677614298646e-06,1.0470340921594503,0.5307964529858776,3.446732750763242
0.05,6.581089712046348e-08,1.3636677614298646e-06,1.0470340921594503,0.39847581940194504,9.615710778320016
0.05,6.581089712046348e-08,1.1487642588599568e-06,1.0470340921594503,0.39847581940194504,9.00924578338196
0.05,6.581089712046348e-08,1.1487642588599568e-06,1.9539453120926438,0.5004926736787755,9.00924578338196
0.05,6.581089712046348e-08,1.1487642588599568e-06,1.7893960264141016,0.5004926736787755,4.301572393104703
0.05,6.743657980393075e-08,1.1487642588599568e-06,1.7893960264141016,0.29742835540462015,4.301572393104703
0.05,6.743657980393075e-08,1.1487642588599568e-06,1.9582845006071885,0.29742835540462015,4.301572393104703
0.05,5.672031171565934e-08,4.819155197702757e-06,1.9582845006071885,0.29742835540462015,4.301572393104703
0.05,5.672031171565934e-08,7.223532741451447e-07,1.9582845006071885,0.29742835540462015,1.3230829515384068
0.05,3.994521120339916e-08,9.99770194541497e-07,2.536768337296549,0.29742835540462015,1.3230829515384068
0.05,4.342440333831146e-08,1.621601258941976e-07,2.536768337296549,0.29742835540462015,1.3230829515384068
0.05,4.342440333831146e-08,1.621601258941976e-07,2.536768337296549,0.29742835540462015,1.3230829515384068
0.05,6.844097502775409e-08,7.649265977203345e-06,2.536768337296549,0.11007369543719386,0.572332367359543
0.05,6.844097502775409e-08,2.0609358688913744e-06,2.536768337296549,0.11007369543719386,1.251691524902858
0.05,6.638382993817083e-08,2.0609358688913744e-06,1.689111279555875,0.11007369543719386,1.251691524902858
0.05,6.638382993817083e-08,1.7346665601218594e-07,2.884248515895887,0.11910197336652253,1.251691524902858
0.05,6.638382993817083e-08,5.677973168340871e-07,2.884248515895887,0.11910197336652253,1.251691524902858
0.05,6.638382993817083e-08,5.677973168340871e-07,2.884248515895887,0.11910197336652253,1.251691524902858
0.05,6.638382993817083e-08,5.677973168340871e-07,2.884248515895887,0.3219111955846677,0.0718954518098709
0.05,6.907614544556433e-08,5.677973168340871e-07,2.884248515895887,0.3219111955846677,0.08468231282701369
0.05,6.303057207497954e-08,5.677973168340871e-07,3.0535792404640065,0.3219111955846677,1.3959353864399335
0.05,5.9545059212818706e-08,5.677973168340871e-07,2.632846793710275,0.40109769632361914,1.3959353864399335
0.05,5.9545059212818706e-08,5.278490838952526e-07,1.7357705035971769,0.40109769632361914,1.3959353864399335
0.05,5.9545059212818706e-08,5.278490838952526e-07,1.1640844133346895,0.40109769632361914,3.156386966353186
0.05,5.9545059212818706e-08,2.1244313702883571e-07,1.4537541764603783,0.40109769632361914,7.205152297935124
0.05,5.9545059212818706e-08,4.3836509923551014e-07,1.4537541764603783,0.40109769632361914,7.205152297935124
0.05,5.9545059212818706e-08,4.3836509923551014e-07,1.1339836190112484,0.40109769632361914,7.333006757008736
0.05,5.9545059212818706e-08,4.3836509923551014e-07,1.1339836190112484,0.40109769632361914,8.792528875610945
0.05,5.9545059212818706e-08,4.3836509923551014e-07,1.1339836190112484,0.38049759333233274,9.087764034778655
0.05,5.9545059212818706e-08,4.3836509923551014e-07,1.1339836190112484,0.5100742310467967,9.087764034778655
0.05,5.9545059212818706e-08,4.3836509923551014e-07,1.1339836190112484,0.5100742310467967,9.087764034778655
0.05,5.9545059212818706e-08,4.3836509923551014e-07,1.1339836190112484,0.5100742310467967,9.679636331440525
0.05,5.9545059212818706e-08,2.3476633921281974e-07,1.1339836190112484,0.5100742310467967,9.679636331440525
0.05,5.9545059212818706e-08,2.3476633921281974e-07,1.1339836190112484,0.48482174674384615,9.679636331440525
0.05,5.9545059212818706e-08,4.0813997447026434e-07,1.1484993036256421,0.8017894410875992,9.732823051738311
0.05,5.9545059212818706e-08,2.779095446248965e-07,1.276439087144726,0.8017894410875992,6.5125636898320245
0.05,5.9545059212818706e-08,2.779095446248965e-07,1.276439087144726,0.7884008659189152,8.614624932103697
0.05,5.9545059212818706e-08,2.779095446248965e-07,1.276439087144726,0.7480254312056248,9.374908144222772
0.05,5.9545059212818706e-08,1.7868239068833608e-07,1.276439087144726,0.6747641577334036,9.374908144222772
0.05,5.612548110269953e-08,1.7868239068833608e-07,1.276439087144726,0.6747641577334036,9.374908144222772
0.05,5.612548110269953e-08,1.7868239068833608e-07,1.3823754158951118,0.4373556860840318,9.408148295510012
0.05,5.612548110269953e-08,1.7868239068833608e-07,1.3823754158951118,0.4373556860840318,9.408148295510012
0.05,5.612548110269953e-08,1.7868239068833608e-07,1.4896820480375907,0.5090981004036205,9.408148295510012
0.05,5.612548110269953e-08,7.962397043733929e-07,1.9677991874754994,0.5347742225529833,9.408148295510012
0.05,5.612548110269953e-08,7.962397043733929e-07,1.9677991874754994,0.5347742225529833,8.01879062814957
0.05,8.549413872098396e-08,7.962397043733929e-07,1.4771143703485659,0.5347742225529833,8.01879062814957
0.05,5.9601092573697336e-08,2.2525708213799334e-07,1.4771143703485659,0.5255763103947004,8.01879062814957
0.05,5.9601092573697336e-08,2.2525708213799334e-07,1.4771143703485659,0.36866943817482906,8.01879062814957
0.05,5.9601092573697336e-08,2.2525708213799334e-07,1.4771143703485659,0.36866943817482906,8.01879062814957
0.05,7.936924291775263e-08,2.3255358635751576e-07,1.4771143703485659,0.36866943817482906,8.01879062814957
0.05,6.390786643260595e-08,2.3255358635751576e-07,1.4771143703485659,0.7732948086306212,8.01879062814957
0.05,6.390786643260595e-08,4.897983801523943e-07,1.1165833883652136,0.7732948086306212,8.01879062814957
0.05,6.390786643260595e-08,4.897983801523943e-07,1.8995552024961877,0.7732948086306212,8.01879062814957
0.05,8.258048868814382e-08,4.897983801523943e-07,1.8995552024961877,0.7732948086306212,8.01879062814957
0.05,8.258048868814382e-08,4.897983801523943e-07,1.8995552024961877,0.1451297140398713,8.01879062814957
0.05,4.8885305364097654e-08,4.897983801523943e-07,1.8995552024961877,0.1451297140398713,1.2562236167478114
0.05,4.8885305364097654e-08,4.897983801523943e-07,1.8995552024961877,0.1451297140398713,1.2562236167478114
0.05,9.925180716872032e-08,4.897983801523943e-07,1.8995552024961877,0.0534493876767231,0.2839063384520639
0.05,9.925180716872032e-08,9.724645216102068e-08,1.8995552024961877,0.027277340834937727,0.7253846015572221
0.05,9.925180716872032e-08,6.55594379572464e-08,1.683255242326985,0.027277340834937727,0.7253846015572221
0.05,9.925180716872032e-08,5.958058250429524e-08,1.683255242326985,0.03392289327339981,0.7253846015572221
0.05,9.925180716872032e-08,5.08002220439599e-08,1.7079867752611841,0.03392289327339981,0.7253846015572221
0.05,6.637474618616043e-08,3.6938931704379564e-07,1.7079867752611841,0.06197800597466371,0.7253846015572221
0.05,7.2719602183684e-08,3.6938931704379564e-07,1.7079867752611841,0.14630314928894142,0.7253846015572221
0.05,7.2719602183684e-08,3.6938931704379564e-07,1.3273825987298957,0.14630314928894142,0.7253846015572221
0.05,7.2719602183684e-08,3.6938931704379564e-07,1.3273825987298957,0.14630314928894142,0.7253846015572221
0.05,7.2719602183684e-08,1.59982656486897e-06,1.5541038348423595,0.14630314928894142,1.461988518677082
0.05,7.2719602183684e-08,1.59982656486897e-06,1.5541038348423595,0.14630314928894142,0.23754832648533447
0.05,8.361735036711657e-08,3.1234807539605402e-06,1.5044037633482876,0.14630314928894142,0.23754832648533447
0.05,5.905790239029966e-08,3.1234807539605402e-06,1.5044037633482876,0.041970889944565104,0.23754832648533447
0.05,5.905790239029966e-08,3.1234807539605402e-06,1.5044037633482876,0.01409014485491323,0.23754832648533447
0.05,5.905790239029966e-08,3.1234807539605402e-06,1.5044037633482876,0.0693090544642361,0.23754832648533447
0.05,5.905790239029966e-08,5.808307937026736e-07,1.5044037633482876,0.050582913764116624,0.23754832648533447
0.05,5.905790239029966e-08,5.808307937026736e-07,1.5044037633482876,0.1172939415989536,0.23754832648533447
0.05,4.849188669291753e-08,6.74302973912726e-09,1.5044037633482876,0.1172939415989536,0.5857387993595046
0.05,4.849188669291753e-08,6.74302973912726e-09,1.3142546774194097,0.058653266181308325,6.181769561031096
0.05,4.849188669291753e-08,4.6031645880838934e-07,1.3142546774194097,0.058653266181308325,6.181769561031096
0.05,4.849188669291753e-08,4.6031645880838934e-07,1.3142546774194097,0.4245593332841902,6.181769561031096
0.05,4.849188669291753e-08,1.432793221676742e-06,1.3142546774194097,0.4245593332841902,4.4891418355882005
0.05,4.849188669291753e-08,1.432793221676742e-06,1.3142546774194097,0.4245593332841902,9.379648543765931
0.05,4.849188669291753e-08,1.432793221676742e-06,1.3142546774194097,0.4245593332841902,9.379648543765931
0.05,4.849188669291753e-08,5.311847459683959e-07,1.3142546774194097,0.4245593332841902,9.379648543765931
0.05,7.76827775555116e-08,5.311847459683959e-07,1.3142546774194097,0.5764191953762783,9.379648543765931
0.05,7.76827775555116e-08,5.311847459683959e-07,1.5896562599395967,0.5764191953762783,9.679236273730634
0.05,5.009999135007842e-08,2.3450456385307286e-06,1.5896562599395967,0.4605129251744286,7.525627646873464
0.05,5.009999135007842e-08,2.178650547765281e-06,1.5896562599395967,0.4605129251744286,5.3170450046505415
0.05,4.672336753636011e-08,6.786992332986233e-06,1.5896562599395967,0.4605129251744286,5.3170450046505415
0.05,4.672336753636011e-08,2.1361569177708024e-06,1.5896562599395967,0.11374665183305427,5.3170450046505415
0.05,4.672336753636011e-08,2.1361569177708024e-06,1.5896562599395967,0.29094075094406274,4.487025952235766
0.05,4.672336753636011e-08,2.1361569177708024e-06,1.5896562599395967,0.3297140662416298,4.487025952235766
0.05,6.994293527330963e-08,2.1361569177708024e-06,1.5896562599395967,0.3297140662416298,6.225755667346451
0.05,6.994293527330963e-08,4.519151478578658e-08,1.5896562599395967,0.35909185829782214,6.225755667346451
0.05,4.901980420785753e-08,5.639640254878495e-08,1.5896562599395967,0.35909185829782214,6.225755667346451
0.05,4.901980420785753e-08,5.55046888990597e-07,1.5896562599395967,0.35909185829782214,4.433277100899662
0.05,4.901980420785753e-08,1.012868037718286e-06,1.5896562599395967,0.35909185829782214,4.433277100899662
0.05,5.7041473638352474e-08,4.6698125924970666e-06,1.8155165004939091,0.35909185829782214,4.433277100899662
0.05,5.7041473638352474e-08,4.6698125924970666e-06,1.3244370347412382,0.35909185829782214,4.433277100899662
0.05,5.7041473638352474e-08,4.6698125924970666e-06,1.3244370347412382,0.23400765244140742,4.433277100899662
0.05,5.7041473638352474e-08,4.6698125924970666e-06,1.3244370347412382,0.3486388140330643,4.433277100899662
0.05,4.989092966083203e-08,2.465874390931567e-06,2.6359172346817106,0.35670858078701523,1.2281860658866783
0.05,4.989092966083203e-08,2.465874390931567e-06,2.6359172346817106,0.35670858078701523,1.2281860658866783
0.05,4.989092966083203e-08,5.831784275424383e-07,2.6359172346817106,0.35670858078701523,1.2281860658866783
0.05,4.989092966083203e-08,5.831784275424383e-07,2.4408092593291237,0.35670858078701523,1.2281860658866783
0.05,5.934838694043728e-08,2.7577893408751846e-07,2.4408092593291237,0.35670858078701523,0.49843439928995525
0.05,8.71283230545012e-08,2.0434777723465932e-07,1.2312591791930858,0.35670858078701523,1.4957629954674694
0.05,9.415002654898537e-08,1.3545970129356383e-07,1.2312591791930858,0.02719508938056365,0.6179646610995908
0.05,9.415002654898537e-08,1.9141787136536203e-07,1.2312591791930858,0.02719508938056365,0.3737708550870188
0.05,7.318130786288476e-08,1.9141787136536203e-07,1.2312591791930858,0.027191025312558764,0.6462870304740382
0.05,7.318130786288476e-08,2.2268824827680526e-06,1.2312591791930858,0.017127028415755544,2.906253817494058
0.05,7.318130786288476e-08,1.4358648493466094e-06,1.2312591791930858,0.017127028415755544,2.906253817494058
0.05,7.217492031922864e-08,1.4358648493466094e-06,1.555636359908556,0.063756502870279,2.906253817494058
0.05,7.217492031922864e-08,1.4358648493466094e-06,1.555636359908556,0.07214817307717823,0.6865107261125553
0.05,7.217492031922864e-08,1.4358648493466094e-06,1.555636359908556,0.19472489226734713,0.6865107261125553
0.05,7.217492031922864e-08,1.0754925283319617e-06,1.555636359908556,0.07743597698618304,0.31270474056552416
0.05,4.18660236999622e-08,1.0754925283319617e-06,1.555636359908556,0.06090684046143652,0.31270474056552416
0.05,4.18660236999622e-08,8.363543437248963e-08,1.555636359908556,0.06090684046143652,0.31270474056552416
0.05,4.18660236999622e-08,2.1672409959451443e-06,1.5933773562191353,0.11842916382135983,0.31270474056552416
0.05,4.18660236999622e-08,2.1672409959451443e-06,1.5933773562191353,0.2800605827703421,2.7085530193406333
0.05,4.18660236999622e-08,2.1672409959451443e-06,1.5933773562191353,0.2800605827703421,2.7085530193406333
0.05,4.18660236999622e-08,2.1672409959451443e-06,1.5933773562191353,0.29546773363476075,2.7085530193406333
0.05,4.18660236999622e-08,2.1672409959451443e-06,1.5933773562191353,0.29546773363476075,7.740354749377653
0.05,8.994886552114641e-08,4.538272586025697e-07,1.5933773562191353,0.29546773363476075,7.740354749377653
0.05,8.994886552114641e-08,2.649665033114697e-06,1.5933773562191353,0.29546773363476075,7.740354749377653
0.05,8.994886552114641e-08,2.8858316245846246e-06,2.2867021808941117,0.15986616329216544,7.740354749377653
0.05,6.573232462663232e-08,2.8858316245846246e-06,1.656277367080206,0.21215716800500803,3.6719967209831204
0.05,6.573232462663232e-08,4.04396260390682e-07,1.656277367080206,0.10155888920476444,3.212711460998745
0.05,6.573232462663232e-08,4.04396260390682e-07,1.656277367080206,0.10155888920476444,3.212711460998745
0.05,6.573232462663232e-08,9.320740495246582e-08,1.656277367080206,0.10155888920476444,3.212711460998745
0.05,6.573232462663232e-08,9.794337050229396e-07,1.656277367080206,0.10155888920476444,3.212711460998745
0.05,6.573232462663232e-08,9.794337050229396e-07,1.656277367080206,0.2080254487945414,3.7137829120383588
0.05,5.6202982685075e-08,9.794337050229396e-07,1.656277367080206,0.39492672140834945,3.7137829120383588
0.05,6.955297740388962e-08,9.794337050229396e-07,1.656277367080206,0.39492672140834945,6.34294207714753
0.05,6.955297740388962e-08,9.794337050229396e-07,1.656277367080206,0.39492672140834945,6.34294207714753
0.05,8.561966090940605e-08,9.794337050229396e-07,1.8901127949815089,0.39492672140834945,6.34294207714753
0.05,5.5648939404648915e-08,5.233902412136936e-07,1.8901127949815089,0.39492672140834945,3.6430410083636393
0.05,5.5648939404648915e-08,5.233902412136936e-07,1.8341124787616203,0.5134998821325003,3.6430410083636393
0.05,5.5648939404648915e-08,5.233902412136936e-07,1.8341124787616203,0.5082629084352387,4.699221397352547
0.05,5.5648939404648915e-08,4.370228977248069e-07,1.8341124787616203,0.5238635717754913,4.699221397352547
0.05,5.5648939404648915e-08,1.0035457288163735e-07,1.8341124787616203,0.36008385439699436,7.2768634716168235
0.05,5.627111600947096e-08,6.210407422429507e-08,1.8341124787616203,0.36008385439699436,7.2768634716168235
0.05,4.4601622629013724e-08,1.3363667087684617e-07,1.8341124787616203,0.41079599904080644,2.80637481322598
0.05,6.737004201454e-08,1.3363667087684617e-07,1.8341124787616203,0.46908281278874314,2.80637481322598
0.05,6.737004201454e-08,1.3363667087684617e-07,2.652249299984806,0.23071512360237434,2.80637481322598
0.05,5.518910871767267e-08,1.3363667087684617e-07,2.652249299984806,0.23071512360237434,2.80637481322598
0.05,5.518910871767267e-08,1.3363667087684617e-07,2.652249299984806,0.23071512360237434,1.3386126357402999
0.05,5.518910871767267e-08,1.3363667087684617e-07,2.652249299984806,0.23071512360237434,1.3386126357402999
0.05,5.518910871767267e-08,2.851290514251391e-06,2.652249299984806,0.23071512360237434,1.9640149776461937
0.05,5.371792565499471e-08,2.851290514251391e-06,2.1711371138252713,0.23071512360237434,1.9640149776461937
0.05,5.371792565499471e-08,2.851290514251391e-06,2.1711371138252713,0.23071512360237434,1.9640149776461937
0.05,5.371792565499471e-08,2.851290514251391e-06,2.1711371138252713,0.23071512360237434,1.9215487638859816
0.05,5.371792565499471e-08,2.851290514251391e-06,1.9555066311806601,0.23071512360237434,1.9215487638859816
0.05,7.459895953476082e-08,2.851290514251391e-06,1.9555066311806601,0.23071512360237434,1.9215487638859816
0.05,7.459895953476082e-08,2.851290514251391e-06,1.7710874669347274,0.23071512360237434,1.9215487638859816
0.05,7.459895953476082e-08,2.851290514251391e-06,1.7513052687433577,0.22419176495233428,1.9215487638859816
0.05,7.459895953476082e-08,9.661287937778588e-06,1.7513052687433577,0.20211947544305858,1.9215487638859816
0.05,7.459895953476082e-08,9.661287937778588e-06,1.7513052687433577,0.17516968142221395,0.8735906590888814
0.05,7.459895953476082e-08,1.5891906469519485e-06,1.5225732864050054,0.17516968142221395,0.8735906590888814
0.05,5.718202081444947e-08,8.837206410374075e-07,1.2985029571916362,0.17516968142221395,3.0395867920989357
0.05,5.718202081444947e-08,8.837206410374075e-07,1.4288874408836603,0.17516968142221395,3.0395867920989357
0.05,5.718202081444947e-08,1.8903902250630018e-06,1.671161481290688,0.17516968142221395,0.6485235835902095
0.05,5.718202081444947e-08,1.8524750279438604e-06,2.5432367881135853,0.17516968142221395,0.6158242881298208
0.05,5.718202081444947e-08,1.8524750279438604e-06,2.5432367881135853,0.17516968142221395,0.6158242881298208
0.05,5.718202081444947e-08,1.8524750279438604e-06,2.279452876550732,0.17516968142221395,0.4109536239197381
0.05,5.718202081444947e-08,1.8524750279438604e-06,1.8846986681977318,0.17516968142221395,0.4109536239197381
0.05,5.718202081444947e-08,1.8524750279438604e-06,1.8846986681977318,0.17516968142221395,0.4109536239197381
0.05,5.718202081444947e-08,1.8524750279438604e-06,1.8846986681977318,0.17516968142221395,3.746658884919061
0.05,5.718202081444947e-08,1.5787778644485876e-06,1.8846986681977318,0.0808654907010907,0.08772561853013351
0.05,5.718202081444947e-08,1.5787778644485876e-06,1.8846986681977318,0.0808654907010907,0.23019328263011762
0.05,5.718202081444947e-08,6.434916226820624e-06,1.8846986681977318,0.2102503777814052,3.0069451151724613
0.05,5.718202081444947e-08,1.772408676364659e-06,1.9345949024252898,0.2102503777814052,4.1000618947964105
0.05,5.718202081444947e-08,2.251331823824484e-06,1.9345949024252898,0.2102503777814052,4.1000618947964105
0.05,5.718202081444947e-08,2.251331823824484e-06,1.9345949024252898,0.2102503777814052,0.7696102226969477
0.05,6.291527587490704e-08,2.251331823824484e-06,1.9345949024252898,0.2102503777814052,3.0574660194164642
0.05,6.291527587490704e-08,2.251331823824484e-06,2.1528320703414745,0.2102503777814052,3.0574660194164642
0.05,6.291527587490704e-08,3.201463802016139e-06,2.1528320703414745,0.27265510817125305,3.0574660194164642
0.05,6.291527587490704e-08,3.201463802016139e-06,2.1528320703414745,0.27265510817125305,3.0574660194164642
0.05,6.291527587490704e-08,3.201463802016139e-06,1.7660109288151276,0.19500846166452268,3.0574660194164642
0.05,6.291527587490704e-08,3.201463802016139e-06,1.7660109288151276,0.19500846166452268,3.0574660194164642
0.05,6.291527587490704e-08,6.2660500806285656e-06,1.3428716024525722,0.19500846166452268,4.118032826609309
0.05,6.291527587490704e-08,6.2660500806285656e-06,1.3428716024525722,0.19500846166452268,3.8815763837761623
0.05,6.211723097901368e-08,6.2660500806285656e-06,1.3428716024525722,0.19500846166452268,2.4551810200437667
0.05,6.211723097901368e-08,6.709645335235451e-07,1.7625026277194302,0.19500846166452268,2.4551810200437667
0.05,6.211723097901368e-08,6.709645335235451e-07,1.7625026277194302,0.19500846166452268,0.5324805788412502
0.05,3.629753895079958e-08,4.421056415081064e-06,2.52751895286246,0.19500846166452268,0.37183709015186206
0.05,3.629753895079958e-08,4.421056415081064e-06,2.52751895286246,0.19500846166452268,3.3400320671114576
0.05,3.629753895079958e-08,4.421056415081064e-06,2.6780692550550707,0.19500846166452268,0.7751389675991676
0.05,3.629753895079958e-08,4.421056415081064e-06,2.6780692550550707,0.19500846166452268,0.7751389675991676
0.05,5.493343118743024e-08,4.421056415081064e-06,2.6780692550550707,0.3482075208303896,0.7751389675991676
0.05,5.493343118743024e-08,4.421056415081064e-06,2.7486998637115896,0.3482075208303896,4.172551752770768
0.05,8.170210726816132e-08,4.421056415081064e-06,2.7486998637115896,0.3482075208303896,1.7739603404649487
0.05,4.990543152561208e-08,4.421056415081064e-06,2.8978837269422035,0.3482075208303896,1.7739603404649487
0.05,4.990543152561208e-08,4.421056415081064e-06,2.8978837269422035,0.3482075208303896,1.1160044610563986
0.05,4.990543152561208e-08,5.211363093085329e-08,2.4542389501369826,0.3482075208303896,1.1160044610563986
0.05,4.990543152561208e-08,5.211363093085329e-08,1.8858054687227472,0.3482075208303896,7.098536039169428
0.05,4.990543152561208e-08,5.632796693042761e-09,1.8858054687227472,0.5297980663603368,7.098536039169428
0.05,5.502467016445153e-08,5.632796693042761e-09,1.8858054687227472,0.3090531848206218,7.098536039169428
0.05,7.789503433452779e-08,3.5214032010154e-07,1.8858054687227472,0.5295231082256595,6.83541614908144
0.05,7.789503433452779e-08,5.12781671491329e-07,1.8858054687227472,0.5429747621761484,6.83541614908144
0.05,7.789503433452779e-08,5.12781671491329e-07,1.8858054687227472,0.5429747621761484,6.83541614908144
0.05,7.789503433452779e-08,4.142405727874139e-07,1.7269406793509887,0.580504715224008,6.83541614908144
0.05,7.789503433452779e-08,7.586383400149074e-07,1.6898113034982434,0.580504715224008,6.83541614908144
0.05,6.489240395756024e-08,7.586383400149074e-07,1.6898113034982434,0.580504715224008,6.83541614908144
0.05,6.489240395756024e-08,7.586383400149074e-07,1.6898113034982434,0.580504715224008,6.83541614908144
0.05,6.489240395756024e-08,2.495722537632451e-08,1.6898113034982434,0.580504715224008,6.83541614908144
0.05,9.092426675258234e-08,1.3928794130561074e-08,1.6898113034982434,0.4063474393031184,6.83541614908144
0.05,8.167872836667441e-08,1.3928794130561074e-08,1.6898113034982434,0.4063474393031184,6.062359728645487
0.05,8.167872836667441e-08,4.360714102965523e-08,1.6898113034982434,0.44202074867863506,6.062359728645487
0.05,8.167872836667441e-08,1.9716920423115601e-07,1.6898113034982434,0.3826981601167882,8.692352208074688
0.05,8.167872836667441e-08,2.757022060553052e-07,1.6898113034982434,0.22123151654061374,9.695702528395739
0.05,8.167872836667441e-08,2.757022060553052e-07,1.6898113034982434,0.7497010015811332,9.695702528395739
0.05,8.167872836667441e-08,2.9525437367456093e-07,1.0491146006478869,0.613718045864391,9.695702528395739
0.05,8.167872836667441e-08,2.460023471830576e-06,1.0491146006478869,0.39030177994645365,5.902717399059507
0.05,8.167872836667441e-08,2.460023471830576e-06,1.0491146006478869,0.34534258693616643,5.902717399059507
0.05,8.395264135739032e-08,2.460023471830576e-06,1.7673372836479284,0.34534258693616643,7.482562313895644
0.05,8.395264135739032e-08,2.460023471830576e-06,1.7673372836479284,0.34534258693616643,7.482562313895644
0.05,7.385170461653435e-08,2.460023471830576e-06,1.7673372836479284,0.34534258693616643,4.307526477152212
0.05,7.385170461653435e-08,5.00252453940618e-07,1.7673372836479284,0.34534258693616643,4.307526477152212
0.05,7.385170461653435e-08,5.00252453940618e-07,2.372714327907683,0.34534258693616643,2.029335042527289
0.05,5.3149977449589027e-08,5.00252453940618e-07,2.372714327907683,0.34534258693616643,3.1416866890117783
0.05,5.313272807261692e-08,1.6910411823176906e-06,2.372714327907683,0.27936450272578556,3.1416866890117783
0.05,5.313272807261692e-08,1.6910411823176906e-06,2.372714327907683,0.27936450272578556,3.1416866890117783
0.05,5.313272807261692e-08,8.896985457342659e-07,2.372714327907683,0.12736665951692186,4.531992736555184
0.05,5.313272807261692e-08,8.896985457342659e-07,2.372714327907683,0.12736665951692186,4.531992736555184
0.05,4.824311596300025e-08,2.6857727674815643e-06,2.229306897903464,0.4555155617096875,4.531992736555184
0.05,4.824311596300025e-08,2.6857727674815643e-06,1.3578626500158264,0.2416527507758859,3.0691430913852735
0.05,4.824311596300025e-08,2.6857727674815643e-06,1.3578626500158264,0.2416527507758859,3.0691430913852735
0.05,6.349906108173188e-08,1.227110759988914e-06,1.7639205194937246,0.3516942530321849,7.148913507085801
0.05,6.349906108173188e-08,1.227110759988914e-06,1.7639205194937246,0.45161119115586457,7.148913507085801
0.05,6.349906108173188e-08,1.227110759988914e-06,1.7639205194937246,0.45161119115586457,8.638650323867822
0.05,6.349906108173188e-08,1.227110759988914e-06,1.3664276665014046,0.45161119115586457,8.638650323867822
0.05,5.746980470496141e-08,4.013733133126348e-07,1.4896384791467276,0.45161119115586457,8.638650323867822
0.05,6.03043284424443e-08,4.013733133126348e-07,0.9887041773379939,0.45161119115586457,8.638650323867822
0.05,6.03043284424443e-08,4.013733133126348e-07,2.0642587037040254,0.45161119115586457,8.638650323867822
0.05,6.03043284424443e-08,5.165669176046022e-08,1.977584226548538,0.45161119115586457,2.577533913120381
0.05,6.03043284424443e-08,5.165669176046022e-08,1.977584226548538,0.45161119115586457,2.577533913120381
0.05,4.999964526088363e-08,2.6830453248583854e-06,1.977584226548538,0.45161119115586457,2.577533913120381
0.05,4.999964526088363e-08,2.6830453248583854e-06,1.977584226548538,0.29912734135151015,2.577533913120381
0.05,4.999964526088363e-08,7.765890671425782e-07,1.977584226548538,0.29912734135151015,2.577533913120381
0.05,4.999964526088363e-08,4.833053629342325e-07,1.8639420101615065,0.28499939163364335,2.577533913120381
0.05,4.999964526088363e-08,1.0189351069830023e-05,2.1172660622084405,0.28499939163364335,2.577533913120381
0.05,5.364839842943496e-08,9.175723845793262e-08,2.0747789591612733,0.28499939163364335,2.577533913120381
0.05,5.364839842943496e-08,9.175723845793262e-08,1.9388392693319618,0.28499939163364335,2.577533913120381
0.05,5.364839842943496e-08,1.0856548748857734e-07,1.9388392693319618,0.34428699780508326,3.670732658694112
0.05,5.364839842943496e-08,5.990516800248108e-07,1.9388392693319618,0.34428699780508326,3.670732658694112
0.05,6.221140159790825e-08,5.990516800248108e-07,1.9388392693319618,0.355060252997041,3.670732658694112
0.05,6.221140159790825e-08,5.990516800248108e-07,1.3970885512104099,0.3431495134549,3.670732658694112
0.05,7.967671839240732e-08,5.519587750190038e-07,1.3970885512104099,0.3431495134549,3.396797288857671
0.05,5.188674858033531e-08,5.519587750190038e-07,1.3970885512104099,0.47732457844674014,3.396797288857671
0.05,8.871803402020448e-08,5.519587750190038e-07,2.8592300480816677,0.47732457844674014,3.396797288857671
0.05,8.871803402020448e-08,4.527315952145861e-06,2.8592300480816677,0.47732457844674014,3.396797288857671
0.05,4.6955603917734684e-08,4.527315952145861e-06,1.206352169216516,0.2445699522953456,3.396797288857671
0.05,4.6955603917734684e-08,4.527315952145861e-06,1.6049458432469899,0.2445699522953456,3.396797288857671
0.05,4.6955603917734684e-08,4.527315952145861e-06,1.4925239593251165,0.2445699522953456,3.396797288857671
0.05,4.6955603917734684e-08,4.527315952145861e-06,1.829766891511019,0.2445699522953456,4.3848743516139805
0.05,4.6955603917734684e-08,1.129419278143318e-07,1.829766891511019,0.2445699522953456,5.901598630395295
0.05,4.6955603917734684e-08,2.3787247041889812e-07,1.829766891511019,0.33672627715853237,5.901598630395295
0.05,5.035272334525228e-08,9.764671120060726e-07,1.829766891511019,0.33672627715853237,5.901598630395295
0.05,6.950024173936883e-08,9.764671120060726e-07,1.829766891511019,0.33672627715853237,5.901598630395295
0.05,6.950024173936883e-08,9.764671120060726e-07,1.829766891511019,0.33672627715853237,5.901598630395295
0.05,6.950024173936883e-08,9.764671120060726e-07,1.829766891511019,0.33672627715853237,5.901598630395295
0.05,6.950024173936883e-08,2.4978567331351233e-06,1.829766891511019,0.33672627715853237,4.03346115575488
0.05,6.950024173936883e-08,3.284509373760696e-06,1.8935933741397861,0.3726749565078852,0.5770148643229197
0.05,6.950024173936883e-08,3.284509373760696e-06,1.8935933741397861,0.3726749565078852,0.5770148643229197
0.05,6.950024173936883e-08,3.235351711949867e-07,1.8935933741397861,0.38689736441353567,3.296047209459438
0.05,6.117959177024447e-08,1.8523404842563122e-07,1.8935933741397861,0.4152250966623328,7.7888959505151
0.05,6.117959177024447e-08,1.8523404842563122e-07,1.8935933741397861,0.4152250966623328,7.452453907405399
0.05,6.117959177024447e-08,7.948742808352824e-07,1.8935933741397861,0.4152250966623328,7.452453907405399
0.05,6.117959177024447e-08,7.948742808352824e-07,1.8935933741397861,0.4152250966623328,7.452453907405399
0.05,6.117959177024447e-08,7.948742808352824e-07,1.8864365533529908,0.4152250966623328,6.790819030158083
0.05,6.117959177024447e-08,1.0340971907093991e-06,1.8864365533529908,0.4152250966623328,6.790819030158083
0.05,6.538187803884389e-08,1.0340971907093991e-06,1.6116678846268864,0.5931665024525983,6.790819030158083
0.05,6.538187803884389e-08,1.0340971907093991e-06,1.2767003580980543,0.5931665024525983,6.790819030158083
0.05,6.538187803884389e-08,1.0340971907093991e-06,2.441257061479685,0.4219351676169728,6.755741117096939
0.05,6.538187803884389e-08,1.0340971907093991e-06,0.6711197939719624,0.5101408669169202,7.1859087978029565
0.05,4.14554459380629e-08,1.0340971907093991e-06,0.6711197939719624,0.5101408669169202,7.1859087978029565
0.05,7.114742987221595e-08,1.0340971907093991e-06,0.5016021036397414,0.76544203893749,9.775104357175989
0.05,7.114742987221595e-08,1.0340971907093991e-06,0.5016021036397414,0.794836157327588,9.58075132405359
0.05,7.114742987221595e-08,2.4350150114874106e-06,0.7968942187829016,0.2569435750340585,9.807747884872295
0.05,7.114742987221595e-08,4.2441783351022735e-07,0.7968942187829016,0.477699598716836,9.873805259407337
0.05,7.114742987221595e-08,4.2441783351022735e-07,1.9012652830970405,0.23417422228439763,8.611021267297174
0.05,7.391943806589996e-08,4.2441783351022735e-07,1.9012652830970405,0.23417422228439763,5.320252993453403
0.05,7.190316764604406e-08,4.2441783351022735e-07,1.9012652830970405,0.23417422228439763,5.320252993453403
0.05,7.190316764604406e-08,4.2441783351022735e-07,1.9012652830970405,0.23417422228439763,5.320252993453403
0.05,7.190316764604406e-08,4.424458453998979e-07,1.9012652830970405,0.2809295124904322,5.320252993453403
0.05,7.190316764604406e-08,4.424458453998979e-07,2.52500321726233,0.31102362638259595,5.320252993453403
0.05,7.190316764604406e-08,4.424458453998979e-07,1.107502734230754,0.31102362638259595,5.320252993453403
0.05,7.190316764604406e-08,8.731971546231169e-07,1.107502734230754,0.19573130522424032,7.525031217907264
0.05,5.423349908972157e-08,8.731971546231169e-07,2.206936249918633,0.19573130522424032,1.2372092841676603
0.05,5.423349908972157e-08,4.873150447875436e-07,1.9173395335579888,0.0706134577144467,0.32473361411361007
0.05,5.356147990137633e-08,4.873150447875436e-07,1.9173395335579888,0.03639814074173914,0.32473361411361007
0.05,7.150093224346343e-08,2.179777712528974e-06,1.9173395335579888,0.06737130824180665,3.370040327712529
0.05,7.150093224346343e-08,2.179777712528974e-06,1.9173395335579888,0.06737130824180665,3.370040327712529
0.05,5.280223124308254e-08,1.9513463700873042e-06,1.9173395335579888,0.06737130824180665,2.8500012084870363
0.05,5.280223124308254e-08,1.9513463700873042e-06,1.9173395335579888,0.015455780369376865,2.8500012084870363
0.05,5.280223124308254e-08,4.736416557138953e-06,1.7772627589527268,0.01552347720000067,2.5388576332853146
0.05,5.280223124308254e-08,3.024963117350016e-06,1.7772627589527268,0.01552347720000067,2.5388576332853146
0.05,5.280223124308254e-08,3.024963117350016e-06,2.099409895835607,0.16746866993018308,0.6697185186214717
0.05,5.280223124308254e-08,3.024963117350016e-06,2.099409895835607,0.20107941377827052,0.6697185186214717
0.05,5.280223124308254e-08,3.024963117350016e-06,2.099409895835607,0.06563957220364988,0.6697185186214717
0.05,5.280223124308254e-08,6.962408715468726e-06,2.0008801618281806,0.09106926935240704,0.6697185186214717
0.05,5.280223124308254e-08,6.962408715468726e-06,2.577801781062754,0.09106926935240704,0.6697185186214717
0.05,5.280223124308254e-08,6.962408715468726e-06,2.03459597025049,0.09106926935240704,0.6697185186214717
0.05,5.280223124308254e-08,6.962408715468726e-06,2.03459597025049,0.09106926935240704,0.3791717082806639
0.05,5.280223124308254e-08,5.338306218622957e-06,2.9677762587513374,0.1474759347310913,0.017075346132688737
0.05,5.280223124308254e-08,5.338306218622957e-06,2.335724381058349,0.17989349820363687,0.49799047746742403
0.05,5.280223124308254e-08,5.338306218622957e-06,2.335724381058349,0.17989349820363687,0.49799047746742403
0.05,6.857082498750466e-08,5.338306218622957e-06,1.716397720490348,0.2069552761901368,0.49799047746742403
0.05,6.857082498750466e-08,2.002137980406654e-06,1.2578416696789194,0.2069552761901368,3.1927835636738138
0.05,8.597536841028682e-08,2.002137980406654e-06,1.2578416696789194,0.16222985289513503,3.1927835636738138
0.05,4.785414041494813e-08,2.002137980406654e-06,1.2578416696789194,0.16222985289513503,3.1927835636738138
0.05,4.785414041494813e-08,2.002137980406654e-06,0.9509833517904663,0.16222985289513503,3.1927835636738138
0.05,4.785414041494813e-08,2.002137980406654e-06,0.9509833517904663,0.09337914503230785,3.1927835636738138
0.05,4.785414041494813e-08,2.002137980406654e-06,1.2258492469219808,0.04151830283311151,3.1927835636738138
0.05,4.785414041494813e-08,1.3268344835656438e-07,1.2258492469219808,0.3973816392359634,3.1927835636738138
0.05,4.785414041494813e-08,1.3268344835656438e-07,1.107041432356972,0.46998511125240366,7.463310679398571
0.05,4.785414041494813e-08,4.93169331050227e-07,1.2585433939224013,0.5915643292953006,7.463310679398571
0.05,4.785414041494813e-08,4.93169331050227e-07,1.2585433939224013,0.5635209960124041,7.463310679398571
0.05,4.785414041494813e-08,4.93169331050227e-07,1.2585433939224013,0.5635209960124041,8.10987835293027
0.05,5.1418143527114526e-08,4.93169331050227e-07,1.1875106868108374,0.37184846826094925,8.10987835293027
0.05,6.085291402172726e-08,4.93169331050227e-07,1.1875106868108374,0.06586251042138712,2.4500803251384897
0.05,6.085291402172726e-08,4.93169331050227e-07,1.1875106868108374,0.25149137719149567,2.4500803251384897
0.05,6.085291402172726e-08,4.93169331050227e-07,1.1875106868108374,0.25149137719149567,2.4500803251384897
0.05,9.645208754506785e-08,1.6619234803099674e-06,2.1853236339034514,0.25149137719149567,2.4500803251384897
0.05,9.645208754506785e-08,1.6619234803099674e-06,2.1853236339034514,0.25149137719149567,2.4500803251384897
0.05,9.645208754506785e-08,1.6619234803099674e-06,2.1853236339034514,0.23109080457719886,4.780683538960727
0.05,9.645208754506785e-08,4.079347071899668e-07,1.2420151248888551,0.23109080457719886,4.314449808281854
0.05,9.645208754506785e-08,4.079347071899668e-07,1.9715237371585577,0.23109080457719886,4.314449808281854
0.05,9.645208754506785e-08,1.694191242629926e-07,1.7265999706394306,0.46031256748694643,4.314449808281854
0.05,9.8755969498122e-08,1.1943386909020648e-06,1.7265999706394306,0.46031256748694643,4.314449808281854
0.05,9.8755969498122e-08,1.1943386909020648e-06,1.7265999706394306,0.46031256748694643,7.477788773937284
0.05,9.8755969498122e-08,3.4240747249596166e-07,1.7265999706394306,0.46031256748694643,7.477788773937284
0.05,9.8755969498122e-08,3.4240747249596166e-07,1.7265999706394306,0.46031256748694643,7.477788773937284
0.05,1.0010813998517051e-07,3.4240747249596166e-07,1.7265999706394306,0.5557047523909309,7.235539613446274
0.05,8.541943260190304e-08,3.4240747249596166e-07,1.7265999706394306,0.5073646235973235,4.424127277247415
0.05,8.541943260190304e-08,3.4240747249596166e-07,1.7265999706394306,0.5073646235973235,4.424127277247415
0.05,8.541943260190304e-08,3.4240747249596166e-07,1.7265999706394306,0.5073646235973235,4.424127277247415
0.05,6.321663291690886e-08,4.4213129606479245e-07,1.9949787055150014,0.5073646235973235,4.424127277247415
0.05,6.321663291690886e-08,4.4213129606479245e-07,0.9204840261377278,0.5073646235973235,6.854265227762195
0.05,6.321663291690886e-08,8.99710006790639e-07,0.9204840261377278,0.5073646235973235,7.698673266611838
0.05,4.2512099731270085e-08,8.99710006790639e-07,0.9204840261377278,0.5073646235973235,7.698673266611838
0.05,5.4650835972938685e-08,7.990574030440291e-08,2.923652071262754,0.5073646235973235,9.764898177508458
0.05,5.4650835972938685e-08,7.990574030440291e-08,2.3838708539310254,0.5073646235973235,8.32842454687274
0.05,5.4650835972938685e-08,7.990574030440291e-08,2.277962762277191,0.5073646235973235,7.671413828144052
0.05,5.4650835972938685e-08,2.0857592281652566e-08,2.277962762277191,0.5073646235973235,7.671413828144052
0.05,4.832377933034403e-08,2.8681097971710326e-08,2.277962762277191,0.5073646235973235,7.945477438962897
0.05,4.832377933034403e-08,2.8681097971710326e-08,2.277962762277191,0.5073646235973235,7.945477438962897
0.05,6.78432724167766e-08,2.8681097971710326e-08,2.277962762277191,0.5041843364736005,5.358812000801024
0.05,6.78432724167766e-08,2.8681097971710326e-08,1.0836603383235661,0.5552818794313441,5.358812000801024
0.05,6.78432724167766e-08,2.8681097971710326e-08,1.0836603383235661,0.5552818794313441,5.358812000801024
0.05,6.78432724167766e-08,2.8681097971710326e-08,1.3236972158291391,0.5552818794313441,5.358812000801024
0.05,6.628589249830151e-08,2.5203838524998027e-07,1.3236972158291391,0.8007197600863283,9.890728375740434
0.05,6.628589249830151e-08,1.3941363876775631e-06,1.3236972158291391,0.8007197600863283,9.994310258106639
0.05,6.628589249830151e-08,1.3300566294196723e-06,1.9261922214843497,0.8007197600863283,9.994170139400653
0.05,3.542948202699938e-08,7.285488454802501e-07,1.9261922214843497,0.5495473820631741,9.994170139400653
0.05,3.542948202699938e-08,7.285488454802501e-07,1.9261922214843497,0.5495473820631741,9.965333364080259
0.05,3.542948202699938e-08,7.285488454802501e-07,1.2004846689148183,0.6972272649382406,9.741889282756688
0.05,3.542948202699938e-08,7.285488454802501e-07,1.2004846689148183,0.6972272649382406,5.642476394961692
0.05,3.542948202699938e-08,7.285488454802501e-07,1.2004846689148183,0.6972272649382406,5.642476394961692
0.05,3.542948202699938e-08,7.285488454802501e-07,1.2004846689148183,0.6972272649382406,5.642476394961692
0.05,5.7598858976535477e-08,7.429094378988882e-07,2.232619496001124,0.5031418474172605,5.8819469143298155
0.05,5.7598858976535477e-08,7.429094378988882e-07,2.232619496001124,0.5031418474172605,5.8819469143298155
0.05,5.7598858976535477e-08,7.429094378988882e-07,1.7998313140736122,0.5031418474172605,5.8819469143298155
0.05,5.7598858976535477e-08,7.429094378988882e-07,0.8271338945617185,0.3658929360987202,5.8819469143298155
0.05,7.683713893944515e-08,7.429094378988882e-07,0.8271338945617185,0.08245804291846362,5.8819469143298155
0.05,7.683713893944515e-08,7.429094378988882e-07,0.8271338945617185,0.12678201437622913,5.0487760408941
0.05,7.683713893944515e-08,7.429094378988882e-07,1.2750826682211538,0.17288739053269392,5.0487760408941
0.05,6.981014984623159e-08,3.9186267836296097e-07,1.2750826682211538,0.20857457094071555,5.0487760408941
0.05,6.981014984623159e-08,4.749243125350714e-06,1.2750826682211538,0.20857457094071555,3.854771162003206
0.05,6.981014984623159e-08,4.002913622533819e-06,1.2750826682211538,0.20857457094071555,3.854771162003206
0.05,6.981014984623159e-08,4.002913622533819e-06,1.2750826682211538,0.2000823343856346,3.0955818304800364
0.05,6.981014984623159e-08,4.002913622533819e-06,1.2750826682211538,0.09204045295342861,3.0955818304800364
0.05,6.831262815385928e-08,4.002913622533819e-06,1.2789070179868691,0.11692705348355907,3.0955818304800364
0.05,7.37161858686985e-08,7.444076974559117e-07,1.2789070179868691,0.33274050618898526,3.0955818304800364
0.05,7.37161858686985e-08,7.444076974559117e-07,1.2789070179868691,0.33274050618898526,6.9929895647315155
0.05,7.37161858686985e-08,1.4825798454984728e-07,1.2789070179868691,0.33274050618898526,6.9929895647315155
0.05,7.37161858686985e-08,1.4825798454984728e-07,1.2789070179868691,0.33274050618898526,6.9929895647315155
0.05,7.37161858686985e-08,1.0353646403572663e-06,1.3356601790609761,0.33274050618898526,6.9929895647315155
0.05,7.37161858686985e-08,1.0353646403572663e-06,1.3356601790609761,0.33274050618898526,6.9929895647315155
0.05,7.37161858686985e-08,1.5424990182503496e-06,1.3356601790609761,0.3593200477971672,8.284333684902826
0.05,7.37161858686985e-08,1.5424990182503496e-06,1.3356601790609761,0.3593200477971672,8.284333684902826
0.05,6.350714566999943e-08,1.5424990182503496e-06,1.294949321560332,0.3593200477971672,8.284333684902826
0.05,6.350714566999943e-08,1.5424990182503496e-06,1.294949321560332,0.3593200477971672,7.741372287021634
0.05,6.350714566999943e-08,8.658629899612653e-07,1.294949321560332,0.3593200477971672,7.741372287021634
0.05,6.350714566999943e-08,1.0923560297209919e-06,1.294949321560332,0.19751456900082998,7.741372287021634
0.05,6.350714566999943e-08,1.0923560297209919e-06,1.254837046208582,0.19751456900082998,7.261065509984115
0.05,6.350714566999943e-08,1.0923560297209919e-06,1.3862247620676336,0.5211240258561519,7.46628311847603
0.05,6.350714566999943e-08,1.0923560297209919e-06,1.4550907022303248,0.5211240258561519,4.481843112672012
0.05,6.350714566999943e-08,1.0923560297209919e-06,1.4550907022303248,0.11907576470305627,4.481843112672012
0.05,6.350714566999943e-08,1.0923560297209919e-06,1.5971381406037797,0.38453928515255625,4.481843112672012
0.05,6.350714566999943e-08,3.946277798977535e-06,1.5971381406037797,0.44426901600288976,4.481843112672012
0.05,6.350714566999943e-08,3.946277798977535e-06,1.5971381406037797,0.14222596728552084,3.6145772538669885
0.05,6.350714566999943e-08,3.946277798977535e-06,1.5971381406037797,0.08429729153129054,2.5025155085630066
0.05,6.350714566999943e-08,3.946277798977535e-06,1.5971381406037797,0.08429729153129054,2.5025155085630066
0.05,6.357647939979884e-08,5.79303159181152e-06,1.5374110814643691,0.01951127648963244,2.5025155085630066
0.05,6.357647939979884e-08,1.1527279349225003e-06,1.5374110814643691,0.0891076945115898,2.5025155085630066
0.05,6.028875253817673e-08,1.8640151728459496e-06,1.5374110814643691,0.18697538974202632,2.5025155085630066
0.05,6.028875253817673e-08,1.8640151728459496e-06,1.5374110814643691,0.309428959736912,2.5025155085630066
0.05,6.028875253817673e-08,3.6527809241749853e-07,1.0393031002135393,0.309428959736912,6.323479394010366
0.05,6.028875253817673e-08,3.6527809241749853e-07,0.9476984628412505,0.2525826577850754,6.323479394010366
0.05,7.824082178508303e-08,2.8722465793869e-06,2.365577148046047,0.5472787003076691,6.323479394010366
0.05,7.824082178508303e-08,1.2614775788863827e-07,1.1271686705206512,0.33549167968830407,6.323479394010366
0.05,7.824082178508303e-08,1.2614775788863827e-07,2.4922709170107478,0.33549167968830407,4.5295115036821
0.05,6.33728786543173e-08,1.2614775788863827e-07,2.4922709170107478,0.33549167968830407,4.5295115036821
0.05,6.33728786543173e-08,1.2614775788863827e-07,2.751481095903692,0.33549167968830407,4.5295115036821
0.05,6.33728786543173e-08,3.0748014903093063e-07,2.751481095903692,0.33549167968830407,4.5295115036821
0.05,6.33728786543173e-08,3.0748014903093063e-07,2.751481095903692,0.33549167968830407,4.6171751351100685
0.05,8.82541679168639e-08,8.722558207664626e-08,2.656083388709697,0.33549167968830407,4.6171751351100685
0.05,8.82541679168639e-08,2.3410919974602305e-07,1.2843548423405082,0.5813645158509305,7.636789187839986
0.05,8.82541679168639e-08,1.1577829073461424e-06,1.2843548423405082,0.5522328743501077,7.636789187839986
0.05,8.82541679168639e-08,1.1577829073461424e-06,1.2843548423405082,0.5522328743501077,7.636789187839986
0.05,8.82541679168639e-08,1.1577829073461424e-06,1.2843548423405082,0.5522328743501077,7.636789187839986
0.05,8.82541679168639e-08,1.1577829073461424e-06,1.7182374170789485,0.5522328743501077,8.475160011567972
0.05,5.223751716821978e-08,1.1577829073461424e-06,1.7841868115072967,0.31038552742785014,9.111935577953874
0.05,5.223751716821978e-08,8.450086677598374e-08,1.7841868115072967,0.31038552742785014,7.816395714342953
0.05,5.223751716821978e-08,8.450086677598374e-08,1.7841868115072967,0.31038552742785014,1.478607458780735
0.05,7.349714885836011e-08,5.144907271904688e-07,1.7841868115072967,0.31038552742785014,6.784958343953575
0.05,7.349714885836011e-08,5.144907271904688e-07,1.7841868115072967,0.5151893068490272,6.784958343953575
0.05,7.349714885836011e-08,5.144907271904688e-07,1.7841868115072967,0.5151893068490272,6.784958343953575
0.05,7.349714885836011e-08,5.144907271904688e-07,1.3539130187936776,0.5151893068490272,6.784958343953575
0.05,7.349714885836011e-08,5.144907271904688e-07,1.4082005651769722,0.4547289970986645,6.784958343953575
0.05,7.349714885836011e-08,5.144907271904688e-07,1.4082005651769722,0.5571396904778249,6.784958343953575
0.05,7.349714885836011e-08,6.092451611242573e-08,2.547218748549907,0.39499911574467667,4.913896266473673
0.05,7.349714885836011e-08,6.092451611242573e-08,2.8279554024266194,0.39499911574467667,4.913896266473673
0.05,7.349714885836011e-08,4.0962954462323195e-07,2.8279554024266194,0.39499911574467667,2.636694941893732
0.05,7.349714885836011e-08,2.1761254563832284e-06,1.9785123629590473,0.39499911574467667,2.636694941893732
0.05,7.349714885836011e-08,2.1761254563832284e-06,2.398505885914521,0.2807316757393399,2.636694941893732
0.05,7.349714885836011e-08,2.1761254563832284e-06,2.398505885914521,0.2807316757393399,3.955124841712294
0.05,5.463085807558962e-08,2.1761254563832284e-06,2.398505885914521,0.2807316757393399,3.955124841712294
0.05,5.463085807558962e-08,2.1761254563832284e-06,2.398505885914521,0.2807316757393399,3.955124841712294
0.05,5.463085807558962e-08,2.1761254563832284e-06,2.398505885914521,0.2807316757393399,3.955124841712294
0.05,5.463085807558962e-08,2.1761254563832284e-06,1.5261167392022135,0.27563421484014605,3.955124841712294
0.05,5.463085807558962e-08,2.1761254563832284e-06,2.070693478712786,0.27563421484014605,2.734513194214511
0.05,5.463085807558962e-08,2.1761254563832284e-06,2.070693478712786,0.27563421484014605,8.188204168954188
0.05,5.463085807558962e-08,2.1761254563832284e-06,2.070693478712786,0.3979265267325999,8.188204168954188
0.05,5.463085807558962e-08,2.1761254563832284e-06,2.070693478712786,0.3979265267325999,8.188204168954188
0.05,5.463085807558962e-08,7.252078887059088e-07,2.070693478712786,0.3979265267325999,1.9020166227295665
0.05,5.463085807558962e-08,7.252078887059088e-07,1.4809658278340807,0.3979265267325999,6.891920375392764
0.05,5.463085807558962e-08,7.252078887059088e-07,1.3515003134939465,0.3979265267325999,6.891920375392764
0.05,5.463085807558962e-08,3.505091121074575e-07,1.3515003134939465,0.3979265267325999,6.891920375392764
0.05,1.0129196073224838e-07,3.505091121074575e-07,1.3515003134939465,0.3979265267325999,8.894039760531138
0.05,1.0129196073224838e-07,3.505091121074575e-07,1.3515003134939465,0.3979265267325999,8.894039760531138
0.05,1.0129196073224838e-07,3.505091121074575e-07,1.3515003134939465,0.3382578750716864,8.894039760531138
0.05,1.0129196073224838e-07,3.505091121074575e-07,1.3515003134939465,0.3382578750716864,8.894039760531138
0.05,5.1955415348499955e-08,3.505091121074575e-07,2.1752760136276446,0.3382578750716864,8.894039760531138
0.05,7.261261051450751e-08,3.505091121074575e-07,2.1176108470683186,0.3382578750716864,7.813754504157674
0.05,7.261261051450751e-08,3.505091121074575e-07,1.8035775162545264,0.3382578750716864,7.813754504157674
0.05,7.261261051450751e-08,3.505091121074575e-07,1.2121799440930863,0.3382578750716864,7.813754504157674
0.05,7.261261051450751e-08,3.505091121074575e-07,2.0636714849792526,0.3382578750716864,7.813754504157674
0.05,7.261261051450751e-08,3.505091121074575e-07,1.1397475102963455,0.3382578750716864,7.346242797795153
0.05,7.261261051450751e-08,1.4581867917814248e-07,1.1397475102963455,0.2795342849399282,7.346242797795153
0.05,7.261261051450751e-08,1.4662530868413428e-07,1.2809126913416269,0.2751973704695722,2.371490881551193
0.05,7.261261051450751e-08,1.132619667273586e-06,2.474090349928617,0.2751973704695722,2.371490881551193
0.05,7.261261051450751e-08,1.132619667273586e-06,2.474090349928617,0.2751973704695722,2.371490881551193
0.05,7.261261051450751e-08,2.4630095519101985e-07,3.2938887420448317,0.2751973704695722,2.371490881551193
0.05,5.195671980996103e-08,2.730566952285858e-06,3.2938887420448317,0.2751973704695722,2.371490881551193
0.05,5.195671980996103e-08,2.730566952285858e-06,3.2938887420448317,0.2751973704695722,2.371490881551193
0.05,5.7259490103493014e-08,2.730566952285858e-06,1.9426579028867912,0.2751973704695722,0.7481962473397192
0.05,5.6902919873366005e-08,2.730566952285858e-06,3.2475979918036906,0.2751973704695722,1.7922005837125385
0.05,5.6902919873366005e-08,2.730566952285858e-06,2.3031157946625798,0.26892588759001124,1.3326515494366145
0.05,5.6902919873366005e-08,2.730566952285858e-06,2.3031157946625798,0.26892588759001124,4.140506488041695
0.05,5.6902919873366005e-08,2.730566952285858e-06,2.3031157946625798,0.26892588759001124,4.140506488041695
0.05,5.6902919873366005e-08,2.730566952285858e-06,1.9353835365685303,0.26892588759001124,4.239670054765176
0.05,5.6902919873366005e-08,1.728842310489825e-06,1.9353835365685303,0.19262512676249738,4.239670054765176
0.05,5.6902919873366005e-08,1.728842310489825e-06,1.970393352780312,0.19262512676249738,4.239670054765176
0.05,8.411578815624368e-08,1.728842310489825e-06,1.970393352780312,0.19262512676249738,4.239670054765176
0.05,8.411578815624368e-08,1.728842310489825e-06,1.2536511905664312,0.19262512676249738,4.532574029591016
0.05,8.411578815624368e-08,1.728842310489825e-06,1.2536511905664312,0.19262512676249738,1.9728389528816528
0.05,4.8988850288208315e-08,1.728842310489825e-06,1.7904627309375933,0.27004788296995164,1.3817645948493775
0.05,4.8988850288208315e-08,1.728842310489825e-06,1.8947264711241103,0.2876142290643178,1.3817645948493775
0.05,4.8988850288208315e-08,1.0135712727734928e-05,1.8947264711241103,0.17970754124604907,1.3817645948493775
0.05,6.863811338987829e-08,2.9718973711745025e-06,2.2923817403180013,0.17970754124604907,2.85191302886834
0.05,6.863811338987829e-08,2.9718973711745025e-06,2.1253385214673055,0.345582250921989,2.85191302886834
0.05,4.586283995056481e-08,1.8921724473703117e-07,2.1253385214673055,0.345582250921989,2.85191302886834
0.05,4.426914052167004e-08,1.8921724473703117e-07,2.1253385214673055,0.345582250921989,2.85191302886834
0.05,8.524899907934426e-08,2.0578664438401869e-07,2.16296026683573,0.47216646517160815,2.85191302886834
0.05,8.524899907934426e-08,2.0578664438401869e-07,2.16296026683573,0.47216646517160815,2.85191302886834
0.05,8.524899907934426e-08,2.0578664438401869e-07,2.16296026683573,0.47216646517160815,2.2881536322276457
0.05,8.524899907934426e-08,2.0578664438401869e-07,2.16296026683573,0.47216646517160815,2.2881536322276457
0.05,5.8660184569624015e-08,2.0578664438401869e-07,2.16296026683573,0.6392850632591259,8.277215582565091
0.05,5.8660184569624015e-08,2.0578664438401869e-07,2.16296026683573,0.6392850632591259,7.9090271964671475
0.05,5.860062568098166e-08,2.0578664438401869e-07,2.16296026683573,0.6392850632591259,6.145410407949842
0.05,5.7499239154672985e-08,2.0578664438401869e-07,0.6913312492699737,0.6392850632591259,6.145410407949842
0.05,5.7499239154672985e-08,2.0578664438401869e-07,1.3861992421416478,0.6392850632591259,7.668043100154175
0.05,5.7499239154672985e-08,7.97628317659951e-07,0.9193691270358438,0.6392850632591259,7.668043100154175
0.05,5.7499239154672985e-08,7.97628317659951e-07,1.342729807918574,0.4923640598957881,7.668043100154175
0.05,5.7499239154672985e-08,7.97628317659951e-07,1.342729807918574,0.4923640598957881,7.269415803429946
0.05,4.6489038245227525e-08,1.712269243715974e-06,1.342729807918574,0.283714369838016,5.68469635169116
0.05,4.6489038245227525e-08,1.8483817004818079e-06,1.342729807918574,0.283714369838016,8.634451927127714
0.05,4.6489038245227525e-08,1.8483817004818079e-06,1.342729807918574,0.283714369838016,1.4434327978510284
0.05,4.6489038245227525e-08,1.8483817004818079e-06,1.342729807918574,0.283714369838016,1.4434327978510284
0.05,4.6489038245227525e-08,2.964533900643216e-06,1.0010783220666366,0.06685188336110044,1.4434327978510284
0.05,7.71704100182201e-08,9.596993981166926e-07,1.0010783220666366,0.1823412008458271,2.7499441935652835
0.05,7.71704100182201e-08,9.596993981166926e-07,1.0010783220666366,0.16506317785650707,2.7499441935652835
0.05,7.71704100182201e-08,9.596993981166926e-07,1.0010783220666366,0.16506317785650707,4.199246047609979
0.05,7.71704100182201e-08,4.211735377786502e-06,1.554077076618262,0.30162640086667475,4.199246047609979
0.05,7.71704100182201e-08,4.211735377786502e-06,1.3690555259961366,0.30162640086667475,4.199246047609979
0.05,7.71704100182201e-08,1.0982018933344255e-06,1.3690555259961366,0.30162640086667475,4.199246047609979
0.05,7.71704100182201e-08,1.0982018933344255e-06,1.3690555259961366,0.20205081912155423,4.149441875212095
0.05,7.71704100182201e-08,1.7897932106429418e-06,1.3690555259961366,0.20205081912155423,4.807319177828338
0.05,6.03256195660653e-08,1.7897932106429418e-06,1.3690555259961366,0.20205081912155423,4.807319177828338
0.05,6.03256195660653e-08,1.7897932106429418e-06,1.3690555259961366,0.20205081912155423,4.807319177828338
0.05,6.03256195660653e-08,1.7897932106429418e-06,1.3690555259961366,0.13073357805922314,4.807319177828338
0.05,6.03256195660653e-08,2.743455110236604e-07,1.3690555259961366,0.13073357805922314,3.1378290461272402
0.05,6.03256195660653e-08,2.743455110236604e-07,1.3690555259961366,0.33821485134571144,3.1378290461272402
0.05,6.03256195660653e-08,2.743455110236604e-07,1.4280867080203608,0.33821485134571144,3.1378290461272402
0.05,6.03256195660653e-08,2.743455110236604e-07,1.4280867080203608,0.33821485134571144,3.1378290461272402
0.05,6.03256195660653e-08,2.743455110236604e-07,2.2644979903193176,0.22333773084881847,3.6564738622083937
0.05,4.726517477233242e-08,8.289942809104847e-07,2.2644979903193176,0.2835689533827372,3.740189283013647
0.05,4.726517477233242e-08,2.1133148329506939e-07,2.2644979903193176,0.2835689533827372,3.740189283013647
0.05,4.726517477233242e-08,2.1133148329506939e-07,2.7885439043984164,0.48570771143385777,3.5238526375105077
0.05,5.161122584980749e-08,2.1133148329506939e-07,2.7885439043984164,0.30258003277733747,3.5238526375105077
0.05,5.161122584980749e-08,1.1032581893943346e-07,2.7885439043984164,0.30258003277733747,3.5238526375105077
0.05,4.727214855628037e-08,5.742791789169538e-07,2.7885439043984164,0.30258003277733747,3.5238526375105077
0.05,4.727214855628037e-08,4.241978942369914e-06,2.7885439043984164,0.28282274884158976,3.5238526375105077
0.05,4.727214855628037e-08,2.0267286590289604e-06,2.7885439043984164,0.28282274884158976,3.5238526375105077
0.05,4.727214855628037e-08,4.469368949430397e-06,2.7885439043984164,0.17761856620685482,3.5238526375105077
0.05,6.796322927262016e-08,4.469368949430397e-06,2.7885439043984164,0.17761856620685482,3.5238526375105077
0.05,4.8529645707947664e-08,4.469368949430397e-06,2.7885439043984164,0.3211991110450378,1.1692911656328937
0.05,4.8529645707947664e-08,4.469368949430397e-06,2.7885439043984164,0.3211991110450378,1.1692911656328937
0.05,4.445584382269178e-08,4.469368949430397e-06,2.5194288882780747,0.3211991110450378,4.561972943476177
0.05,4.445584382269178e-08,4.469368949430397e-06,2.5194288882780747,0.3211991110450378,4.561972943476177
0.05,4.445584382269178e-08,3.415731506611003e-06,2.730721742583887,0.3211991110450378,4.561972943476177
0.05,6.747758156098897e-08,9.588580355002068e-07,2.730721742583887,0.3628859409279538,4.561972943476177
0.05,4.278911720121385e-08,9.588580355002068e-07,2.730721742583887,0.3628859409279538,4.561972943476177
0.05,4.569550549349681e-08,9.588580355002068e-07,1.4444701841822885,0.3628859409279538,4.367177018806677
0.05,4.569550549349681e-08,4.632440029407437e-06,1.4444701841822885,0.3628859409279538,4.367177018806677
0.05,4.569550549349681e-08,2.2229638569225382e-06,1.8565587870848765,0.3628859409279538,4.367177018806677
0.05,5.19224075162769e-08,2.2229638569225382e-06,1.8565587870848765,0.3628859409279538,4.367177018806677
0.05,5.19224075162769e-08,3.6041748463706843e-07,1.8565587870848765,0.3628859409279538,5.969185415909797
0.05,5.19224075162769e-08,3.566595368681115e-07,1.8565587870848765,0.3437624722977812,5.969185415909797
0.05,5.19224075162769e-08,3.566595368681115e-07,1.8565587870848765,0.3653851063950212,5.969185415909797
0.05,5.19224075162769e-08,3.566595368681115e-07,1.8565587870848765,0.3653851063950212,5.969185415909797
0.05,5.19224075162769e-08,1.3306677538988996e-06,1.8565587870848765,0.3653851063950212,5.969185415909797
0.05,5.19224075162769e-08,1.3306677538988996e-06,1.8565587870848765,0.3669177730972259,5.969185415909797
0.05,5.19224075162769e-08,4.2970533843335326e-08,1.8565587870848765,0.3669177730972259,5.969185415909797
0.05,5.19224075162769e-08,4.2970533843335326e-08,1.8565587870848765,0.3669177730972259,5.969185415909797
0.05,8.655179056499533e-08,4.2970533843335326e-08,1.8565587870848765,0.3669177730972259,5.969185415909797
0.05,5.157751830187562e-08,4.2970533843335326e-08,1.8565587870848765,0.3669177730972259,5.969185415909797
0.05,5.157751830187562e-08,1.1059403346274152e-07,1.9012333016379699,0.530401263111414,5.969185415909797
0.05,5.157751830187562e-08,1.3494233857643354e-06,2.3552223897112223,0.21979919416476698,5.969185415909797
0.05,5.937384622409432e-08,1.3494233857643354e-06,2.3552223897112223,0.21979919416476698,5.969185415909797
0.05,5.937384622409432e-08,1.3494233857643354e-06,0.8271622518275868,0.28218280300609166,7.490379234280753
0.05,5.937384622409432e-08,1.3494233857643354e-06,0.8271622518275868,0.28218280300609166,7.490379234280753
0.05,5.937384622409432e-08,1.3494233857643354e-06,1.59350444093559,0.28218280300609166,9.230809198641834
0.05,5.0077903703837785e-08,2.4354592470457058e-06,1.59350444093559,0.48866499886329084,6.0599249179796555
0.05,5.062241471965656e-08,4.54693732462072e-06,1.8019805159921307,0.48866499886329084,6.0599249179796555
0.05,5.062241471965656e-08,4.54693732462072e-06,1.8019805159921307,0.48866499886329084,6.0599249179796555
0.05,5.062241471965656e-08,4.54693732462072e-06,1.8019805159921307,0.13734512555078165,6.0599249179796555
0.05,5.062241471965656e-08,4.54693732462072e-06,2.110851252160524,0.5147165147651497,6.0599249179796555
0.05,7.345591322202766e-08,4.54693732462072e-06,1.8775579185811644,0.5147165147651497,6.0599249179796555
0.05,7.345591322202766e-08,1.3636638275821244e-06,1.8857372690977605,0.5147165147651497,6.0599249179796555
0.05,5.8227234554295314e-08,1.3636638275821244e-06,1.8857372690977605,0.5147165147651497,6.0599249179796555
0.05,4.566179556117181e-08,2.4327263189507226e-07,1.8857372690977605,0.5147165147651497,8.236264220299281
0.05,4.873216644691121e-08,2.4327263189507226e-07,1.8857372690977605,0.7535032108606471,8.236264220299281
0.05,4.873216644691121e-08,4.4423389284268225e-07,1.8857372690977605,0.6281400765946193,9.621390620686421
0.05,8.01244998380435e-08,4.4423389284268225e-07,0.7850078033995522,0.6281400765946193,9.588989582284704
0.05,4.996091435561305e-08,4.4423389284268225e-07,0.7850078033995522,0.3340849673800306,9.588989582284704
0.05,4.996091435561305e-08,1.2858591003950927e-06,0.7850078033995522,0.3340849673800306,9.588989582284704
0.05,4.996091435561305e-08,3.6059900270100117e-06,0.7850078033995522,0.45461481799079456,7.0457819706606735
0.05,9.279732311801514e-08,1.3045079926505875e-06,0.9203420427645325,0.3992774425834223,4.752336835435623
0.05,9.279732311801514e-08,1.3045079926505875e-06,0.9203420427645325,0.3992774425834223,4.442985710283035
0.05,9.279732311801514e-08,1.9557033405121144e-06,0.7207915683936814,0.3992774425834223,4.442985710283035
0.05,9.279732311801514e-08,1.9557033405121144e-06,1.4801534433666366,0.23120135659840382,6.520862708018375
0.05,9.279732311801514e-08,1.6811115179464937e-06,1.4801534433666366,0.23120135659840382,3.84108528716665
0.05,9.279732311801514e-08,5.239494855309276e-07,1.4801534433666366,0.2869190812546892,8.321732423949125
0.05,9.279732311801514e-08,5.239494855309276e-07,1.4801534433666366,0.13874666082722248,1.2153954371300022
0.05,4.925257577485864e-08,5.239494855309276e-07,1.4801534433666366,0.13874666082722248,1.2153954371300022
0.05,4.925257577485864e-08,5.239494855309276e-07,1.4801534433666366,0.10161446380362614,3.26482537004972
0.05,4.544964196700959e-08,1.4040025354824458e-06,1.4801534433666366,0.39230339038334405,5.458744464201516
0.05,4.544964196700959e-08,1.4040025354824458e-06,1.4801534433666366,0.39230339038334405,3.907106174942658
0.05,4.544964196700959e-08,1.4040025354824458e-06,1.5126967414114914,0.39230339038334405,4.7783487778910585
0.05,4.544964196700959e-08,1.4040025354824458e-06,1.5126967414114914,0.16943243988198758,4.7783487778910585
0.05,5.9592300318471125e-08,3.864220852166412e-06,1.5126967414114914,0.36885142745396376,4.7783487778910585
0.05,5.9592300318471125e-08,2.6090558217804713e-06,1.3826080902146174,0.3546967132945528,4.312198500763818
0.05,5.145942467418121e-08,2.6090558217804713e-06,1.7980066502545804,0.3546967132945528,4.312198500763818
0.05,5.145942467418121e-08,2.6090558217804713e-06,1.7980066502545804,0.3546967132945528,4.312198500763818
0.05,5.145942467418121e-08,8.955128708000328e-07,1.1685736339890576,0.3546967132945528,4.312198500763818
0.05,6.418190313071175e-08,8.955128708000328e-07,1.3647587883070835,0.3546967132945528,5.79629241602635
0.05,5.7041209861072755e-08,8.955128708000328e-07,1.3647587883070835,0.3546967132945528,5.79629241602635
0.05,5.7041209861072755e-08,8.955128708000328e-07,1.3647587883070835,0.3546967132945528,5.79629241602635
0.05,5.7041209861072755e-08,8.58812815167404e-07,1.3647587883070835,0.4726094866253842,5.79629241602635
0.05,5.7041209861072755e-08,8.58812815167404e-07,1.3647587883070835,0.4460718398567756,8.525035118920133
0.05,5.7041209861072755e-08,8.58812815167404e-07,1.3647587883070835,0.4460718398567756,8.525035118920133
0.05,5.7041209861072755e-08,3.4063459649115055e-06,1.3647587883070835,0.4460718398567756,8.525035118920133
0.05,5.7041209861072755e-08,3.4063459649115055e-06,1.3647587883070835,0.2867332663671822,4.14307333465679
0.05,4.3887800143806684e-08,3.4063459649115055e-06,1.3647587883070835,0.2867332663671822,4.14307333465679
0.05,4.986106356940292e-08,3.4063459649115055e-06,1.3647587883070835,0.3785546868083925,7.897683337970111
0.05,4.986106356940292e-08,3.4063459649115055e-06,1.3647587883070835,0.3785546868083925,7.897683337970111
0.05,4.986106356940292e-08,3.4063459649115055e-06,1.3647587883070835,0.3785546868083925,7.897683337970111
0.05,4.986106356940292e-08,3.4063459649115055e-06,1.3647587883070835,0.3487563001188356,6.569045247925232
0.05,4.986106356940292e-08,2.1641973143170327e-06,1.3647587883070835,0.3487563001188356,6.569045247925232
0.05,4.986106356940292e-08,2.1641973143170327e-06,1.3647587883070835,0.3487563001188356,6.569045247925232
0.05,4.365790891736156e-08,2.1641973143170327e-06,1.3647587883070835,0.35714511656546183,5.9970476928607095
0.05,4.365790891736156e-08,2.1641973143170327e-06,1.3647587883070835,0.35714511656546183,5.9970476928607095
0.05,4.365790891736156e-08,2.1641973143170327e-06,1.3647587883070835,0.35714511656546183,2.2108556342316614
0.05,4.365790891736156e-08,2.95411182936076e-06,1.3647587883070835,0.35714511656546183,5.246383431633738
0.05,3.647171477185393e-08,2.95411182936076e-06,1.3647587883070835,0.35714511656546183,5.246383431633738
0.05,7.998906070298312e-08,2.95411182936076e-06,1.3647587883070835,0.35714511656546183,8.362876197951266
0.05,5.6802911161693e-08,7.101908683241375e-07,1.1388488512071853,0.31558580732933533,8.362876197951266
0.05,5.6802911161693e-08,7.101908683241375e-07,1.1388488512071853,0.31558580732933533,8.362876197951266
0.05,9.328255532343903e-08,7.101908683241375e-07,1.1388488512071853,0.31558580732933533,8.362876197951266
0.05,9.328255532343903e-08,7.101908683241375e-07,1.1388488512071853,0.31558580732933533,9.660750725636895
0.05,9.234059241090314e-08,7.101908683241375e-07,1.1388488512071853,0.31558580732933533,9.660750725636895
0.05,9.234059241090314e-08,7.101908683241375e-07,1.0383754356174948,0.31558580732933533,9.220378157543959
0.05,9.234059241090314e-08,9.962871201321611e-08,1.0383754356174948,0.31558580732933533,9.385799027813562
0.05,9.716932904158567e-08,9.962871201321611e-08,1.0383754356174948,0.31558580732933533,8.974149034017797
0.05,9.716932904158567e-08,9.962871201321611e-08,1.0383754356174948,0.31558580732933533,8.974149034017797
0.05,9.716932904158567e-08,9.962871201321611e-08,0.8447977114489781,0.4495117317333832,9.015134460036387
0.05,1.0489761193827639e-07,9.962871201321611e-08,1.0014083173600687,0.4495117317333832,9.015134460036387
0.05,8.790534638369744e-08,6.55969633913758e-09,1.0014083173600687,0.2732538190377166,9.015134460036387
0.05,8.790534638369744e-08,1.7434052415401977e-08,1.762847972890194,0.44432217510190414,9.015134460036387
0.05,6.610048698434644e-08,1.7434052415401977e-08,1.762847972890194,0.44432217510190414,2.286681453994803
0.05,6.610048698434644e-08,6.324432338541395e-10,1.762847972890194,0.3283625554500194,2.1665651205453513
0.05,6.610048698434644e-08,1.5014106265396802e-09,1.762847972890194,0.3283625554500194,2.1665651205453513
0.05,6.610048698434644e-08,1.8249525208809297e-08,2.046721541577843,0.3283625554500194,7.571484687122919
0.05,6.610048698434644e-08,7.278288516028252e-09,2.046721541577843,0.3283625554500194,7.571484687122919
0.05,6.610048698434644e-08,7.278288516028252e-09,2.046721541577843,0.3283625554500194,7.571484687122919
0.05,6.610048698434644e-08,1.7401050660286158e-08,2.046721541577843,0.3283625554500194,3.1116086630122135
0.05,6.610048698434644e-08,3.2199236566689545e-07,1.8592590471814472,0.36542010337581826,3.1116086630122135
0.05,6.610048698434644e-08,1.922095747996287e-07,1.775276499616162,0.1631631587806764,3.53555063164483
0.05,6.610048698434644e-08,1.922095747996287e-07,1.368122012329422,0.3338828625636591,3.53555063164483
0.05,3.486082794964438e-08,1.922095747996287e-07,1.368122012329422,0.3338828625636591,3.53555063164483
0.05,3.282296980639413e-08,4.4186022404066974e-07,1.368122012329422,0.3187408597305368,9.5828976840405
0.05,3.282296980639413e-08,7.837192093157839e-06,1.368122012329422,0.11650868053889868,1.5900081186737383
0.05,3.282296980639413e-08,7.837192093157839e-06,1.368122012329422,0.11650868053889868,3.7667502027354356
0.05,3.282296980639413e-08,7.837192093157839e-06,1.368122012329422,0.23810410230964935,3.7667502027354356
0.05,3.282296980639413e-08,7.837192093157839e-06,2.2068189637189004,0.23810410230964935,3.7667502027354356
0.05,6.743792888697504e-08,7.837192093157839e-06,2.2068189637189004,0.23810410230964935,3.7667502027354356
0.05,5.095117645009159e-08,7.837192093157839e-06,2.2068189637189004,0.23810410230964935,3.7667502027354356
0.05,5.095117645009159e-08,7.837192093157839e-06,2.2068189637189004,0.3044769831883522,1.00052769738592
0.05,5.095117645009159e-08,7.837192093157839e-06,2.856137565046354,0.27026994978356167,1.00052769738592
0.05,5.095117645009159e-08,8.762713360679972e-06,1.956508270803691,0.27026994978356167,1.00052769738592
0.05,5.095117645009159e-08,8.762713360679972e-06,1.956508270803691,0.3930754577074021,5.2896701732640725
0.05,6.521301230485358e-08,8.762713360679972e-06,2.6772711154891873,0.3930754577074021,4.8472969321732995
0.05,7.102083658502803e-08,2.7477026175440413e-06,1.914130323800565,0.3930754577074021,5.775922899368332
0.05,7.329900219017281e-08,2.7477026175440413e-06,1.914130323800565,0.3930754577074021,5.775922899368332
0.05,6.604927587737014e-08,2.7477026175440413e-06,1.914130323800565,0.3930754577074021,5.775922899368332
0.05,6.604927587737014e-08,2.7477026175440413e-06,1.2513094381817493,0.42669115717827366,4.550992174151526
0.05,6.604927587737014e-08,2.7477026175440413e-06,1.7711941671149583,0.32010724520354555,4.246533502037198
0.05,6.604927587737014e-08,2.7477026175440413e-06,1.7711941671149583,0.32010724520354555,4.246533502037198
0.05,6.604927587737014e-08,2.7477026175440413e-06,1.7711941671149583,0.32010724520354555,4.246533502037198
0.05,7.217829976879353e-08,2.7477026175440413e-06,1.586953943983905,0.32010724520354555,4.246533502037198
0.05,7.217829976879353e-08,2.7477026175440413e-06,1.916531900703766,0.21705131781732287,2.5597382944603013
0.05,7.217829976879353e-08,2.7477026175440413e-06,2.0983318782048297,0.21705131781732287,2.5597382944603013
0.05,7.217829976879353e-08,2.7477026175440413e-06,2.0983318782048297,0.21705131781732287,2.3164727103353853
0.05,7.217829976879353e-08,1.0308406044997122e-07,2.0983318782048297,0.21705131781732287,1.81796010876044
0.05,5.478832132172803e-08,1.0308406044997122e-07,2.0983318782048297,0.21705131781732287,1.81796010876044
0.05,5.478832132172803e-08,1.0308406044997122e-07,1.7932368404724943,0.21705131781732287,1.81796010876044
0.05,5.478832132172803e-08,8.593059230549734e-08,1.7932368404724943,0.08355558314437568,1.81796010876044
0.05,5.478832132172803e-08,8.593059230549734e-08,1.7932368404724943,0.08355558314437568,1.81796010876044
0.05,5.478832132172803e-08,6.247119321024867e-07,1.7932368404724943,0.17508667959935295,1.81796010876044
0.05,5.478832132172803e-08,8.480080729801318e-07,1.7932368404724943,0.17508667959935295,5.411230610911062
0.05,5.478832132172803e-08,8.480080729801318e-07,1.7932368404724943,0.2941956157673272,4.399647274668652
0.05,5.478832132172803e-08,8.480080729801318e-07,1.7932368404724943,0.2941956157673272,4.399647274668652
0.05,5.478832132172803e-08,8.480080729801318e-07,1.7932368404724943,0.22918599962564956,6.2065646748428
0.05,5.478832132172803e-08,8.480080729801318e-07,1.7932368404724943,0.22918599962564956,6.2065646748428
0.05,5.924509474659683e-08,8.480080729801318e-07,1.7932368404724943,0.22918599962564956,2.495231167510008
0.05,5.924509474659683e-08,2.680375991106944e-07,1.5849788794011321,0.22918599962564956,2.495231167510008
0.05,5.924509474659683e-08,2.680375991106944e-07,1.5849788794011321,0.22918599962564956,2.495231167510008
0.05,5.61613107374162e-08,2.680375991106944e-07,1.5849788794011321,0.167825921397841,3.798934620295596
0.05,5.61613107374162e-08,2.680375991106944e-07,1.5849788794011321,0.167825921397841,3.798934620295596
0.05,5.3651768203077646e-08,2.680375991106944e-07,1.5849788794011321,0.19792531582252018,3.798934620295596
0.05,5.3651768203077646e-08,2.680375991106944e-07,1.5849788794011321,0.19792531582252018,3.798934620295596
0.05,5.3651768203077646e-08,2.680375991106944e-07,1.5849788794011321,0.19792531582252018,3.798934620295596
0.05,5.3651768203077646e-08,2.9404706896237254e-07,1.5849788794011321,0.19792531582252018,3.798934620295596
0.05,5.3651768203077646e-08,2.9404706896237254e-07,2.4861178326342026,0.3836314918706165,3.798934620295596
0.05,5.3651768203077646e-08,1.6734879384896573e-07,2.4861178326342026,0.45598110619920734,3.798934620295596
0.05,5.3651768203077646e-08,8.579550144242881e-08,2.4861178326342026,0.30934494269859236,3.798934620295596
0.05,5.3651768203077646e-08,8.579550144242881e-08,2.4861178326342026,0.30934494269859236,4.746541676424425
0.05,5.3651768203077646e-08,8.579550144242881e-08,1.3095089746544568,0.30934494269859236,4.746541676424425
0.05,5.3651768203077646e-08,8.579550144242881e-08,1.3095089746544568,0.30934494269859236,7.139989172570963
0.05,5.3651768203077646e-08,8.579550144242881e-08,1.6573415817701567,0.30934494269859236,7.754656567445859
0.05,4.94493177102993e-08,8.579550144242881e-08,1.5446753301341885,0.3652026894089058,7.754656567445859
0.05,4.94493177102993e-08,5.073464507376415e-06,1.5446753301341885,0.3652026894089058,6.643067404056961
0.05,4.94493177102993e-08,2.0122839388618808e-06,1.5446753301341885,0.3652026894089058,6.643067404056961
0.05,4.94493177102993e-08,2.0122839388618808e-06,1.5446753301341885,0.3652026894089058,6.643067404056961
0.05,4.94493177102993e-08,1.7793175710060878e-06,1.5446753301341885,0.3652026894089058,2.508425929234146
0.05,4.94493177102993e-08,6.934660704207146e-06,1.928065336855643,0.25606130014070355,0.572083670981423
0.05,4.94493177102993e-08,6.934660704207146e-06,3.408240576054464,0.25606130014070355,0.572083670981423
0.05,4.94493177102993e-08,6.934660704207146e-06,3.408240576054464,0.25606130014070355,0.572083670981423
0.05,7.315523491782956e-08,1.937499456389633e-06,1.8359056340316884,0.25606130014070355,1.0480495741588232
0.05,7.315523491782956e-08,1.937499456389633e-06,1.4914745246241277,0.25606130014070355,1.0480495741588232
0.05,7.315523491782956e-08,1.937499456389633e-06,1.4914745246241277,0.1970297779972888,1.0480495741588232
0.05,7.490734379119795e-08,1.937499456389633e-06,1.4914745246241277,0.10744812061237119,0.849930618485316
0.05,3.578884945806094e-08,1.937499456389633e-06,1.5342278835652796,0.0994697924887059,0.849930618485316
0.05,3.578884945806094e-08,1.937499456389633e-06,1.5342278835652796,0.0994697924887059,0.19798595820398515
0.05,3.578884945806094e-08,1.937499456389633e-06,3.3156563867051774,0.24563714717208068,0.19798595820398515
0.05,9.502401671098005e-08,1.937499456389633e-06,2.240264907183109,0.24563714717208068,0.19798595820398515
0.05,6.713558149889758e-08,1.937499456389633e-06,2.116825412673586,0.24563714717208068,6.1220027894522575
0.05,6.713558149889758e-08,1.937499456389633e-06,2.116825412673586,0.38024407550393063,6.1220027894522575
0.05,6.713558149889758e-08,3.12259597730261e-07,2.116825412673586,0.38024407550393063,1.2472962513129024
0.05,6.713558149889758e-08,2.102873140138306e-07,2.116825412673586,0.38024407550393063,1.2472962513129024
0.05,6.713558149889758e-08,2.102873140138306e-07,2.116825412673586,0.38024407550393063,5.830269407504959
0.05,5.3497874060313854e-08,2.102873140138306e-07,2.116825412673586,0.38024407550393063,5.830269407504959
0.05,5.3497874060313854e-08,2.102873140138306e-07,2.116825412673586,0.38024407550393063,5.830269407504959
0.05,5.759892346954115e-08,2.102873140138306e-07,2.7585138099569058,0.38024407550393063,4.325521797702539
0.05,5.759892346954115e-08,2.102873140138306e-07,2.823650763781036,0.38024407550393063,4.325521797702539
0.05,5.759892346954115e-08,1.4790975222720285e-06,2.823650763781036,0.3072493173482364,4.325521797702539
0.05,5.3779998505194665e-08,1.4790975222720285e-06,2.823650763781036,0.3072493173482364,3.9552159419607573
0.05,5.3779998505194665e-08,1.4638293446501973e-06,2.243871256690235,0.3072493173482364,3.9552159419607573
0.05,5.3779998505194665e-08,1.4638293446501973e-06,2.243871256690235,0.3072493173482364,3.9552159419607573
0.05,5.3779998505194665e-08,5.098526985594878e-07,2.243871256690235,0.3072493173482364,3.9552159419607573
0.05,5.3779998505194665e-08,5.098526985594878e-07,1.6280050897683207,0.3072493173482364,4.11019660857563
0.05,5.3779998505194665e-08,5.098526985594878e-07,1.6280050897683207,0.1270657584114838,4.11019660857563
0.05,5.3779998505194665e-08,5.098526985594878e-07,3.23912739505414,0.1270657584114838,1.4598996537904227
0.05,5.3779998505194665e-08,5.098526985594878e-07,1.5904385331295066,0.1270657584114838,1.4598996537904227
0.05,5.888053401032381e-08,5.098526985594878e-07,1.608435240630432,0.1270657584114838,1.4598996537904227
0.05,8.545558202719193e-08,2.0147998121048245e-06,1.608435240630432,0.1270657584114838,1.4598996537904227
0.05,8.545558202719193e-08,2.0147998121048245e-06,1.608435240630432,0.1270657584114838,1.4598996537904227
0.05,8.545558202719193e-08,2.0147998121048245e-06,1.608435240630432,0.1270657584114838,1.4598996537904227
0.05,5.5626233095069234e-08,2.0147998121048245e-06,2.1900690827004192,0.1270657584114838,1.4598996537904227
0.05,5.5626233095069234e-08,2.0147998121048245e-06,2.549546809360454,0.1270657584114838,0.6368246560501244
0.05,5.008043154370826e-08,2.0147998121048245e-06,1.8005392781962688,0.1270657584114838,0.4209232659983519
0.05,7.822021117397586e-08,2.0147998121048245e-06,1.8005392781962688,0.1270657584114838,3.9942403145835845
0.05,7.822021117397586e-08,2.0147998121048245e-06,1.8005392781962688,0.1270657584114838,1.6870737235351885
0.05,7.822021117397586e-08,2.0147998121048245e-06,1.8005392781962688,0.1270657584114838,5.550093783221339
0.05,7.822021117397586e-08,2.0147998121048245e-06,1.8005392781962688,0.19724606340117604,4.4394795395191124
0.05,7.822021117397586e-08,2.0147998121048245e-06,1.8005392781962688,0.15082878340387512,4.732153467085658
0.05,7.822021117397586e-08,2.0147998121048245e-06,1.0685002908952945,0.15082878340387512,4.732153467085658
0.05,6.620444109723455e-08,2.0147998121048245e-06,1.0685002908952945,0.15082878340387512,4.732153467085658
0.05,6.620444109723455e-08,2.0147998121048245e-06,1.3459899471362204,0.507842506444237,4.732153467085658
0.05,6.620444109723455e-08,2.0147998121048245e-06,1.3459899471362204,0.507842506444237,8.368762647168394
0.05,6.620444109723455e-08,8.429847673693673e-07,1.7474443520879965,0.3424664346608953,3.892817663264843
0.05,6.620444109723455e-08,8.429847673693673e-07,2.5151250162918757,0.3424664346608953,3.892817663264843
0.05,6.620444109723455e-08,8.429847673693673e-07,2.5151250162918757,0.3552709077194125,3.892817663264843
0.05,7.201599913743739e-08,8.429847673693673e-07,2.5151250162918757,0.32177883627396586,1.4798132630546046
0.05,7.201599913743739e-08,2.2132369574393847e-06,2.5151250162918757,0.32177883627396586,2.8426121603175556
0.05,7.201599913743739e-08,2.2132369574393847e-06,2.5151250162918757,0.3324858201271696,2.2124955022045603
0.05,7.092714796606712e-08,2.2132369574393847e-06,2.5151250162918757,0.3324858201271696,2.680527320640893
0.05,6.41695676702108e-08,2.2132369574393847e-06,2.5151250162918757,0.29076078901842334,2.680527320640893
0.05,5.3896861935742094e-08,2.2132369574393847e-06,2.5151250162918757,0.29076078901842334,2.680527320640893
0.05,8.288458667905787e-08,3.814624829728291e-06,2.0252414456834336,0.3143350576977616,2.680527320640893
0.05,8.288458667905787e-08,3.814624829728291e-06,2.0252414456834336,0.3143350576977616,2.680527320640893
0.05,8.288458667905787e-08,3.814624829728291e-06,2.0252414456834336,0.3143350576977616,2.680527320640893
0.05,8.288458667905787e-08,5.5968424107988765e-08,2.0252414456834336,0.3143350576977616,2.680527320640893
0.05,8.288458667905787e-08,7.274834478854466e-07,2.2024766109410057,0.3143350576977616,2.680527320640893
0.05,5.5170765350254006e-08,7.274834478854466e-07,2.2024766109410057,0.3143350576977616,2.680527320640893
0.05,4.8926422991240247e-08,7.274834478854466e-07,2.2024766109410057,0.3143350576977616,2.680527320640893
0.05,4.8926422991240247e-08,7.274834478854466e-07,2.2024766109410057,0.3143350576977616,2.680527320640893
0.05,4.8926422991240247e-08,7.274834478854466e-07,1.8802610087014209,0.2818088822093108,2.680527320640893
0.05,8.502132984863897e-08,8.00925270795883e-08,1.8802610087014209,0.35875606572186924,6.011610924338342
0.05,8.502132984863897e-08,2.2143123026247739e-07,1.8802610087014209,0.4264823284994903,3.7068225334192024
0.05,8.502132984863897e-08,1.1568505273226572e-06,1.8802610087014209,0.4264823284994903,5.419580708078692
0.05,4.582283417002283e-08,1.1568505273226572e-06,1.8802610087014209,0.4264823284994903,0.7902083153333855
0.05,3.685275092303292e-08,2.7168803511744987e-06,1.8802610087014209,0.4264823284994903,4.299293079929162
0.05,3.685275092303292e-08,2.7168803511744987e-06,1.8802610087014209,0.4264823284994903,4.977926102549082
0.05,4.139783648141161e-08,2.7168803511744987e-06,1.8802610087014209,0.4264823284994903,4.977926102549082
0.05,5.091739757425322e-08,2.7168803511744987e-06,1.8802610087014209,0.4264823284994903,4.977926102549082
0.05,5.091739757425322e-08,2.7168803511744987e-06,1.8802610087014209,0.4264823284994903,4.977926102549082
0.05,5.091739757425322e-08,2.656345887904305e-06,1.8802610087014209,0.4264823284994903,4.977926102549082
0.05,5.091739757425322e-08,2.656345887904305e-06,1.8802610087014209,0.4264823284994903,4.977926102549082
0.05,5.091739757425322e-08,2.656345887904305e-06,0.9884722568342845,0.37902887179149664,4.977926102549082
0.05,5.091739757425322e-08,3.2623715471517394e-08,2.231601619860944,0.37902887179149664,4.977926102549082
0.05,7.292870440404126e-08,2.143981255076202e-07,2.231601619860944,0.33613485681963057,4.977926102549082
0.05,7.292870440404126e-08,2.143981255076202e-07,2.231601619860944,0.33613485681963057,4.348412369278147
0.05,4.9825179267033534e-08,8.928126271861535e-07,1.5337241864531839,0.33613485681963057,4.348412369278147
0.05,6.237877059485797e-08,8.928126271861535e-07,1.8255871973707363,0.33613485681963057,2.3775693820199377
0.05,5.289414436373322e-08,8.928126271861535e-07,1.8255871973707363,0.33613485681963057,2.3997059115186494
0.05,5.289414436373322e-08,8.928126271861535e-07,1.9832437573938053,0.33613485681963057,2.3997059115186494
0.05,5.289414436373322e-08,2.663488261043153e-06,1.9832437573938053,0.33613485681963057,6.129308486666583
0.05,5.289414436373322e-08,2.663488261043153e-06,1.9832437573938053,0.33613485681963057,6.129308486666583
0.05,5.289414436373322e-08,2.663488261043153e-06,1.9832437573938053,0.33613485681963057,6.129308486666583
0.05,5.289414436373322e-08,5.639961642041249e-07,1.9832437573938053,0.33613485681963057,4.678376950792419
0.05,5.289414436373322e-08,1.0190612310467335e-07,1.9832437573938053,0.33613485681963057,4.678376950792419
0.05,5.289414436373322e-08,1.3449798739550307e-06,1.5675737803359338,0.33613485681963057,2.4913717696411646
0.05,5.253960074882337e-08,1.3449798739550307e-06,1.5675737803359338,0.33613485681963057,1.6269441790339003
0.05,6.615435019199734e-08,1.3449798739550307e-06,1.5675737803359338,0.5475303002878112,7.710828034738984
0.05,6.615435019199734e-08,3.0260590645044085e-07,1.4476910681172008,0.5475303002878112,7.710828034738984
0.05,6.615435019199734e-08,3.0260590645044085e-07,1.4476910681172008,0.5475303002878112,9.412264000253987
0.05,6.909277144214637e-08,3.0260590645044085e-07,1.1147545157398233,0.5475303002878112,9.844446194740556
0.05,7.783666824427268e-08,6.605172973840962e-07,1.1147545157398233,0.5475303002878112,9.844446194740556
0.05,7.783666824427268e-08,9.239155273188916e-08,1.1147545157398233,0.5212159293019067,9.786259840140639
0.05,7.783666824427268e-08,9.239155273188916e-08,1.1147545157398233,0.5212159293019067,9.786259840140639
0.05,7.783666824427268e-08,7.033354553151874e-08,1.1147545157398233,0.5212159293019067,4.486116327019889
0.05,7.783666824427268e-08,7.033354553151874e-08,1.8061295229915328,0.5212159293019067,4.486116327019889
0.05,7.783666824427268e-08,7.033354553151874e-08,1.4732299909843205,0.5212159293019067,4.486116327019889
0.05,7.783666824427268e-08,7.033354553151874e-08,2.4463660509061596,0.3021313779531013,5.744338560989705
0.05,7.783666824427268e-08,7.033354553151874e-08,2.4463660509061596,0.23043037152715096,0.8857033880489916
0.05,7.783666824427268e-08,6.527481166011049e-07,2.4463660509061596,0.2716754859769478,0.8857033880489916
0.05,7.783666824427268e-08,6.527481166011049e-07,2.4463660509061596,0.2716754859769478,2.4432869186777273
0.05,7.783666824427268e-08,6.527481166011049e-07,1.4850873852748294,0.2716754859769478,2.4432869186777273
0.05,7.783666824427268e-08,6.527481166011049e-07,2.082377473193483,0.2716754859769478,1.3318485800285553
0.05,7.783666824427268e-08,1.1025227229591796e-06,2.082377473193483,0.2716754859769478,1.3318485800285553
0.05,6.734661381589927e-08,1.1025227229591796e-06,2.082377473193483,0.2716754859769478,1.3318485800285553
0.05,6.734661381589927e-08,4.969293884751273e-06,2.082377473193483,0.2403135513768064,1.3318485800285553
0.05,6.734661381589927e-08,3.811845897992083e-07,1.6985172945979081,0.2403135513768064,1.3318485800285553
0.05,6.734661381589927e-08,3.811845897992083e-07,1.6985172945979081,0.2403135513768064,1.3318485800285553
0.05,6.734661381589927e-08,3.811845897992083e-07,2.5804314115706424,0.2403135513768064,1.3318485800285553
0.05,6.791149304060456e-08,3.811845897992083e-07,2.5804314115706424,0.28445593507593125,1.2931132513134056
0.05,6.791149304060456e-08,3.811845897992083e-07,2.5804314115706424,0.28445593507593125,1.2931132513134056
0.05,4.6285055198293465e-08,3.811845897992083e-07,2.5804314115706424,0.10968863275613643,1.2931132513134056
0.05,4.6285055198293465e-08,1.9979830035688206e-07,3.2966942635612173,0.1486231880662609,0.6901032933130318
0.05,4.6285055198293465e-08,1.9979830035688206e-07,3.2966942635612173,0.1486231880662609,0.6901032933130318
0.05,6.409993361586623e-08,1.9979830035688206e-07,2.362731917200678,0.24704617599849435,0.6901032933130318
0.05,6.409993361586623e-08,1.9979830035688206e-07,2.362731917200678,0.19813480743157627,0.6901032933130318
0.05,6.409993361586623e-08,7.840649254933383e-08,2.362731917200678,0.19813480743157627,5.4299622318348
0.05,6.409993361586623e-08,7.840649254933383e-08,1.1978679273276678,0.2536805579568312,5.4299622318348
0.05,6.409993361586623e-08,1.0700528243449102e-07,2.644918977459084,0.2536805579568312,5.4299622318348
0.05,6.409993361586623e-08,4.134354774309778e-08,1.2072867991283507,0.2536805579568312,5.4299622318348
0.05,6.409993361586623e-08,5.8633875243324505e-08,1.2072867991283507,0.2536805579568312,7.928082870192862
0.05,6.409993361586623e-08,6.763483110360698e-08,1.1938553577786373,0.27338583732892824,7.928082870192862
0.05,6.678254224407282e-08,3.301480764763473e-08,2.015375557256535,0.27338583732892824,8.456150084294288
0.05,6.678254224407282e-08,1.8109419438399476e-08,2.015375557256535,0.27338583732892824,0.13339931524024626
0.05,8.771084815736434e-08,2.0237145142194727e-08,2.015375557256535,0.06462097918465379,0.2910449601673299
0.05,5.0164892508681254e-08,2.0237145142194727e-08,1.0622564206033427,0.06462097918465379,0.2910449601673299
0.05,5.0164892508681254e-08,2.0237145142194727e-08,2.31802106135683,0.06462097918465379,0.2910449601673299
0.05,5.0164892508681254e-08,2.0237145142194727e-08,2.31802106135683,0.07032972978795331,0.16380160353578335
0.05,5.0164892508681254e-08,2.0237145142194727e-08,2.31802106135683,0.07032972978795331,0.5961113049666775
0.05,8.376829417569992e-08,7.616039031479633e-09,2.31802106135683,0.2593947752695448,0.5961113049666775
0.05,8.376829417569992e-08,7.616039031479633e-09,2.31802106135683,0.2593947752695448,0.5961113049666775
0.05,8.376829417569992e-08,3.826462697159205e-08,2.31802106135683,0.1247301135052016,1.0767187212248972
0.05,4.8539293495111404e-08,3.826462697159205e-08,1.4748859206678198,0.1247301135052016,1.0767187212248972
0.05,5.112631054396309e-08,3.826462697159205e-08,1.6263025140485008,0.20402827093332224,1.0767187212248972
0.05,5.112631054396309e-08,3.826462697159205e-08,1.6263025140485008,0.20402827093332224,0.5175218844208255
0.05,5.2184973347327457e-08,3.826462697159205e-08,1.8565832754030813,0.45550117635343973,0.5175218844208255
0.05,6.836175112884479e-08,3.826462697159205e-08,1.8565832754030813,0.10237627987362977,2.1352041599762135
0.05,6.836175112884479e-08,3.826462697159205e-08,1.8565832754030813,0.423531947727118,2.1352041599762135
0.05,6.836175112884479e-08,3.826462697159205e-08,1.4617171309969876,0.423531947727118,7.871746667387921
0.05,9.19948731165668e-08,3.7101511302006203e-07,1.4617171309969876,0.423531947727118,7.871746667387921
0.05,9.19948731165668e-08,3.7101511302006203e-07,1.4217547042925496,0.423531947727118,7.871746667387921
0.05,9.19948731165668e-08,3.7101511302006203e-07,1.4217547042925496,0.423531947727118,7.871746667387921
0.05,9.19948731165668e-08,3.7101511302006203e-07,1.4217547042925496,0.423531947727118,7.871746667387921
0.05,9.19948731165668e-08,1.900998460661011e-07,2.0209744188637138,0.423531947727118,6.934182203130639
0.05,4.190464183486124e-08,1.900998460661011e-07,2.0209744188637138,0.07374381606102483,2.775974640870106
0.05,4.190464183486124e-08,2.0871229622607496e-07,2.0209744188637138,0.07374381606102483,1.485648469919386
0.05,4.190464183486124e-08,2.0871229622607496e-07,2.0209744188637138,0.3082190537867356,1.485648469919386
0.05,4.190464183486124e-08,3.3531071447758256e-08,2.2325854455126017,0.45635431347506705,6.111307880526249
0.05,4.190464183486124e-08,3.3531071447758256e-08,2.2325854455126017,0.2814245789559608,6.111307880526249
0.05,4.190464183486124e-08,3.3531071447758256e-08,2.2325854455126017,0.2814245789559608,6.111307880526249
0.05,4.190464183486124e-08,5.111563968804642e-06,2.2325854455126017,0.2221610651784643,6.111307880526249
0.05,4.190464183486124e-08,5.111563968804642e-06,2.2325854455126017,0.2221610651784643,6.111307880526249
0.05,7.725192234350115e-08,5.111563968804642e-06,2.2325854455126017,0.540826676381506,6.111307880526249
0.05,7.725192234350115e-08,5.111563968804642e-06,0.8282164584248958,0.540826676381506,2.1774928337637767
0.05,5.7814144265335344e-08,1.4548847086686978e-06,0.7225141291999425,0.540826676381506,7.927126492489537
0.05,5.7814144265335344e-08,1.4548847086686978e-06,0.6537923388194017,0.540826676381506,7.762458161993441
0.05,5.373859517404583e-08,1.4548847086686978e-06,1.8509722410785696,0.1701961724233436,7.762458161993441
0.05,5.373859517404583e-08,8.731158267198742e-08,1.4385019928871694,0.6139817629843206,7.762458161993441
0.05,4.083084281537682e-08,8.731158267198742e-08,1.4385019928871694,0.1948490465434429,7.762458161993441
0.05,3.972684298643197e-08,2.4863762413619606e-07,1.4385019928871694,0.1948490465434429,4.0984952988019545
0.05,3.972684298643197e-08,2.4863762413619606e-07,1.94888707611609,0.2479655247051489,4.0984952988019545
0.05,7.301884737128988e-08,1.583103913633141e-07,1.94888707611609,0.2479655247051489,2.907977205971984
0.05,7.301884737128988e-08,1.583103913633141e-07,1.7800465096056972,0.3209019592115842,2.907977205971984
0.05,7.301884737128988e-08,1.1672088843183436e-06,2.8476001067417718,0.3209181582897677,2.907977205971984
0.05,7.301884737128988e-08,7.1324302266950946e-06,1.327956694055874,0.3209181582897677,2.907977205971984
0.05,7.301884737128988e-08,7.1324302266950946e-06,1.8515377619810214,0.15935147704851826,2.907977205971984
0.05,5.067287943565904e-08,8.623354544250659e-07,1.8515377619810214,0.15935147704851826,2.907977205971984
0.05,5.067287943565904e-08,8.623354544250659e-07,1.8515377619810214,0.15935147704851826,4.95652550693593
0.05,5.051817008562363e-08,8.623354544250659e-07,2.2145397171801293,0.15935147704851826,3.57552382283644
0.05,5.051817008562363e-08,1.471521658231501e-06,2.2145397171801293,0.15935147704851826,0.04874375696476754
0.05,5.051817008562363e-08,1.471521658231501e-06,2.2145397171801293,0.15935147704851826,0.04043007817348292
0.05,5.051817008562363e-08,1.471521658231501e-06,2.9506553305485523,0.15935147704851826,0.04043007817348292
0.05,6.952364910002454e-08,1.471521658231501e-06,3.0046496705623076,0.15935147704851826,0.04043007817348292
0.05,6.952364910002454e-08,3.1073510716265825e-07,3.0046496705623076,0.15935147704851826,1.4176287171941384
0.05,6.952364910002454e-08,1.9876361256516822e-07,3.0046496705623076,0.22167520427520843,2.2166221237211383
0.05,5.5757772960388364e-08,3.386917995403057e-07,2.7911486393587284,0.22167520427520843,2.2166221237211383
0.05,5.5757772960388364e-08,3.386917995403057e-07,2.7911486393587284,0.20722581679556426,2.2166221237211383
0.05,5.5757772960388364e-08,5.8431424882898335e-06,2.7911486393587284,0.20722581679556426,2.2166221237211383
0.05,5.4979885304941846e-08,5.8431424882898335e-06,2.7911486393587284,0.20722581679556426,2.8343489102479107
0.05,5.4979885304941846e-08,5.8431424882898335e-06,2.468963963444094,0.20722581679556426,0.14437621290844965
0.05,5.4979885304941846e-08,5.8431424882898335e-06,2.468963963444094,0.20722581679556426,0.26363456977976807
0.05,5.5795421564358825e-08,5.8431424882898335e-06,2.468963963444094,0.2333902760774246,0.17496763325270118
0.05,5.5795421564358825e-08,5.8431424882898335e-06,2.468963963444094,0.2333902760774246,0.17496763325270118
0.05,5.5795421564358825e-08,5.8431424882898335e-06,2.468963963444094,0.368347214733035,0.17496763325270118
0.05,5.5795421564358825e-08,1.6698668971708103e-06,2.468963963444094,0.368347214733035,4.2274096671636805
0.05,5.5795421564358825e-08,8.233063043106308e-07,2.709163466085352,0.368347214733035,4.2274096671636805
0.05,5.5795421564358825e-08,8.233063043106308e-07,2.709163466085352,0.368347214733035,4.2274096671636805
0.05,5.5795421564358825e-08,8.966671752330192e-07,2.709163466085352,0.29152037156472976,0.08195940455341019
0.05,5.5795421564358825e-08,8.966671752330192e-07,1.617008300052868,0.29152037156472976,0.08195940455341019
0.05,5.5795421564358825e-08,8.966671752330192e-07,1.617008300052868,0.29152037156472976,0.08195940455341019
0.05,5.5795421564358825e-08,8.966671752330192e-07,1.617008300052868,0.240338931785789,5.680949261278119
0.05,3.632547256039024e-08,3.509907160682777e-07,1.617008300052868,0.240338931785789,5.680949261278119
0.05,3.632547256039024e-08,3.509907160682777e-07,1.617008300052868,0.240338931785789,2.9483137350029347
0.05,8.158745267498262e-08,3.509907160682777e-07,1.6259487871964216,0.2587271031219585,2.7133002759847695
0.05,8.158745267498262e-08,1.3028309247929103e-06,1.5451251686412122,0.2587271031219585,3.456840597596726
0.05,8.158745267498262e-08,3.2224236722980342e-06,1.2048994080093913,0.2587271031219585,3.456840597596726
0.05,8.158745267498262e-08,2.496406899986849e-06,1.2048994080093913,0.3339356721551355,4.257425126713447
0.05,8.158745267498262e-08,2.496406899986849e-06,1.673438640258721,0.06600744289026654,4.257425126713447
0.05,8.158745267498262e-08,2.496406899986849e-06,1.673438640258721,0.06330926409841214,4.257425126713447
0.05,7.029086473206358e-08,3.3298713419729446e-06,1.673438640258721,0.27287988574729044,0.3807050367809214
0.05,5.388612614940642e-08,3.3298713419729446e-06,2.0354646985018494,0.09390792671634071,0.3807050367809214
0.05,6.838759372072601e-08,3.3298713419729446e-06,2.0354646985018494,0.09390792671634071,0.3807050367809214
0.05,6.838759372072601e-08,1.0311480679784217e-06,3.346848966644467,0.09434255218707603,0.525627804328102
0.05,6.838759372072601e-08,1.0311480679784217e-06,3.346848966644467,0.09434255218707603,0.525627804328102
0.05,6.838759372072601e-08,1.0311480679784217e-06,3.532929042084457,0.11284331006566177,0.525627804328102
0.05,6.838759372072601e-08,1.0311480679784217e-06,1.1075535817476214,0.11284331006566177,0.525627804328102
0.05,6.838759372072601e-08,1.0311480679784217e-06,1.1075535817476214,0.11103370063469206,0.525627804328102
0.05,4.8296557054210506e-08,1.0097654093268175e-06,1.1075535817476214,0.17177432107602944,3.9311239937257296
0.05,4.8296557054210506e-08,1.0097654093268175e-06,1.1075535817476214,0.17177432107602944,9.270081533463658
0.05,4.8296557054210506e-08,3.3771866256047723e-06,1.280615738371902,0.26610800308461774,9.270081533463658
0.05,7.132471719537717e-08,3.3794124860513246e-07,1.734528201105861,0.33925642921306975,8.19718035423601
0.05,7.132471719537717e-08,3.3794124860513246e-07,1.734528201105861,0.37951661324462554,8.19718035423601
0.05,7.132471719537717e-08,1.6535427568434466e-07,1.734528201105861,0.5706456033616185,8.19718035423601
0.05,7.132471719537717e-08,1.0200357436377997e-07,1.0670627479992503,0.34046197051111615,8.19718035423601
0.05,5.966868382853927e-08,7.345203890524611e-06,1.0670627479992503,0.34046197051111615,8.19718035423601
0.05,5.966868382853927e-08,1.848091224885499e-07,1.75795581441546,0.3241717736187553,8.19718035423601
0.05,4.5935543825845316e-08,2.6445429117368265e-06,1.75795581441546,0.3241717736187553,7.290772506486741
0.05,4.5935543825845316e-08,1.202191861624434e-07,1.75795581441546,0.3241717736187553,7.290772506486741
0.05,6.120471880104272e-08,1.5981144998572e-06,1.75795581441546,0.3241717736187553,7.290772506486741
0.05,6.120471880104272e-08,1.5981144998572e-06,1.3182397088045208,0.3241717736187553,8.031285624689366
0.05,6.120471880104272e-08,1.5981144998572e-06,1.5588433664601664,0.3241717736187553,3.3554682906417104
0.05,6.120471880104272e-08,1.5981144998572e-06,2.1222424409624403,0.3241717736187553,3.3554682906417104
0.05,6.120471880104272e-08,9.91200223757397e-07,2.1222424409624403,0.3241717736187553,3.3554682906417104
0.05,6.120471880104272e-08,9.91200223757397e-07,2.1222424409624403,0.38583043135288037,3.510733078159285
0.05,6.120471880104272e-08,9.91200223757397e-07,2.1222424409624403,0.38583043135288037,3.510733078159285
0.05,6.120471880104272e-08,9.91200223757397e-07,1.7077858277581397,0.38583043135288037,3.510733078159285
0.05,6.120471880104272e-08,9.91200223757397e-07,2.0407205592828532,0.38583043135288037,3.510733078159285
0.05,6.120471880104272e-08,9.91200223757397e-07,2.0407205592828532,0.38583043135288037,3.510733078159285
0.05,6.120471880104272e-08,9.91200223757397e-07,2.0407205592828532,0.31719368832732686,3.510733078159285
0.05,6.120471880104272e-08,9.91200223757397e-07,2.7126258030986254,0.31719368832732686,3.401118015182927
0.05,6.070642991918522e-08,9.91200223757397e-07,2.7126258030986254,0.23869269045422015,3.401118015182927
0.05,6.070642991918522e-08,2.51966029039411e-07,2.2562292094477834,0.3113157303841381,3.401118015182927
0.05,6.990036771984769e-08,1.0140793979266566e-07,2.54756865553855,0.3113157303841381,0.16488362483118146
0.05,6.990036771984769e-08,3.328688323758699e-08,2.54756865553855,0.11627862925213779,0.7927094865365372
0.05,6.990036771984769e-08,8.769771009281778e-08,2.54756865553855,0.11627862925213779,0.637204178586967
0.05,6.990036771984769e-08,1.6938173956213295e-08,2.54756865553855,0.11627862925213779,0.637204178586967
0.05,6.990036771984769e-08,2.5150137451895464e-07,2.54756865553855,0.11627862925213779,2.3021869780297184
0.05,6.990036771984769e-08,2.5150137451895464e-07,3.1512940284937043,0.11627862925213779,2.3021869780297184
0.05,5.8606564258069455e-08,2.5150137451895464e-07,3.3297288894648607,0.23791064700034423,0.18267814724704468
0.05,5.8606564258069455e-08,2.5150137451895464e-07,3.3297288894648607,0.23791064700034423,0.18267814724704468
0.05,5.8606564258069455e-08,2.5150137451895464e-07,3.3297288894648607,0.23791064700034423,0.19811405861493248
0.05,5.8606564258069455e-08,3.810371860290304e-07,3.152147823472524,0.23791064700034423,0.19811405861493248
0.05,5.8606564258069455e-08,3.810371860290304e-07,3.8512300179207957,0.23791064700034423,0.19811405861493248
0.05,5.8606564258069455e-08,4.44833756414123e-06,3.8512300179207957,0.23791064700034423,0.19811405861493248
0.05,5.8606564258069455e-08,4.7921374997908095e-06,2.67145807264085,0.23791064700034423,0.19811405861493248
0.05,5.8606564258069455e-08,4.7921374997908095e-06,3.1237248651854137,0.15610744433440504,0.19811405861493248
0.05,5.8606564258069455e-08,1.7801027766070884e-06,3.1237248651854137,0.2175032719660302,0.19811405861493248
0.05,5.8606564258069455e-08,1.7801027766070884e-06,3.1237248651854137,0.2175032719660302,0.19811405861493248
0.05,5.8606564258069455e-08,2.4447895908517357e-06,3.1237248651854137,0.2175032719660302,0.19811405861493248
0.05,5.8606564258069455e-08,2.4447895908517357e-06,3.1237248651854137,0.20164666039531975,0.19811405861493248
0.05,5.8606564258069455e-08,2.4447895908517357e-06,3.1237248651854137,0.2016365087403385,0.19811405861493248
0.05,6.99385798782333e-08,2.4447895908517357e-06,2.9713076764170783,0.1491258973324662,0.19811405861493248
0.05,6.99385798782333e-08,2.4447895908517357e-06,2.9713076764170783,0.09015654172081701,0.19811405861493248
0.05,6.99385798782333e-08,2.9528792680699746e-06,1.2235562844536214,0.13322682488418572,0.8372592030597764
0.05,6.99385798782333e-08,2.2699784302012184e-06,1.2235562844536214,0.16640053148485207,0.8372592030597764
0.05,6.99385798782333e-08,1.2672164598095035e-06,1.2235562844536214,0.16640053148485207,0.8372592030597764
0.05,6.99385798782333e-08,1.2672164598095035e-06,1.2235562844536214,0.16640053148485207,7.523364462265376
0.05,6.99385798782333e-08,1.2672164598095035e-06,1.4902019543957203,0.17456058824766887,2.280026081609562
0.05,6.99385798782333e-08,1.2672164598095035e-06,1.4902019543957203,0.17456058824766887,2.280026081609562
0.05,6.99385798782333e-08,1.2672164598095035e-06,1.6305910663083214,0.24599638033708904,2.280026081609562
0.05,5.98639361399329e-08,1.2672164598095035e-06,1.6305910663083214,0.24599638033708904,6.277720551143785
0.05,5.98639361399329e-08,1.0107779657185206e-06,1.6305910663083214,0.24599638033708904,6.277720551143785
0.05,8.031332873657463e-08,1.0107779657185206e-06,1.6305910663083214,0.24599638033708904,6.277720551143785
0.05,8.031332873657463e-08,1.0107779657185206e-06,1.6305910663083214,0.24599638033708904,6.277720551143785
0.05,8.031332873657463e-08,1.0107779657185206e-06,1.6305910663083214,0.24599638033708904,6.277720551143785
0.05,6.458566269309612e-08,1.0107779657185206e-06,1.0703622045517134,0.24599638033708904,3.71016510861374
0.05,8.722163058766662e-08,1.0107779657185206e-06,1.0703622045517134,0.21614370734285343,3.71016510861374
0.05,8.722163058766662e-08,1.1197115765698683e-07,1.0703622045517134,0.21439467394682432,5.715590524614375
0.05,8.722163058766662e-08,1.1234025644408731e-06,1.3688556709577036,0.40721162405051,5.715590524614375
0.05,6.145851221867534e-08,1.1234025644408731e-06,1.3688556709577036,0.40721162405051,5.715590524614375
0.05,6.145851221867534e-08,1.1234025644408731e-06,1.3688556709577036,0.40721162405051,4.905303795695359
0.05,6.145851221867534e-08,1.1234025644408731e-06,1.3688556709577036,0.40721162405051,3.6508069275297874
0.05,6.145851221867534e-08,1.1234025644408731e-06,1.3688556709577036,0.6122021712283735,9.501780679328215
0.05,6.145851221867534e-08,1.1234025644408731e-06,1.722752604513082,0.6122021712283735,9.501780679328215
0.05,6.145851221867534e-08,2.643142055272412e-06,1.7451523570683822,0.6122021712283735,9.40918790390153
0.05,6.145851221867534e-08,2.643142055272412e-06,1.421859126018816,0.30106391376145575,7.743460094292951
0.05,6.145851221867534e-08,2.643142055272412e-06,2.5788255295461266,0.30106391376145575,2.1076804559100526
0.05,6.145851221867534e-08,4.011354237666853e-06,1.686407914425085,0.28506913457506533,4.699596164166893
0.05,7.280824302483078e-08,1.5031922824236692e-06,1.686407914425085,0.28506913457506533,2.562525267331303
0.05,7.280824302483078e-08,7.447234897846342e-07,1.686407914425085,0.28506913457506533,2.562525267331303
0.05,5.1052069613383976e-08,7.447234897846342e-07,1.686407914425085,0.3086576350880898,6.656754434876988
0.05,4.688348816727346e-08,5.170421212402832e-06,1.686407914425085,0.3086576350880898,4.437961817507794
0.05,4.688348816727346e-08,5.170421212402832e-06,2.280771023490018,0.3086576350880898,4.437961817507794
0.05,4.688348816727346e-08,5.170421212402832e-06,1.7619865133075032,0.3086576350880898,2.046443584144732
0.05,4.688348816727346e-08,5.170421212402832e-06,1.7619865133075032,0.3086576350880898,2.046443584144732
0.05,6.546727620744559e-08,1.0611533354847999e-06,2.359257796597238,0.3086576350880898,0.08511057294497634
0.05,6.546727620744559e-08,7.281160844156622e-06,2.359257796597238,0.3086576350880898,0.5054541827323905
0.05,4.0270954348234226e-08,7.281160844156622e-06,2.359257796597238,0.3086576350880898,0.5054541827323905
0.05,6.338690818993101e-08,7.281160844156622e-06,2.359257796597238,0.3086576350880898,0.5054541827323905
0.05,6.338690818993101e-08,9.874489987432584e-07,2.359257796597238,0.3086576350880898,0.5054541827323905
0.05,6.338690818993101e-08,1.968649435856678e-06,2.359257796597238,0.3086576350880898,0.5054541827323905
0.05,6.338690818993101e-08,1.968649435856678e-06,2.2880551939791802,0.3086576350880898,2.7143790778120973
0.05,6.338690818993101e-08,1.968649435856678e-06,2.2880551939791802,0.3086576350880898,0.010426639608559348
0.05,6.338690818993101e-08,1.968649435856678e-06,2.086996294714872,0.3086576350880898,0.2367334962330888
0.05,6.338690818993101e-08,1.968649435856678e-06,1.7830789802388092,0.3086576350880898,0.16728491035693904
0.05,6.338690818993101e-08,1.968649435856678e-06,1.7830789802388092,0.1496523647141861,0.16728491035693904
0.05,6.338690818993101e-08,2.4752348392989093e-06,1.7830789802388092,0.4881634723027691,6.148302538488726
0.05,6.338690818993101e-08,2.4752348392989093e-06,1.7705437023580064,0.4881634723027691,6.148302538488726
0.05,6.338690818993101e-08,2.4752348392989093e-06,1.7705437023580064,0.4881634723027691,6.148302538488726
0.05,6.338690818993101e-08,2.4752348392989093e-06,1.7705437023580064,0.2224928913912548,6.148302538488726
0.05,6.338690818993101e-08,2.4752348392989093e-06,1.7705437023580064,0.2224928913912548,6.148302538488726
0.05,6.338690818993101e-08,2.4752348392989093e-06,1.7705437023580064,0.2224928913912548,4.304908589291467
0.05,6.338690818993101e-08,2.4752348392989093e-06,1.7705437023580064,0.2224928913912548,4.304908589291467
0.05,6.338690818993101e-08,2.4752348392989093e-06,1.7705437023580064,0.2224928913912548,4.304908589291467
0.05,6.338690818993101e-08,2.4752348392989093e-06,1.7705437023580064,0.4581072116310915,4.304908589291467
0.05,6.338690818993101e-08,2.4752348392989093e-06,1.7705437023580064,0.4581072116310915,4.304908589291467
0.05,6.338690818993101e-08,2.4752348392989093e-06,1.8003228059939724,0.4581072116310915,4.304908589291467
0.05,5.899373819522282e-08,2.4752348392989093e-06,1.8003228059939724,0.4581072116310915,7.655857468780171
0.05,5.899373819522282e-08,7.064929793914376e-06,1.4305669562326142,0.4581072116310915,7.655857468780171
0.05,7.760478050328652e-08,7.064929793914376e-06,1.4305669562326142,0.4581072116310915,7.655857468780171
0.05,7.760478050328652e-08,1.0058244171323376e-06,1.4305669562326142,0.1944970188937227,0.36530397083098565
0.05,7.760478050328652e-08,2.1708348904630418e-06,1.4305669562326142,0.1944970188937227,0.36530397083098565
0.05,6.962605858231231e-08,2.1708348904630418e-06,1.4305669562326142,0.1944970188937227,1.1627240924509799
0.05,6.962605858231231e-08,1.07877701441599e-06,1.4305669562326142,0.1944970188937227,1.1627240924509799
0.05,6.962605858231231e-08,1.07877701441599e-06,1.4305669562326142,0.1944970188937227,1.1627240924509799
0.05,6.962605858231231e-08,1.07877701441599e-06,1.4305669562326142,0.07636377122240738,1.1627240924509799
0.05,6.962605858231231e-08,1.07877701441599e-06,2.4253589428255236,0.07636377122240738,1.1627240924509799
0.05,6.962605858231231e-08,4.6814511366846014e-06,2.4253589428255236,0.12038909206021702,1.1627240924509799
0.05,6.962605858231231e-08,4.6814511366846014e-06,2.433292915005544,0.12038909206021702,0.06281094882374505
0.05,6.962605858231231e-08,4.6814511366846014e-06,2.694096831266672,0.12038909206021702,0.08658344011532165
0.05,6.962605858231231e-08,4.6814511366846014e-06,2.187695567579277,0.18421650375182758,0.7967563192752468
0.05,3.679525257328431e-08,4.6814511366846014e-06,2.187695567579277,0.18421650375182758,0.7967563192752468
0.05,3.679525257328431e-08,4.6814511366846014e-06,2.187695567579277,0.16283938259605196,1.5180929684777986
0.05,3.679525257328431e-08,4.6814511366846014e-06,2.187695567579277,0.17774769931238574,1.5180929684777986
0.05,7.323969432349243e-08,4.6814511366846014e-06,2.187695567579277,0.2725394133917103,3.00886411337871
0.05,7.323969432349243e-08,4.6814511366846014e-06,2.187695567579277,0.2725394133917103,3.00886411337871
0.05,7.323969432349243e-08,4.6814511366846014e-06,2.187695567579277,0.15337623763433755,3.00886411337871
0.05,7.323969432349243e-08,4.6814511366846014e-06,3.22373816110692,0.15337623763433755,0.5951210135967974
0.05,4.950382549218086e-08,6.474964100936359e-06,3.07781321921114,0.07847431438581277,1.2449848616422867
0.05,4.950382549218086e-08,1.338712121468682e-05,3.07781321921114,0.19839550638461714,1.2449848616422867
0.05,4.950382549218086e-08,3.889083885604117e-07,2.26596848500927,0.19839550638461714,1.2449848616422867
0.05,4.950382549218086e-08,3.889083885604117e-07,2.001282152814186,0.2802342367185111,1.2449848616422867
0.05,4.950382549218086e-08,6.474273213629294e-07,2.001282152814186,0.4421696962567276,7.924574505914503
0.05,4.950382549218086e-08,6.474273213629294e-07,1.5566416418519502,0.5845940198026163,7.924574505914503
0.05,4.950382549218086e-08,7.708436058602475e-07,1.5566416418519502,0.4402961511600789,7.924574505914503
0.05,4.955524659734545e-08,7.708436058602475e-07,1.5566416418519502,0.5621152429240244,8.901134406381612
0.05,7.427086152999058e-08,7.708436058602475e-07,1.5566416418519502,0.5621152429240244,8.901134406381612
0.05,7.427086152999058e-08,6.163970870157351e-07,1.304999663001325,0.5621152429240244,8.901134406381612
0.05,7.427086152999058e-08,6.163970870157351e-07,1.304999663001325,0.5621152429240244,7.580269069093271
0.05,7.427086152999058e-08,6.163970870157351e-07,1.955854013409755,0.5274868253896192,7.580269069093271
0.05,8.034625322168982e-08,6.163970870157351e-07,1.4173626273280473,0.288275199835038,7.580269069093271
0.05,8.034625322168982e-08,5.853582154586194e-07,1.4173626273280473,0.1704884173706014,7.580269069093271
0.05,8.213942631722635e-08,5.853582154586194e-07,1.9210949316012118,0.39339849405576083,7.580269069093271
0.05,7.459065738935946e-08,6.060385225682393e-07,1.9210949316012118,0.5558068050835304,8.964803814069707
0.05,7.459065738935946e-08,2.533920674921773e-06,1.2844408565640466,0.5558068050835304,7.030521417740275
0.05,6.616886555047512e-08,2.533920674921773e-06,1.2844408565640466,0.317850685473472,7.030521417740275
0.05,6.616886555047512e-08,2.533920674921773e-06,1.7542078058586927,0.317850685473472,7.030521417740275
0.05,6.616886555047512e-08,2.533920674921773e-06,2.0738333154715454,0.317850685473472,1.6921116631889572
0.05,6.616886555047512e-08,2.533920674921773e-06,2.0738333154715454,0.17790756351248355,1.6921116631889572
0.05,6.616886555047512e-08,2.533920674921773e-06,2.0738333154715454,0.12704560490037528,1.6921116631889572
0.05,6.616886555047512e-08,2.533920674921773e-06,2.0738333154715454,0.4894597047931416,1.9096664755449608
0.05,4.552975359096293e-08,2.533920674921773e-06,2.0738333154715454,0.4894597047931416,6.891557469940838
0.05,4.552975359096293e-08,2.533920674921773e-06,2.0738333154715454,0.2967456290928415,6.891557469940838
0.05,4.552975359096293e-08,2.533920674921773e-06,2.0738333154715454,0.36353689587817467,6.891557469940838
0.05,4.552975359096293e-08,2.533920674921773e-06,2.0738333154715454,0.36353689587817467,6.891557469940838
0.05,4.552975359096293e-08,2.533920674921773e-06,2.0738333154715454,0.36823645084195744,6.891557469940838
0.05,4.5722541168781374e-08,2.533920674921773e-06,2.0738333154715454,0.2519611465129903,6.891557469940838
0.05,4.5698070802019955e-08,2.533920674921773e-06,1.9971579347781483,0.2519611465129903,5.2242593046896335
0.05,4.5698070802019955e-08,2.533920674921773e-06,1.9971579347781483,0.2519611465129903,5.2242593046896335
0.05,6.064421706496513e-08,2.533920674921773e-06,1.9971579347781483,0.2519611465129903,6.39107365391407
0.05,6.064421706496513e-08,2.533920674921773e-06,1.9971579347781483,0.2519611465129903,6.39107365391407
0.05,6.064421706496513e-08,2.533920674921773e-06,1.6780706027524523,0.36833969031931574,6.39107365391407
0.05,6.064421706496513e-08,2.533920674921773e-06,1.6780706027524523,0.36833969031931574,7.539525234329504
0.05,4.609768113427302e-08,2.533920674921773e-06,1.6780706027524523,0.36833969031931574,8.267745791903833
0.05,4.609768113427302e-08,2.533920674921773e-06,1.6780706027524523,0.018540563814570303,0.6971076121470008
0.05,4.609768113427302e-08,2.533920674921773e-06,1.6780706027524523,0.018540563814570303,0.6971076121470008
0.05,4.609768113427302e-08,3.9545233600732875e-07,1.6780706027524523,0.03184929391149435,0.08863619711124421
0.05,7.548031544444475e-08,3.9545233600732875e-07,1.6780706027524523,0.04682952790690978,0.9085479265846226
0.05,7.548031544444475e-08,3.9545233600732875e-07,1.6780706027524523,0.07172138122432418,0.9085479265846226
0.05,7.548031544444475e-08,5.092528055106671e-07,2.8070404637078914,0.07172138122432418,0.9085479265846226
0.05,7.548031544444475e-08,1.7498899039296837e-06,2.8070404637078914,0.04537375026704585,1.9831454122337253
0.05,7.548031544444475e-08,1.979668502838623e-06,0.9547450019035937,0.04537375026704585,1.9831454122337253
0.05,5.2191149484338354e-08,1.979668502838623e-06,0.9926652428735612,0.05843118835516469,4.915817256456355
0.05,5.2191149484338354e-08,1.979668502838623e-06,0.9926652428735612,0.05206275264592098,8.574007478276641
0.05,5.2191149484338354e-08,1.285728233969297e-06,0.9926652428735612,0.08044124929004048,9.483566994209303
0.05,5.2191149484338354e-08,2.098222937761514e-07,1.0014084705895143,0.10185421145044253,9.483566994209303
0.05,5.4256343723772276e-08,2.098222937761514e-07,1.0014084705895143,0.23641610648050113,9.799066660691246
0.05,4.911473135549724e-08,2.098222937761514e-07,1.0014084705895143,0.677630790446946,9.169590232552089
0.05,4.911473135549724e-08,2.098222937761514e-07,1.0014084705895143,0.677630790446946,9.719252371341282
0.05,4.911473135549724e-08,2.098222937761514e-07,1.7839855578062072,0.5694832411601627,9.719252371341282
0.05,4.2343790784393323e-08,2.098222937761514e-07,1.7839855578062072,0.6641170336407313,7.5624208210599555
0.05,4.2343790784393323e-08,2.098222937761514e-07,1.2693354116496336,0.6641170336407313,7.5624208210599555
0.05,4.996386076011597e-08,2.098222937761514e-07,1.8819199292915145,0.37139392737798693,7.5624208210599555
0.05,4.8032525833583925e-08,2.098222937761514e-07,1.8819199292915145,0.37139392737798693,7.5624208210599555
0.05,4.198005557634709e-08,2.098222937761514e-07,1.8819199292915145,0.37139392737798693,7.5624208210599555
0.05,3.941073816586985e-08,2.098222937761514e-07,2.186191372368878,0.37139392737798693,7.5624208210599555
0.05,7.316082543309124e-08,2.098222937761514e-07,2.186191372368878,0.37139392737798693,7.5624208210599555
0.05,7.825125609827598e-08,2.098222937761514e-07,2.186191372368878,0.17984521783107557,0.9732820860031124
0.05,7.825125609827598e-08,5.4351629422037475e-08,2.186191372368878,0.19082857909199938,0.9732820860031124
0.05,7.825125609827598e-08,5.4351629422037475e-08,2.141745915224132,0.4278455167583538,2.4594713753466264
0.05,7.825125609827598e-08,7.629024398024287e-08,1.6151250818359852,0.259098788607302,2.4594713753466264
0.05,7.825125609827598e-08,4.05760795225972e-08,2.1557375271402806,0.2876619388560824,2.4594713753466264
0.05,7.825125609827598e-08,5.236631361335811e-06,1.8703970579882534,0.2876619388560824,2.4594713753466264
0.05,5.621975175337173e-08,5.236631361335811e-06,2.1367391550339847,0.3895379520200153,5.256924248906722
0.05,5.621975175337173e-08,1.5115484291945688e-06,2.1367391550339847,0.44823173017171863,5.256924248906722
0.05,5.2913690212794046e-08,1.5115484291945688e-06,2.525290960218209,0.26072254952382273,5.256924248906722
0.05,5.2913690212794046e-08,1.5115484291945688e-06,2.525290960218209,0.26072254952382273,5.256924248906722
0.05,5.0632714100358186e-08,5.552307059855345e-07,2.525290960218209,0.26072254952382273,1.2774865735357137
0.05,5.0632714100358186e-08,5.552307059855345e-07,2.525290960218209,0.26072254952382273,1.2774865735357137
0.05,5.739448330146842e-08,5.552307059855345e-07,2.525290960218209,0.2587396893967622,1.7610882653695503
0.05,5.739448330146842e-08,5.552307059855345e-07,2.525290960218209,0.1872046586606152,1.4066282318044656
0.05,5.2911906557484396e-08,8.737587737149007e-06,2.525290960218209,0.1872046586606152,1.4066282318044656
0.05,5.2911906557484396e-08,3.4654523784690343e-06,2.525290960218209,0.1872046586606152,0.13411084196996026
0.05,5.2911906557484396e-08,3.4654523784690343e-06,2.525290960218209,0.19446626885814694,1.934052105119581
0.05,5.2911906557484396e-08,3.4654523784690343e-06,2.427791641580725,0.16178119876336977,1.934052105119581
0.05,5.2911906557484396e-08,3.4654523784690343e-06,2.427791641580725,0.360991687244248,1.934052105119581
0.05,6.353503801958385e-08,3.4654523784690343e-06,2.427791641580725,0.360991687244248,0.7051912592654093
0.05,5.898176829762663e-08,3.4427786629696064e-06,2.427791641580725,0.360991687244248,7.120834966541113
0.05,5.898176829762663e-08,3.2877206071280205e-07,2.014901712524954,0.360991687244248,8.83335128092426
0.05,5.898176829762663e-08,3.2877206071280205e-07,2.014901712524954,0.4720131745895595,8.83335128092426
0.05,5.898176829762663e-08,3.2877206071280205e-07,2.014901712524954,0.4720131745895595,8.83335128092426
0.05,7.202500675232064e-08,3.2877206071280205e-07,2.014901712524954,0.4720131745895595,7.628825417974639
0.05,7.202500675232064e-08,1.353273966773157e-07,2.3627894901641553,0.4720131745895595,5.992055580576482
0.05,4.227363400423546e-08,1.529054044007585e-06,2.496045463369393,0.4977035153165211,5.992055580576482
0.05,7.670596398445357e-08,1.529054044007585e-06,2.3163828035229894,0.4977035153165211,5.992055580576482
0.05,7.670596398445357e-08,2.813617511693077e-07,2.3163828035229894,0.3153623177602474,5.992055580576482
0.05,7.670596398445357e-08,2.813617511693077e-07,2.3163828035229894,0.3153623177602474,5.992055580576482
0.05,7.670596398445357e-08,2.813617511693077e-07,1.2915918383919491,0.5030452857625982,5.7487837816319765
0.05,7.670596398445357e-08,2.813617511693077e-07,1.2915918383919491,0.5030452857625982,5.7487837816319765
0.05,7.670596398445357e-08,2.813617511693077e-07,1.3969955799220903,0.5686971631512533,7.061429398158689
0.05,7.670596398445357e-08,2.813617511693077e-07,2.2524320913607636,0.5686971631512533,5.692096300191345
0.05,7.670596398445357e-08,2.813617511693077e-07,1.5787458051318097,0.5686971631512533,5.692096300191345
0.05,7.670596398445357e-08,2.813617511693077e-07,1.5239825607666535,0.5686971631512533,5.692096300191345
0.05,5.413779836056403e-08,2.813617511693077e-07,1.5239825607666535,0.5686971631512533,5.692096300191345
0.05,5.413779836056403e-08,1.5169545122648079e-07,1.3190901002808728,0.2428498278714168,9.094668938830107
0.05,5.413779836056403e-08,1.5169545122648079e-07,1.9150172666371268,0.2428498278714168,0.8137370082372979
0.05,5.413779836056403e-08,1.5169545122648079e-07,1.4605347228463683,0.07133960267066734,0.8137370082372979
0.05,5.709743452940465e-08,8.356709445969895e-08,1.7378445000818377,0.21985378036873052,0.8137370082372979
0.05,5.709743452940465e-08,5.359395884452107e-07,3.420609324021118,0.21985378036873052,0.8137370082372979
0.05,5.709743452940465e-08,2.2248955119177283e-07,2.154842463016396,0.21985378036873052,0.8137370082372979
0.05,5.709743452940465e-08,2.2248955119177283e-07,2.485178004481893,0.21985378036873052,0.8137370082372979
0.05,5.709743452940465e-08,2.2248955119177283e-07,2.485178004481893,0.2848934740436638,0.8137370082372979
0.05,5.709743452940465e-08,2.2248955119177283e-07,2.485178004481893,0.16576563041354814,0.8137370082372979
0.05,5.709743452940465e-08,2.2541146463547918e-07,3.061839316448852,0.16576563041354814,0.6323649714568484
0.05,5.709743452940465e-08,2.2541146463547918e-07,3.183382149637461,0.16576563041354814,0.6323649714568484
0.05,6.665185277412878e-08,2.2541146463547918e-07,2.0509904082852097,0.16576563041354814,0.6323649714568484
0.05,6.665185277412878e-08,2.2541146463547918e-07,2.6226486392802566,0.3518232255463473,3.2531917362004252
0.05,6.665185277412878e-08,2.2541146463547918e-07,2.6226486392802566,0.20034450581338406,3.2531917362004252
0.05,6.665185277412878e-08,2.2541146463547918e-07,2.6226486392802566,0.23985448750253846,2.0081538602147906
0.05,5.457249186251183e-08,1.5295548496315975e-07,2.6226486392802566,0.2438627146150915,2.0081538602147906
0.05,5.457249186251183e-08,1.5295548496315975e-07,2.6226486392802566,0.2438627146150915,2.0081538602147906
0.05,5.324096968180902e-08,1.88505071430799e-07,2.6226486392802566,0.2438627146150915,2.0081538602147906
0.05,5.324096968180902e-08,2.895702587089366e-07,2.6226486392802566,0.15259891056488217,1.8690026263188053
0.05,5.324096968180902e-08,2.895702587089366e-07,2.0743211849258234,0.15259891056488217,1.154551803044391
0.05,5.785692680922093e-08,2.895702587089366e-07,2.1991834281061458,0.20410419767618238,1.154551803044391
0.05,5.675973919823329e-08,2.2996376791891013e-06,2.1991834281061458,0.20410419767618238,0.1805726121801607
0.05,5.675973919823329e-08,2.2996376791891013e-06,2.1991834281061458,0.0926169143378508,1.4134908334185539
0.05,5.842831125132619e-08,2.2996376791891013e-06,2.322495867458172,0.056856135002892876,1.4134908334185539
0.05,5.842831125132619e-08,4.870592990545117e-08,1.6181601183980623,0.056856135002892876,1.4134908334185539
0.05,5.842831125132619e-08,7.200901924271726e-08,1.6181601183980623,0.06857648959711625,1.4134908334185539
0.05,5.842831125132619e-08,7.200901924271726e-08,1.6181601183980623,0.03881074209433112,5.0275164703483295
0.05,5.842831125132619e-08,3.742379271123652e-07,1.0585694664714282,0.11125476089903294,5.0275164703483295
0.05,5.842831125132619e-08,1.212268416663953e-07,1.0585694664714282,0.11125476089903294,5.0275164703483295
0.05,5.842831125132619e-08,1.212268416663953e-07,1.0585694664714282,0.11125476089903294,5.0275164703483295
0.05,5.842831125132619e-08,1.212268416663953e-07,2.2393667700698945,0.2352143702881742,5.0275164703483295
0.05,8.508218400709514e-08,1.212268416663953e-07,1.9313328618750716,0.09578561619101109,1.2871792173637426
0.05,5.3614995741285326e-08,5.335377560546624e-06,1.9313328618750716,0.09400453263630885,1.2871792173637426
0.05,5.3614995741285326e-08,5.335377560546624e-06,1.9313328618750716,0.09041535774528914,1.2871792173637426
0.05,5.530943590102102e-08,5.335377560546624e-06,1.8189503157675215,0.08190434543224959,1.6087171087820757
0.05,5.530943590102102e-08,5.335377560546624e-06,1.7988744775990275,0.08190434543224959,1.6087171087820757
0.05,5.530943590102102e-08,5.335377560546624e-06,1.7988744775990275,0.1859535727919851,1.6087171087820757
0.05,5.530943590102102e-08,1.6588119731105834e-06,1.7988744775990275,0.3562859049370426,1.6087171087820757
0.05,5.8588893124247165e-08,1.6588119731105834e-06,1.7988744775990275,0.2863679044045738,2.205759276470114
0.05,5.055712685954373e-08,5.54411682312226e-07,1.7988744775990275,0.2863679044045738,9.14964525096239
0.05,5.055712685954373e-08,5.54411682312226e-07,1.7988744775990275,0.2863679044045738,3.891434576647228
0.05,5.055712685954373e-08,5.54411682312226e-07,2.1109699062703653,0.2733957829621906,3.891434576647228
0.05,5.055712685954373e-08,5.54411682312226e-07,1.438453074761613,0.18973533228390088,3.891434576647228
0.05,5.536128836208091e-08,5.54411682312226e-07,1.438453074761613,0.21712586063107084,6.294726836504477
0.05,6.410610503680336e-08,5.54411682312226e-07,2.1989551239042173,0.6310794599753005,6.294726836504477
0.05,6.410610503680336e-08,3.9933368169316997e-07,2.1989551239042173,0.6295971702359059,6.294726836504477
0.05,6.410610503680336e-08,3.9933368169316997e-07,2.1989551239042173,0.6295971702359059,9.373805853979128
0.05,6.410610503680336e-08,2.7188847287593154e-07,2.1989551239042173,0.6295971702359059,9.373805853979128
0.05,6.410610503680336e-08,4.552556644537565e-07,2.1989551239042173,0.24500320564551323,9.800352529608256
0.05,6.410610503680336e-08,4.552556644537565e-07,2.1989551239042173,0.24500320564551323,9.013139326664387
0.05,6.410610503680336e-08,4.218949132859716e-06,2.1388481361169314,0.24500320564551323,9.013139326664387
0.05,6.410610503680336e-08,4.218949132859716e-06,2.1388481361169314,0.24500320564551323,0.035905076238164135
0.05,3.777708186286713e-08,4.218949132859716e-06,2.1388481361169314,0.24500320564551323,0.035905076238164135
0.05,3.777708186286713e-08,4.218949132859716e-06,2.0439167312096598,0.2500319009959891,0.04162102325616869
0.05,3.777708186286713e-08,1.1202501507115967e-06,2.0439167312096598,0.11027862175142106,0.47187562795752863
0.05,3.777708186286713e-08,1.1202501507115967e-06,2.309957515034314,0.22966681582039375,0.47187562795752863
0.05,3.777708186286713e-08,1.2838972441346603e-06,2.3031952548363237,0.22966681582039375,2.9589219559178463
0.05,3.777708186286713e-08,3.307155816882541e-06,2.3031952548363237,0.22966681582039375,1.0414742850583032
0.05,7.139837618843798e-08,1.7437934635712467e-06,2.3031952548363237,0.22966681582039375,2.3392436014313596
0.05,7.139837618843798e-08,3.856762622284321e-06,2.3031952548363237,0.22966681582039375,0.14681161835859396
0.05,7.139837618843798e-08,3.856762622284321e-06,2.3031952548363237,0.08804918709760869,0.020129720682141635
0.05,7.139837618843798e-08,3.856762622284321e-06,2.3031952548363237,0.08804918709760869,0.11715614557683766
0.05,7.942582740002055e-08,3.856762622284321e-06,2.3031952548363237,0.07985072656506662,0.33738488506136466
0.05,7.942582740002055e-08,3.856762622284321e-06,2.3031952548363237,0.11495432792581681,0.33738488506136466
0.05,7.942582740002055e-08,3.856762622284321e-06,2.3031952548363237,0.11495432792581681,0.33738488506136466
0.05,7.942582740002055e-08,4.010428515076232e-07,2.0127774208986056,0.12567665545603948,0.09655657333401825
0.05,5.219952602400198e-08,4.010428515076232e-07,2.8699725176261426,0.12567665545603948,0.09655657333401825
0.05,5.219952602400198e-08,4.4593187561658863e-07,2.535454027401083,0.12567665545603948,0.09655657333401825
0.05,5.219952602400198e-08,3.202822146265519e-06,3.4931843991137295,0.14960005381043492,0.1498706113241112
0.05,5.219952602400198e-08,3.202822146265519e-06,3.4931843991137295,0.14960005381043492,0.1498706113241112
0.05,5.219952602400198e-08,3.202822146265519e-06,3.4931843991137295,0.14960005381043492,0.1498706113241112
0.05,4.32613043387287e-08,3.202822146265519e-06,3.4931843991137295,0.14960005381043492,0.3388189279260907
0.05,4.32613043387287e-08,3.202822146265519e-06,3.5900621746096464,0.11409816931610949,0.3388189279260907
0.05,4.32613043387287e-08,3.202822146265519e-06,3.5900621746096464,0.11409816931610949,0.36965110625313774
0.05,8.726730692112757e-08,3.202822146265519e-06,3.5900621746096464,0.11409816931610949,0.36965110625313774
0.05,8.726730692112757e-08,3.202822146265519e-06,1.568886524959114,0.11409816931610949,0.36965110625313774
0.05,4.28892868861459e-08,1.5302982812233336e-06,1.3673899539967949,0.2420033763743565,1.0211812801138134
0.05,4.28892868861459e-08,9.683541852601495e-07,1.6262030386513535,0.43930532241648046,5.039712326730051
0.05,4.28892868861459e-08,9.683541852601495e-07,1.6262030386513535,0.43930532241648046,4.535409325293808
0.05,5.798235216775536e-08,9.683541852601495e-07,1.6818759772290814,0.43930532241648046,4.065291208442398
0.05,5.798235216775536e-08,9.683541852601495e-07,1.6818759772290814,0.43930532241648046,4.065291208442398
0.05,5.798235216775536e-08,9.683541852601495e-07,1.6818759772290814,0.43930532241648046,4.065291208442398
0.05,5.798235216775536e-08,4.415569511275556e-06,2.1216556883132305,0.43930532241648046,4.065291208442398
0.05,5.798235216775536e-08,4.415569511275556e-06,2.1216556883132305,0.43930532241648046,4.065291208442398
0.05,4.877041323710799e-08,4.415569511275556e-06,2.1216556883132305,0.43930532241648046,2.509499595485671
0.05,4.877041323710799e-08,4.415569511275556e-06,2.1216556883132305,0.43930532241648046,2.509499595485671
0.05,4.877041323710799e-08,4.415569511275556e-06,2.1216556883132305,0.43930532241648046,7.192032173742571
0.05,7.596441611986951e-08,4.415569511275556e-06,2.1216556883132305,0.4801892666267621,7.192032173742571
0.05,7.596441611986951e-08,6.365380357736697e-08,2.1216556883132305,0.4801892666267621,7.192032173742571
0.05,7.008696434334123e-08,6.365380357736697e-08,2.1216556883132305,0.443063021670075,3.6757547659625285
0.05,7.008696434334123e-08,1.8383969962390256e-07,2.1216556883132305,0.27968363537692653,3.0325873920180584
0.05,6.600760758459814e-08,1.8383969962390256e-07,2.001695645281197,0.27968363537692653,2.708002200293385
0.05,7.907457473637392e-08,1.5285721138988165e-06,2.001695645281197,0.20608921642309852,2.708002200293385
0.05,7.907457473637392e-08,1.5285721138988165e-06,2.2732050531414565,0.29635373774315665,2.708002200293385
0.05,6.771155320048714e-08,1.5285721138988165e-06,2.2732050531414565,0.29635373774315665,2.708002200293385
0.05,6.771155320048714e-08,1.5285721138988165e-06,2.2732050531414565,0.29635373774315665,2.708002200293385
0.05,6.771155320048714e-08,1.5285721138988165e-06,2.2732050531414565,0.29635373774315665,3.074682280144878
0.05,5.653286665864643e-08,1.5285721138988165e-06,1.7698250279947598,0.29635373774315665,2.3346184301567203
0.05,5.653286665864643e-08,1.5285721138988165e-06,1.9115768339493842,0.17597665991432518,1.2892457320957216
0.05,5.653286665864643e-08,1.5285721138988165e-06,1.9115768339493842,0.17597665991432518,1.2892457320957216
0.05,5.653286665864643e-08,1.5285721138988165e-06,1.2134161264345806,0.2870437793404423,1.2892457320957216
0.05,5.653286665864643e-08,1.5285721138988165e-06,1.2134161264345806,0.2870437793404423,1.2892457320957216
0.05,5.653286665864643e-08,4.783015805160486e-06,1.0369605026822244,0.13456280110220825,1.7571119937133912
0.05,5.653286665864643e-08,4.783015805160486e-06,1.0369605026822244,0.13456280110220825,1.7571119937133912
0.05,5.653286665864643e-08,4.783015805160486e-06,1.0369605026822244,0.10012928070349103,0.8257411317407286
0.05,5.653286665864643e-08,4.783015805160486e-06,1.0369605026822244,0.007367487358782889,2.751306780710916
0.05,5.653286665864643e-08,3.7080709905683415e-06,1.0369605026822244,0.055806404629446145,5.136392124391673
0.05,5.653286665864643e-08,3.7080709905683415e-06,1.0369605026822244,0.15572678629056305,5.136392124391673
0.05,5.653286665864643e-08,3.7080709905683415e-06,1.8320684220043115,0.2588629408154811,2.3437290114025293
0.05,5.653286665864643e-08,3.7080709905683415e-06,1.563800582534558,0.3531344196489942,6.105329668159514
0.05,4.871988666494487e-08,3.7080709905683415e-06,1.6928622580480917,0.3531344196489942,4.60341427869455
0.05,4.871988666494487e-08,3.3195828840985295e-06,1.6928622580480917,0.3531344196489942,4.60341427869455
0.05,7.326071266342597e-08,3.3195828840985295e-06,1.6928622580480917,0.29456816036498296,4.407406851408427
0.05,6.978423054958649e-08,3.3195828840985295e-06,2.702374964660692,0.3317393380584973,4.407406851408427
0.05,6.978423054958649e-08,3.3195828840985295e-06,1.2645693770096056,0.3317393380584973,4.407406851408427
0.05,6.978423054958649e-08,3.3195828840985295e-06,1.2645693770096056,0.24086346993420082,4.407406851408427
0.05,6.978423054958649e-08,3.3195828840985295e-06,1.2645693770096056,0.30968420538964075,4.407406851408427
0.05,6.091602335527048e-08,1.331686888472853e-06,2.3260651155347194,0.30968420538964075,4.407406851408427
0.05,6.091602335527048e-08,1.331686888472853e-06,2.3260651155347194,0.30968420538964075,0.6285561208347814
0.05,6.091602335527048e-08,1.331686888472853e-06,2.5152979479019875,0.2607543167439027,0.6285561208347814
0.05,6.091602335527048e-08,1.331686888472853e-06,2.3622028812341087,0.07659164196161929,0.26401517694690474
0.05,6.091602335527048e-08,1.331686888472853e-06,2.7156504426605204,0.07659164196161929,0.43638978189185745
0.05,6.091602335527048e-08,1.331686888472853e-06,2.7156504426605204,0.3203149748092118,0.43638978189185745
0.05,6.091602335527048e-08,1.331686888472853e-06,2.3890209213104,0.3203149748092118,0.43638978189185745
0.05,6.091602335527048e-08,1.331686888472853e-06,2.3890209213104,0.3203149748092118,6.0498396739719915
0.05,6.091602335527048e-08,1.331686888472853e-06,2.3890209213104,0.3203149748092118,2.331584598966836
0.05,6.091602335527048e-08,1.331686888472853e-06,2.3890209213104,0.3203149748092118,2.331584598966836
0.05,6.091602335527048e-08,1.331686888472853e-06,2.3890209213104,0.2024154036632161,1.7050611429888343
0.05,6.091602335527048e-08,5.077217768793357e-06,1.5646283886846424,0.2024154036632161,1.7050611429888343
0.05,6.091602335527048e-08,5.077217768793357e-06,1.5646283886846424,0.2024154036632161,1.7050611429888343
0.05,6.091602335527048e-08,1.1257489461231029e-06,1.60002055707483,0.1814178893714454,1.7050611429888343
0.05,6.091602335527048e-08,1.1257489461231029e-06,1.60002055707483,0.22070058441837787,1.7050611429888343
0.05,5.2738974569567246e-08,1.1257489461231029e-06,1.60002055707483,0.22070058441837787,1.5687402075428678
0.05,5.2738974569567246e-08,9.359402766439146e-08,1.3260130502533176,0.3050191941875341,3.2347646817502067
0.05,5.2738974569567246e-08,1.5018371699007033e-06,1.3832900859264718,0.3050191941875341,8.046556015861139
0.05,5.2738974569567246e-08,1.5018371699007033e-06,1.3832900859264718,0.3050191941875341,7.467629688656955
0.05,7.143865050013081e-08,2.9922377459461027e-06,1.3832900859264718,0.30032537543159377,7.467629688656955
0.05,7.143865050013081e-08,2.9922377459461027e-06,1.0111608761280022,0.30032537543159377,7.467629688656955
0.05,7.143865050013081e-08,2.9922377459461027e-06,1.0111608761280022,0.24077095599862147,7.467629688656955
0.05,7.143865050013081e-08,4.6317455551913357e-07,1.0111608761280022,0.24077095599862147,8.602944702878144
0.05,7.143865050013081e-08,4.6317455551913357e-07,1.0111608761280022,0.10128347213302563,8.602944702878144
0.05,7.143865050013081e-08,4.6317455551913357e-07,1.0111608761280022,0.6424176682153082,8.171273654691817
0.05,7.143865050013081e-08,4.153623174148469e-08,1.9094531287710783,0.6424176682153082,8.171273654691817
0.05,7.143865050013081e-08,4.153623174148469e-08,1.9094531287710783,0.6424176682153082,8.171273654691817
0.05,7.143865050013081e-08,4.153623174148469e-08,1.0242342747327466,0.6424176682153082,8.171273654691817
0.05,7.143865050013081e-08,3.7397948370808374e-06,1.0242342747327466,0.6424176682153082,8.171273654691817
0.05,7.143865050013081e-08,3.7397948370808374e-06,1.2264329794572746,0.6424176682153082,8.171273654691817
0.05,7.143865050013081e-08,3.7397948370808374e-06,1.7364417467970559,0.6424176682153082,7.392274705940779
0.05,6.592145531255652e-08,2.361191037124105e-07,1.7364417467970559,0.6424176682153082,7.392274705940779
0.05,6.592145531255652e-08,2.361191037124105e-07,1.2356979214083061,0.6424176682153082,7.392274705940779
0.05,5.987052100351875e-08,2.361191037124105e-07,1.2356979214083061,0.6424176682153082,8.374653931042085
0.05,5.987052100351875e-08,1.365490416149424e-06,1.2356979214083061,0.6424176682153082,9.87794877129829
0.05,5.987052100351875e-08,1.365490416149424e-06,1.2356979214083061,0.6641547383609457,9.970567973825169
0.05,6.157435957595208e-08,1.365490416149424e-06,1.2356979214083061,0.6641547383609457,9.978906790636156
0.05,6.157435957595208e-08,1.365490416149424e-06,1.7983183285993074,0.6055479077462586,9.977539785638657
0.05,6.629622295121302e-08,1.365490416149424e-06,1.7983183285993074,0.6055479077462586,9.162604747221492
0.05,6.629622295121302e-08,9.694719788955766e-07,1.7983183285993074,0.5748398211150341,9.162604747221492
0.05,6.629622295121302e-08,9.694719788955766e-07,1.7983183285993074,0.5748398211150341,9.162604747221492
0.05,8.349664267153169e-08,9.694719788955766e-07,1.7983183285993074,0.5748398211150341,6.330175090447401
0.05,8.349664267153169e-08,9.694719788955766e-07,1.0375606719542154,0.1558755284580374,5.857940652776039
0.05,8.349664267153169e-08,9.694719788955766e-07,1.2300662117171717,0.1558755284580374,2.936377150730896
0.05,8.349664267153169e-08,1.465273722223103e-06,1.4814524462637426,0.1558755284580374,2.485471124619737
0.05,8.349664267153169e-08,1.465273722223103e-06,1.4814524462637426,0.1558755284580374,2.485471124619737
0.05,8.349664267153169e-08,1.4609756256001144e-06,1.4814524462637426,0.1558755284580374,2.6530440065255174
0.05,8.349664267153169e-08,1.4609756256001144e-06,2.1219225464869074,0.1558755284580374,2.6530440065255174
0.05,8.349664267153169e-08,1.4609756256001144e-06,1.8456783425410608,0.1558755284580374,3.650822170526321
0.05,5.993819693971066e-08,1.4609756256001144e-06,1.8456783425410608,0.1558755284580374,3.650822170526321
0.05,5.993819693971066e-08,4.454062327930516e-06,1.8456783425410608,0.1443663200329195,2.8353591113749643
0.05,5.993819693971066e-08,4.454062327930516e-06,1.3156695208123228,0.17263150208427386,2.8353591113749643
0.05,5.993819693971066e-08,1.7661410496930544e-07,2.5018788292376204,0.39729600283132477,7.15316641487899
0.05,5.993819693971066e-08,1.7661410496930544e-07,1.5602160630052355,0.39729600283132477,6.98324783110193
0.05,5.993819693971066e-08,2.7763678828557354e-07,1.5602160630052355,0.39729600283132477,6.98324783110193
0.05,5.993819693971066e-08,2.7763678828557354e-07,1.5602160630052355,0.2707504820916447,4.344024966278473
0.05,5.993819693971066e-08,2.7763678828557354e-07,1.5602160630052355,0.26522701891439243,6.558628158486176
0.05,5.993819693971066e-08,2.7763678828557354e-07,2.037781440196977,0.2552638397737104,6.558628158486176
0.05,5.993819693971066e-08,8.415810659796008e-08,2.037781440196977,0.44030093668957826,6.558628158486176
0.05,4.2760001995091663e-08,9.415093606739865e-07,2.037781440196977,0.3037271606321859,6.558628158486176
0.05,4.2760001995091663e-08,6.568550146606687e-07,2.037781440196977,0.3037271606321859,6.558628158486176
0.05,4.2760001995091663e-08,3.4697253535653606e-06,2.037781440196977,0.3037271606321859,6.558628158486176
0.05,6.935445922238418e-08,3.4697253535653606e-06,1.3788845400059004,0.3037271606321859,6.558628158486176
0.05,6.935445922238418e-08,2.2078107209633583e-07,2.3208367780774344,0.3037271606321859,6.558628158486176
0.05,6.935445922238418e-08,9.485700130917139e-07,1.5949945708222968,0.3037271606321859,6.558628158486176
0.05,6.935445922238418e-08,9.485700130917139e-07,1.5949945708222968,0.31869984858948874,4.810460929414216
0.05,6.935445922238418e-08,9.485700130917139e-07,1.5949945708222968,0.2286652056967723,4.810460929414216
0.05,6.935445922238418e-08,5.680878076152876e-07,1.5949945708222968,0.2286652056967723,4.810460929414216
0.05,7.55527034820015e-08,5.680878076152876e-07,1.5949945708222968,0.2286652056967723,5.230775705541938
0.05,7.55527034820015e-08,5.6543092287888534e-08,1.5949945708222968,0.2286652056967723,5.230775705541938
0.05,7.55527034820015e-08,5.6543092287888534e-08,1.3531095804845459,0.09149477045498289,2.074699339660129
0.05,7.55527034820015e-08,7.9687643131224e-08,1.3531095804845459,0.14858225999258654,2.074699339660129
0.05,7.55527034820015e-08,7.9687643131224e-08,1.3531095804845459,0.29759843990362933,3.5717849657893996
0.05,3.993110978541729e-08,7.32774554830089e-06,1.3531095804845459,0.29759843990362933,3.5717849657893996
0.05,3.993110978541729e-08,9.29602986774609e-07,1.3531095804845459,0.43826755416698737,3.5717849657893996
0.05,5.3767115651294474e-08,9.29602986774609e-07,1.3531095804845459,0.43826755416698737,3.977258339538986
0.05,5.3767115651294474e-08,9.29602986774609e-07,1.3531095804845459,0.3720483000012776,5.733474578448209
0.05,6.383247392045501e-08,9.29602986774609e-07,1.3531095804845459,0.3720483000012776,5.733474578448209
0.05,6.383247392045501e-08,9.29602986774609e-07,1.3531095804845459,0.4479030769514912,5.733474578448209
0.05,6.383247392045501e-08,9.29602986774609e-07,1.9504297301444478,0.3627703639232776,5.733474578448209
0.05,6.383247392045501e-08,3.337429573627422e-06,1.9504297301444478,0.2786034551769847,2.0085920555407397
0.05,6.383247392045501e-08,2.789693068532485e-07,1.9504297301444478,0.2786034551769847,2.0085920555407397
0.05,6.383247392045501e-08,9.677396750075063e-08,1.9504297301444478,0.2786034551769847,2.0085920555407397
0.05,6.383247392045501e-08,2.484474118654926e-06,1.7137577185791453,0.3251250356270411,3.2547877508743186
0.05,5.030802415588724e-08,2.484474118654926e-06,2.259351063262704,0.3251250356270411,3.2547877508743186
0.05,5.030802415588724e-08,2.484474118654926e-06,2.1775640363478623,0.3251250356270411,3.2547877508743186
0.05,3.575360092608083e-08,7.589806428607711e-06,2.0932280291110392,0.3251250356270411,3.2547877508743186
0.05,3.575360092608083e-08,7.589806428607711e-06,2.0932280291110392,0.3251250356270411,3.2547877508743186
0.05,4.0194279598851316e-08,7.589806428607711e-06,2.0932280291110392,0.388292223218721,3.2547877508743186
0.05,4.0194279598851316e-08,7.589806428607711e-06,3.3481351040505016,0.388292223218721,3.2547877508743186
0.05,4.0194279598851316e-08,7.589806428607711e-06,1.9513154305582825,0.388292223218721,3.2547877508743186
0.05,5.6101981217288395e-08,3.1142477822331662e-06,1.9513154305582825,0.388292223218721,3.2547877508743186
0.05,5.6101981217288395e-08,3.1142477822331662e-06,2.6343328645778885,0.27234455600411095,3.2547877508743186
0.05,5.362414067556507e-08,3.1142477822331662e-06,2.0863567037735327,0.27234455600411095,3.2547877508743186
0.05,5.362414067556507e-08,3.1142477822331662e-06,2.0863567037735327,0.27234455600411095,3.2547877508743186
0.05,5.362414067556507e-08,3.1142477822331662e-06,2.0863567037735327,0.27234455600411095,0.4892517904520139
0.05,5.362414067556507e-08,3.1142477822331662e-06,2.0863567037735327,0.07683082531834598,0.4892517904520139
0.05,5.362414067556507e-08,7.882680838411183e-07,2.0863567037735327,0.09368168055534998,0.4892517904520139
0.05,5.362414067556507e-08,7.882680838411183e-07,2.0863567037735327,0.09368168055534998,0.4892517904520139
0.05,5.362414067556507e-08,7.882680838411183e-07,2.864219918213763,0.298395597256178,0.559032248287244
0.05,5.362414067556507e-08,7.989350106690134e-08,2.864219918213763,0.298395597256178,0.559032248287244
0.05,5.362414067556507e-08,7.989350106690134e-08,2.864219918213763,0.298395597256178,5.332539358398797
0.05,3.969608720435445e-08,7.989350106690134e-08,2.864219918213763,0.4208921343810088,5.332539358398797
0.05,5.288098326440247e-08,1.201468419560688e-07,2.864219918213763,0.3846000246959039,5.332539358398797
0.05,5.288098326440247e-08,1.201468419560688e-07,2.5605060237195354,0.3328684270857587,5.332539358398797
0.05,5.81030781917671e-08,1.6978154404258528e-06,2.5605060237195354,0.3328684270857587,5.332539358398797
0.05,6.04692141038306e-08,1.6978154404258528e-06,2.5605060237195354,0.3328684270857587,5.332539358398797
0.05,6.04692141038306e-08,1.6978154404258528e-06,1.4596228464453493,0.3328684270857587,5.332539358398797
0.05,6.04692141038306e-08,1.6978154404258528e-06,1.8232258478808971,0.21528739309566594,5.332539358398797
0.05,6.04692141038306e-08,2.0667531415061246e-06,2.0025722989417476,0.22590268659105422,5.332539358398797
0.05,6.04692141038306e-08,2.0667531415061246e-06,1.7902054948174295,0.1699891111262921,5.332539358398797
0.05,7.241557994345543e-08,3.784997458589897e-06,1.7902054948174295,0.1699891111262921,5.332539358398797
0.05,7.241557994345543e-08,1.0085629236373748e-06,1.7902054948174295,0.1699891111262921,1.3110631700694881
0.05,7.241557994345543e-08,1.0085629236373748e-06,1.561703484155606,0.1699891111262921,0.6619797668951275
0.05,6.228839008565272e-08,1.0085629236373748e-06,1.561703484155606,0.1699891111262921,7.147641627678888
0.05,6.228839008565272e-08,6.407646691821022e-06,1.8361557379070428,0.1699891111262921,0.6486986275090978
0.05,6.228839008565272e-08,7.145554338413338e-06,1.8361557379070428,0.1699891111262921,0.2279960837346377
0.05,6.228839008565272e-08,7.145554338413338e-06,2.0691223509581356,0.1699891111262921,0.14509812262330513
0.05,6.883866123678357e-08,1.038283897508827e-06,1.9663924710312948,0.12260504532834596,0.14509812262330513
0.05,6.228368258335963e-08,1.038283897508827e-06,1.9663924710312948,0.06070537551090273,0.8502867722363799
0.05,6.228368258335963e-08,1.0544635774745406e-06,1.9663924710312948,0.06070537551090273,0.83602501694022
0.05,6.228368258335963e-08,1.0544635774745406e-06,1.9663924710312948,0.03554917038526809,1.4621111987604665
0.05,6.228368258335963e-08,5.60545386492353e-07,1.9663924710312948,0.03348760005770787,1.4621111987604665
0.05,6.228368258335963e-08,5.60545386492353e-07,1.9663924710312948,0.07322233874665349,1.4621111987604665
0.05,6.228368258335963e-08,6.418632385353232e-07,1.5164653110875634,0.07322233874665349,1.4621111987604665
0.05,7.409284736993751e-08,3.7333135618703275e-06,2.5464189380752433,0.16400637568798032,1.8798375804357668
0.05,6.775443569614482e-08,1.243672874556619e-06,2.5464189380752433,0.16400637568798032,3.012588333496702
0.05,6.775443569614482e-08,1.243672874556619e-06,1.5869279338186666,0.48303566341719434,3.6029111029828997
0.05,6.685900653818497e-08,1.243672874556619e-06,2.1114722799677335,0.5363242875647161,3.6029111029828997
0.05,6.685900653818497e-08,1.243672874556619e-06,2.1114722799677335,0.5363242875647161,8.405925372907912
0.05,6.685900653818497e-08,1.243672874556619e-06,2.551827738002796,0.48530398761580557,8.405925372907912
0.05,6.461838426589078e-08,1.243672874556619e-06,1.4558085479474991,0.48530398761580557,8.405925372907912
0.05,6.461838426589078e-08,1.243672874556619e-06,0.6380070920823971,0.48530398761580557,8.324344253528626
0.05,6.461838426589078e-08,1.243672874556619e-06,0.8420300260604523,0.48530398761580557,8.324344253528626
0.05,6.461838426589078e-08,4.0475883462038026e-07,0.8883622838853938,0.21029297907787298,8.324344253528626
0.05,5.2673430627353016e-08,4.0475883462038026e-07,2.684696026676156,0.21029297907787298,4.2613182229902025
0.05,5.2673430627353016e-08,4.0475883462038026e-07,2.684696026676156,0.3628407858220321,4.2613182229902025
0.05,5.2673430627353016e-08,4.0475883462038026e-07,2.684696026676156,0.2585253982855812,4.2613182229902025
0.05,5.2673430627353016e-08,8.405252989001645e-07,1.553631723094885,0.2585253982855812,4.2613182229902025
0.05,5.2673430627353016e-08,4.897449031718938e-07,1.553631723094885,0.2585253982855812,4.2613182229902025
0.05,5.837097627249648e-08,4.897449031718938e-07,1.553631723094885,0.34842766941894243,4.2613182229902025
0.05,5.837097627249648e-08,4.897449031718938e-07,2.0345545158385607,0.34842766941894243,4.2613182229902025
0.05,6.844535791031044e-08,1.1982439405591246e-07,2.0345545158385607,0.3652506019266683,4.2613182229902025
0.05,6.844535791031044e-08,1.1982439405591246e-07,1.7864631703097413,0.26961346640606426,2.284624269848463
0.05,6.844535791031044e-08,1.1982439405591246e-07,1.7864631703097413,0.26961346640606426,3.4502767682616375
0.05,6.844535791031044e-08,4.789325028766999e-08,1.7864631703097413,0.38286686682144844,3.4502767682616375
0.05,6.337541066579052e-08,4.789325028766999e-08,1.5561894675525043,0.38286686682144844,5.568693237762398
0.05,6.337541066579052e-08,1.8632664759384722e-07,1.5561894675525043,0.38286686682144844,5.568693237762398
0.05,6.337541066579052e-08,1.8632664759384722e-07,1.5561894675525043,0.38286686682144844,4.207643444613866
0.05,6.337541066579052e-08,3.3816176000915445e-07,1.157720606481051,0.38286686682144844,4.207643444613866
0.05,6.337541066579052e-08,3.3816176000915445e-07,1.157720606481051,0.38286686682144844,4.207643444613866
0.05,5.5333216696415096e-08,7.071829999182222e-08,2.7007096044554046,0.6153778131193575,5.400364609630146
0.05,5.5333216696415096e-08,7.071829999182222e-08,2.7007096044554046,0.516060153378677,5.400364609630146
0.05,5.5333216696415096e-08,7.071829999182222e-08,2.7007096044554046,0.516060153378677,5.400364609630146
0.05,5.5333216696415096e-08,2.3856519574299336e-07,2.9979772857228753,0.516060153378677,5.400364609630146
0.05,4.260047786769286e-08,2.3856519574299336e-07,1.6394332453033167,0.516060153378677,5.400364609630146
0.05,5.213684925495433e-08,9.640888437077891e-06,1.6394332453033167,0.6128847656010156,6.052063193605855
0.05,5.213684925495433e-08,9.640888437077891e-06,1.6394332453033167,0.6128847656010156,3.7272715525305937
0.05,5.213684925495433e-08,3.9885564798115935e-06,1.7913631583605447,0.5851272122512429,3.7272715525305937
0.05,5.213684925495433e-08,3.9885564798115935e-06,1.7913631583605447,0.4119377430134604,3.7272715525305937
0.05,5.213684925495433e-08,3.9885564798115935e-06,1.7913631583605447,0.4119377430134604,3.7272715525305937
0.05,5.213684925495433e-08,4.1932445494665195e-07,1.7913631583605447,0.4119377430134604,3.7272715525305937
0.05,5.213684925495433e-08,3.499296506486645e-07,1.7913631583605447,0.24561862931548112,3.7272715525305937
0.05,5.213684925495433e-08,1.5251235005794274e-06,1.7913631583605447,0.24561862931548112,3.7272715525305937
0.05,5.213684925495433e-08,3.3568431703710346e-06,2.347663426199604,0.24561862931548112,3.7272715525305937
0.05,7.695613395477223e-08,1.6560154140305128e-06,1.5224116445723237,0.24561862931548112,3.7272715525305937
0.05,4.497185185533753e-08,1.6560154140305128e-06,2.2534215121598695,0.24561862931548112,3.7272715525305937
0.05,5.6668314315385084e-08,1.6560154140305128e-06,1.722127438627534,0.3285678746186446,3.7272715525305937
0.05,7.617491537549859e-08,1.6560154140305128e-06,2.1918981728204474,0.3285678746186446,5.3708367503561805
0.05,7.617491537549859e-08,5.44789821991761e-07,1.7633186660210312,0.3285678746186446,5.3708367503561805
0.05,7.617491537549859e-08,1.023021387988528e-05,1.7633186660210312,0.308157316492212,1.3759689736074487
0.05,7.617491537549859e-08,4.80831756843029e-07,2.2177944624617316,0.308157316492212,2.4761302322648597
0.05,7.617491537549859e-08,4.80831756843029e-07,2.2177944624617316,0.308157316492212,2.4761302322648597
0.05,3.9306823314870895e-08,4.80831756843029e-07,2.4678809690266217,0.2273370719773416,2.4761302322648597
0.05,3.9306823314870895e-08,5.445331798194226e-07,2.4678809690266217,0.2273370719773416,2.4761302322648597
0.05,3.9306823314870895e-08,5.445331798194226e-07,2.4678809690266217,0.2273370719773416,2.4761302322648597
0.05,7.305635012552077e-08,2.9963397332202185e-08,1.5052721834787544,0.2273370719773416,2.4761302322648597
0.05,7.305635012552077e-08,2.9963397332202185e-08,3.355863813099804,0.2273370719773416,2.4761302322648597
0.05,7.305635012552077e-08,2.955805900430494e-07,1.7470300050702043,0.2273370719773416,2.4761302322648597
0.05,7.305635012552077e-08,4.080488478976462e-06,1.7470300050702043,0.18604583279063666,2.4761302322648597
0.05,4.4552975516449736e-08,4.080488478976462e-06,1.7470300050702043,0.18938856812992066,2.039852244677065
0.05,4.4552975516449736e-08,4.080488478976462e-06,3.248698178690706,0.18938856812992066,0.6456911001273414
0.05,4.4552975516449736e-08,4.080488478976462e-06,3.248698178690706,0.18938856812992066,0.6456911001273414
0.05,4.4552975516449736e-08,4.080488478976462e-06,3.248698178690706,0.20775777505879384,0.6456911001273414
0.05,4.4552975516449736e-08,4.080488478976462e-06,3.248698178690706,0.23569915714321665,0.6456911001273414
0.05,4.701712868612301e-08,4.080488478976462e-06,3.248698178690706,0.23569915714321665,0.6456911001273414
0.05,3.753348682225095e-08,4.080488478976462e-06,3.248698178690706,0.23569915714321665,0.6456911001273414
0.05,3.753348682225095e-08,4.080488478976462e-06,3.248698178690706,0.23569915714321665,0.6456911001273414
0.05,3.753348682225095e-08,2.5188688421944288e-06,3.248698178690706,0.23569915714321665,0.6456911001273414
0.05,3.753348682225095e-08,2.5188688421944288e-06,3.248698178690706,0.26693041762779796,0.6456911001273414
0.05,3.753348682225095e-08,6.446116266293481e-08,3.517169061892067,0.26693041762779796,0.5956828225567331
0.05,4.207855332937475e-08,1.074017410025984e-07,3.3662697252634155,0.26693041762779796,0.5956828225567331
0.05,4.207855332937475e-08,1.074017410025984e-07,3.3662697252634155,0.26693041762779796,1.3820541467970835
0.05,4.207855332937475e-08,8.83230786052845e-06,3.836759815329043,0.26693041762779796,1.3820541467970835
0.05,4.731342279256354e-08,8.83230786052845e-06,1.8674624016958958,0.26693041762779796,1.3820541467970835
0.05,4.731342279256354e-08,2.027474686040037e-06,1.8674624016958958,0.26693041762779796,1.3820541467970835
0.05,4.731342279256354e-08,1.7819294244533473e-06,2.25770568590458,0.23744510083644813,1.2181291647291472
0.05,4.731342279256354e-08,1.7819294244533473e-06,2.25770568590458,0.23744510083644813,1.2181291647291472
0.05,5.316992482320223e-08,7.66774377543633e-08,2.25770568590458,0.24894328787628742,1.2181291647291472
0.05,5.89652077431726e-08,7.66774377543633e-08,2.25770568590458,0.1475827034884302,1.2181291647291472
0.05,5.89652077431726e-08,7.66774377543633e-08,2.25770568590458,0.3182942635536943,1.2181291647291472
0.05,5.89652077431726e-08,3.698351605604819e-07,2.25770568590458,0.3182942635536943,1.2181291647291472
0.05,5.89652077431726e-08,3.698351605604819e-07,1.6475305694318134,0.3182942635536943,2.8071092418180834
0.05,6.371768826370063e-08,3.698351605604819e-07,2.3075852412609854,0.3182942635536943,2.8071092418180834
0.05,7.442232593561736e-08,3.698351605604819e-07,2.3075852412609854,0.42828766950618463,2.8071092418180834
0.05,7.442232593561736e-08,2.125387327786528e-08,1.7585295108930656,0.16280806281604507,2.8071092418180834
0.05,7.442232593561736e-08,2.125387327786528e-08,1.7585295108930656,0.40532164918044855,2.8071092418180834
0.05,7.442232593561736e-08,5.31787661469683e-07,2.0107714997288175,0.40532164918044855,4.8281357202809305
0.05,7.442232593561736e-08,5.31787661469683e-07,2.0107714997288175,0.40532164918044855,4.8281357202809305
0.05,7.442232593561736e-08,9.367193598363007e-07,1.1297131829010612,0.40532164918044855,4.8281357202809305
0.05,7.035179970705844e-08,1.2446290158802436e-06,1.1297131829010612,0.3241154179221273,4.332473214953652
0.05,7.035179970705844e-08,9.982639585957913e-07,1.1297131829010612,0.3241154179221273,4.332473214953652
0.05,8.22384784966819e-08,3.5920210710731453e-07,1.1297131829010612,0.3241154179221273,4.332473214953652
0.05,8.22384784966819e-08,3.5920210710731453e-07,1.9919532679821328,0.3241154179221273,4.332473214953652
0.05,7.555969017221397e-08,3.5920210710731453e-07,1.9919532679821328,0.26020363580427885,4.332473214953652
0.05,6.599934542626768e-08,3.5920210710731453e-07,1.9919532679821328,0.26020363580427885,4.332473214953652
0.05,5.620077991089676e-08,3.948060587215105e-06,1.9919532679821328,0.26020363580427885,4.332473214953652
0.05,5.620077991089676e-08,3.948060587215105e-06,1.9919532679821328,0.25217800098268284,7.7284546690956635
0.05,5.620077991089676e-08,3.948060587215105e-06,1.9919532679821328,0.25217800098268284,6.681517206831783
0.05,5.620077991089676e-08,1.4221001634104243e-06,1.9919532679821328,0.25217800098268284,6.681517206831783
0.05,5.620077991089676e-08,1.4221001634104243e-06,1.9919532679821328,0.25217800098268284,1.3372450019969966
0.05,3.8559302722831995e-08,3.4573069700374494e-07,1.9919532679821328,0.25217800098268284,1.3372450019969966
0.05,3.8559302722831995e-08,3.4573069700374494e-07,1.9919532679821328,0.25217800098268284,1.3372450019969966
0.05,3.8559302722831995e-08,3.4573069700374494e-07,2.2189153042798133,0.27086677157103006,1.3372450019969966
0.05,5.681783037868195e-08,7.058091313563132e-06,2.2189153042798133,0.08118805441063966,1.3372450019969966
0.05,5.681783037868195e-08,7.058091313563132e-06,2.766935397574456,0.08118805441063966,1.3372450019969966
0.05,5.559645521455798e-08,7.058091313563132e-06,2.633380154909411,0.06364840228612184,0.7065186722770322
0.05,5.559645521455798e-08,7.058091313563132e-06,2.633380154909411,0.25287901863366674,0.7065186722770322
0.05,5.559645521455798e-08,7.058091313563132e-06,2.304662591568568,0.25287901863366674,1.4577832681342646
0.05,5.559645521455798e-08,4.713733786486487e-07,2.304662591568568,0.25287901863366674,1.4577832681342646
0.05,5.559645521455798e-08,9.843378663951915e-06,3.7786965706262143,0.25287901863366674,1.4577832681342646
0.05,6.44719686503349e-08,9.843378663951915e-06,1.843076448415559,0.20863683614234443,1.4577832681342646
0.05,8.017187134272155e-08,9.843378663951915e-06,1.843076448415559,0.3534851268674974,2.0553191167638913
0.05,3.358789054352895e-08,9.843378663951915e-06,1.843076448415559,0.3534851268674974,2.9795026981873196
0.05,3.358789054352895e-08,9.843378663951915e-06,3.000621967505061,0.3534851268674974,2.9795026981873196
0.05,3.358789054352895e-08,9.843378663951915e-06,2.0975652158294253,0.2408232601953903,2.9795026981873196
0.05,5.6521444352904276e-08,9.843378663951915e-06,1.9437892219028736,0.2408232601953903,1.8105280416032554
0.05,5.6521444352904276e-08,3.342385953780389e-06,3.50047410363797,0.16773251945144754,0.5678994242983408
0.05,5.6521444352904276e-08,3.6038613053056722e-06,2.1164010046086994,0.16773251945144754,0.5678994242983408
0.05,5.6521444352904276e-08,3.6038613053056722e-06,1.6612883528956885,0.16773251945144754,0.5678994242983408
0.05,5.6521444352904276e-08,3.6038613053056722e-06,1.6612883528956885,0.16773251945144754,0.5678994242983408
0.05,5.744539785198886e-08,3.6038613053056722e-06,1.6612883528956885,0.16773251945144754,0.5678994242983408
0.05,5.744539785198886e-08,6.125405172754793e-06,1.6612883528956885,0.16773251945144754,3.6494556640920757
0.05,5.744539785198886e-08,6.125405172754793e-06,1.6612883528956885,0.16773251945144754,3.6494556640920757
0.05,5.744539785198886e-08,4.9204399807577185e-06,1.6612883528956885,0.30126101285634693,3.6494556640920757
0.05,5.744539785198886e-08,4.9204399807577185e-06,1.6612883528956885,0.268175972626066,3.6494556640920757
0.05,5.744539785198886e-08,9.671221927223923e-07,1.6612883528956885,0.14989421952010998,3.6494556640920757
0.05,5.744539785198886e-08,9.671221927223923e-07,1.6612883528956885,0.14989421952010998,0.8446786274012187
0.05,6.771858775946367e-08,9.671221927223923e-07,2.9622623511753865,0.14989421952010998,0.7116456640119734
0.05,6.771858775946367e-08,9.671221927223923e-07,2.9622623511753865,0.14989421952010998,2.2908201737555145
0.05,6.771858775946367e-08,1.0130424439463416e-06,2.185331363429353,0.20049109266248366,1.027021797425633
0.05,6.4791036201286e-08,1.0130424439463416e-06,2.242916979853467,0.20049109266248366,1.1939606503344289
0.05,6.4791036201286e-08,1.0130424439463416e-06,2.242916979853467,0.20049109266248366,0.3058063402826823
0.05,4.995695382540249e-08,1.0130424439463416e-06,2.242916979853467,0.20049109266248366,0.11714858047731444
0.05,4.0604244270006233e-08,1.0130424439463416e-06,2.242916979853467,0.20049109266248366,0.11714858047731444
0.05,4.0604244270006233e-08,6.988885097255366e-07,2.242916979853467,0.20049109266248366,0.11714858047731444
0.05,7.187167592357705e-08,6.988885097255366e-07,2.6429790716359065,0.20049109266248366,0.11714858047731444
0.05,7.187167592357705e-08,8.607020684605636e-07,2.9564887923817373,0.20049109266248366,0.31005568509208126
0.05,7.187167592357705e-08,5.941907433974841e-07,2.5277359132387884,0.20049109266248366,0.31005568509208126
0.05,7.187167592357705e-08,5.941907433974841e-07,2.5277359132387884,0.19432260743163113,0.31005568509208126
0.05,7.187167592357705e-08,5.941907433974841e-07,2.5277359132387884,0.22090596479617425,0.5834386557279934
0.05,5.804155479701069e-08,1.1179546645702772e-06,1.7972302088344585,0.22090596479617425,0.5834386557279934
0.05,5.804155479701069e-08,1.1179546645702772e-06,1.7972302088344585,0.22090596479617425,1.4014467680742082
0.05,5.804155479701069e-08,1.1179546645702772e-06,1.7972302088344585,0.10907609794890108,0.9674665169645069
0.05,5.804155479701069e-08,1.1179546645702772e-06,1.6585924248215398,0.3592023643432737,1.7388637788144443
0.05,5.804155479701069e-08,4.416779382926568e-06,1.6585924248215398,0.3592023643432737,4.907553744762131
0.05,5.804155479701069e-08,4.416779382926568e-06,1.851312507549059,0.3592023643432737,4.907553744762131
0.05,5.804155479701069e-08,3.7886611283613797e-06,1.851312507549059,0.3592023643432737,4.731290296668956
0.05,6.020259900182204e-08,3.7886611283613797e-06,1.534736476033924,0.38954087287666295,6.308389024398221
0.05,6.020259900182204e-08,3.7886611283613797e-06,1.534736476033924,0.38954087287666295,6.308389024398221
0.05,6.020259900182204e-08,1.7391690214356722e-06,2.0198923208994364,0.38954087287666295,1.2141437632014356
0.05,6.020259900182204e-08,1.7391690214356722e-06,2.0198923208994364,0.38954087287666295,2.0852582675226654
0.05,6.020259900182204e-08,1.2286197372688697e-06,2.0198923208994364,0.38954087287666295,2.0852582675226654
0.05,6.020259900182204e-08,1.2286197372688697e-06,2.0198923208994364,0.38954087287666295,2.0852582675226654
0.05,6.020259900182204e-08,1.2286197372688697e-06,2.0198923208994364,0.38954087287666295,4.175344554561199
0.05,6.020259900182204e-08,1.2286197372688697e-06,1.5262673711555501,0.38954087287666295,8.251642435618693
0.05,6.020259900182204e-08,9.628683936376993e-07,1.5262673711555501,0.38954087287666295,5.033785653328282
0.05,7.340169649719108e-08,9.628683936376993e-07,1.5262673711555501,0.38954087287666295,4.965562680362361
0.05,7.340169649719108e-08,9.628683936376993e-07,1.5262673711555501,0.38954087287666295,6.959036282171233
0.05,7.340169649719108e-08,9.628683936376993e-07,1.7221439766780857,0.38954087287666295,6.959036282171233
0.05,7.340169649719108e-08,1.988525395529453e-06,1.020427360344474,0.27340253799085723,6.648570375927111
0.05,7.340169649719108e-08,1.988525395529453e-06,1.020427360344474,0.27340253799085723,6.648570375927111
0.05,7.340169649719108e-08,1.988525395529453e-06,1.020427360344474,0.46368688165329575,6.648570375927111
0.05,9.162998939191966e-08,1.988525395529453e-06,2.0010989765031613,0.46368688165329575,4.484718959565397
0.05,4.432682332641192e-08,1.3868087760930645e-07,2.0010989765031613,0.46368688165329575,4.484718959565397
0.05,4.432682332641192e-08,1.5363546031517218e-07,2.0010989765031613,0.35126583514282583,4.484718959565397
0.05,4.432682332641192e-08,8.884445974983419e-06,1.5918740950384058,0.35126583514282583,4.484718959565397
0.05,4.432682332641192e-08,8.884445974983419e-06,2.7011802241401446,0.35126583514282583,4.484718959565397
0.05,5.612411016424717e-08,1.4958477710711225e-06,2.7011802241401446,0.35126583514282583,4.484718959565397
0.05,9.037546995773462e-08,1.4958477710711225e-06,2.7011802241401446,0.35126583514282583,4.490312675895172
0.05,7.038858500739386e-08,1.4958477710711225e-06,2.461826066202886,0.39195991265929897,1.586324393099361
0.05,7.038858500739386e-08,1.4958477710711225e-06,2.461826066202886,0.39195991265929897,4.734178177313968
0.05,7.038858500739386e-08,1.4958477710711225e-06,1.5921685633952745,0.39195991265929897,4.734178177313968
0.05,7.038858500739386e-08,1.4958477710711225e-06,1.5921685633952745,0.39195991265929897,4.734178177313968
0.05,5.6651576592762875e-08,1.4958477710711225e-06,1.5921685633952745,0.2247511896070075,4.734178177313968
0.05,5.6651576592762875e-08,1.4958477710711225e-06,2.1516845635349755,0.2247511896070075,4.734178177313968
0.05,5.251004098419481e-08,1.4958477710711225e-06,2.1516845635349755,0.2247511896070075,4.734178177313968
0.05,5.251004098419481e-08,1.4958477710711225e-06,2.1516845635349755,0.3078758334591063,4.734178177313968
0.05,7.064277328347014e-08,1.166030563874181e-06,2.1516845635349755,0.3078758334591063,4.734178177313968
0.05,6.667036336037062e-08,1.166030563874181e-06,2.1516845635349755,0.3078758334591063,4.734178177313968
0.05,6.2815101119573e-08,1.6750195236995978e-06,2.1516845635349755,0.3078758334591063,4.734178177313968
0.05,5.361199229008588e-08,3.012259337980872e-06,2.627316753832769,0.3078758334591063,4.734178177313968
0.05,5.361199229008588e-08,3.012259337980872e-06,1.957284279065664,0.3078758334591063,6.730041606881412
0.05,5.361199229008588e-08,3.012259337980872e-06,2.1523390784567855,0.3078758334591063,1.996245261994693
0.05,6.625651705194909e-08,3.012259337980872e-06,2.1523390784567855,0.3078758334591063,3.8359937032390445
0.05,6.625651705194909e-08,4.991408030412019e-07,2.1523390784567855,0.3078758334591063,2.9089004382428496
0.05,6.625651705194909e-08,5.057124469327494e-07,2.1523390784567855,0.24004089705297876,2.9089004382428496
0.05,7.17080737619611e-08,3.3672204698743055e-06,2.1523390784567855,0.15158087140255816,2.9089004382428496
0.05,7.17080737619611e-08,3.3672204698743055e-06,2.1523390784567855,0.3100615043212978,3.114792131717045
0.05,5.9061778045735245e-08,3.3672204698743055e-06,2.1523390784567855,0.3100615043212978,3.114792131717045
0.05,5.9061778045735245e-08,3.3672204698743055e-06,1.851418575564709,0.319686147453492,5.490214925609146
0.05,7.477067347311723e-08,3.3672204698743055e-06,1.851418575564709,0.319686147453492,5.490214925609146
0.05,7.477067347311723e-08,3.0809287211716253e-06,1.8449197264869475,0.319686147453492,5.490214925609146
0.05,7.477067347311723e-08,3.0809287211716253e-06,1.8449197264869475,0.319686147453492,5.490214925609146
0.05,7.477067347311723e-08,3.0809287211716253e-06,2.1787728062118648,0.319686147453492,5.490214925609146
0.05,7.477067347311723e-08,3.0809287211716253e-06,2.1787728062118648,0.319686147453492,5.490214925609146
0.05,7.477067347311723e-08,3.0809287211716253e-06,1.6968295069753916,0.30748969021565065,1.2108360864364835
0.05,7.477067347311723e-08,3.0809287211716253e-06,1.6968295069753916,0.30748969021565065,1.2108360864364835
0.05,7.477067347311723e-08,3.0809287211716253e-06,1.6968295069753916,0.30748969021565065,0.0743071529497889
0.05,7.477067347311723e-08,7.400812709036157e-07,1.6968295069753916,0.13283325624532386,0.9495314982657216
0.05,7.477067347311723e-08,8.560023492812881e-07,1.6968295069753916,0.36647403714723076,0.34845500923279904
0.05,7.477067347311723e-08,8.560023492812881e-07,1.4118191548270267,0.36647403714723076,0.15624288684847693
0.05,7.477067347311723e-08,8.560023492812881e-07,1.4118191548270267,0.36647403714723076,0.15624288684847693
0.05,4.300977832782417e-08,8.560023492812881e-07,2.8486235030959204,0.36647403714723076,0.3253717552671575
0.05,4.7865466599961406e-08,8.560023492812881e-07,2.8486235030959204,0.36647403714723076,1.5828452455962807
0.05,4.7865466599961406e-08,8.560023492812881e-07,2.367395096748969,0.36647403714723076,1.5828452455962807
0.05,4.7865466599961406e-08,2.274709537975282e-06,2.367395096748969,0.31950046011233546,0.4602977759594513
0.05,4.7865466599961406e-08,4.36878771145365e-06,3.062822904700744,0.31950046011233546,0.4602977759594513
0.05,4.7865466599961406e-08,4.36878771145365e-06,3.062822904700744,0.31950046011233546,0.4602977759594513
0.05,4.7865466599961406e-08,4.36878771145365e-06,3.062822904700744,0.31950046011233546,1.0506658435082243
0.05,4.7865466599961406e-08,4.36878771145365e-06,3.062822904700744,0.31950046011233546,0.9231476730271035
0.05,4.7865466599961406e-08,4.36878771145365e-06,3.062822904700744,0.31950046011233546,0.9231476730271035
0.05,4.7865466599961406e-08,4.36878771145365e-06,3.062822904700744,0.27194130412742745,0.9231476730271035
0.05,4.7865466599961406e-08,7.793270543890749e-07,3.062822904700744,0.2670023358400899,0.933342492433548
0.05,4.7865466599961406e-08,7.793270543890749e-07,3.0817996929717903,0.2670023358400899,0.933342492433548
0.05,4.7865466599961406e-08,2.393643207202279e-06,3.0817996929717903,0.2670023358400899,0.933342492433548
0.05,4.7865466599961406e-08,6.755695801396042e-06,2.5104225989415605,0.27201084411850246,0.933342492433548
0.05,4.7865466599961406e-08,6.755695801396042e-06,2.5104225989415605,0.27201084411850246,0.933342492433548
0.05,4.7865466599961406e-08,2.262261188374741e-06,2.5104225989415605,0.3010503402214991,0.933342492433548
0.05,4.7865466599961406e-08,2.262261188374741e-06,2.5104225989415605,0.3010503402214991,0.933342492433548
0.05,4.7865466599961406e-08,1.7577434251091681e-06,2.2304848153821513,0.2163127159158071,0.933342492433548
0.05,4.7865466599961406e-08,2.3480541127776847e-06,2.2304848153821513,0.2163127159158071,0.933342492433548
0.05,4.7865466599961406e-08,8.964164102635897e-06,2.2304848153821513,0.1919053107065879,0.933342492433548
0.05,4.7865466599961406e-08,8.964164102635897e-06,2.206961101831796,0.1919053107065879,0.933342492433548
0.05,5.040925283632054e-08,8.964164102635897e-06,2.206961101831796,0.1919053107065879,0.22002033776832597
0.05,5.040925283632054e-08,8.964164102635897e-06,2.206961101831796,0.1919053107065879,0.22002033776832597
0.05,5.040925283632054e-08,8.964164102635897e-06,2.460975258321282,0.1919053107065879,0.22002033776832597
0.05,4.134437413292216e-08,8.964164102635897e-06,2.460975258321282,0.1919053107065879,0.6694219757287501
0.05,4.134437413292216e-08,8.964164102635897e-06,2.460975258321282,0.1919053107065879,0.5796083663204412
0.05,4.134437413292216e-08,8.964164102635897e-06,2.460975258321282,0.13966453939638065,0.2717058751576156
0.05,4.134437413292216e-08,8.964164102635897e-06,2.460975258321282,0.20418544443370099,0.2717058751576156
0.05,4.134437413292216e-08,1.0695336918702256e-06,2.460975258321282,0.2058390882530394,0.2717058751576156
0.05,5.003023745135452e-08,8.238606815211592e-06,2.7953057046999374,0.2058390882530394,0.2717058751576156
0.05,5.003023745135452e-08,8.238606815211592e-06,2.7953057046999374,0.2058390882530394,0.2717058751576156
0.05,5.003023745135452e-08,8.238606815211592e-06,2.7953057046999374,0.15985023554791486,0.03333657359105382
0.05,5.003023745135452e-08,1.2243655464984074e-05,3.042303373988668,0.18157855222263938,0.03333657359105382
0.05,5.003023745135452e-08,3.6347166635825817e-06,3.042303373988668,0.16350356204182614,0.09863328813015915
0.05,5.090344862271701e-08,3.6347166635825817e-06,3.042303373988668,0.16350356204182614,0.32966284189314
0.05,5.554408290018815e-08,4.84672565591724e-06,2.89558000284017,0.16350356204182614,1.4343809850787164
0.05,5.554408290018815e-08,1.1068036432495617e-06,2.89558000284017,0.16350356204182614,1.4343809850787164
0.05,5.554408290018815e-08,1.1068036432495617e-06,1.372498974245278,0.19265050376867376,1.4343809850787164
0.05,5.554408290018815e-08,7.88329274180583e-07,2.3872404759622343,0.35791694889093284,2.1534634662873353
0.05,5.554408290018815e-08,7.88329274180583e-07,2.3872404759622343,0.35791694889093284,2.1534634662873353
0.05,5.554408290018815e-08,7.88329274180583e-07,2.3872404759622343,0.35791694889093284,6.038193079497926
0.05,5.554408290018815e-08,7.88329274180583e-07,2.1839642012923886,0.35791694889093284,6.038193079497926
0.05,4.8156034757687656e-08,7.88329274180583e-07,2.1839642012923886,0.3411236725553325,6.038193079497926
0.05,4.8156034757687656e-08,7.88329274180583e-07,1.4610807920014681,0.3411236725553325,6.038193079497926
0.05,4.8156034757687656e-08,7.88329274180583e-07,1.4610807920014681,0.5676786243722353,6.038193079497926
0.05,4.8156034757687656e-08,7.88329274180583e-07,1.4610807920014681,0.5676786243722353,5.895626948577054
0.05,6.922146661044877e-08,7.88329274180583e-07,1.4610807920014681,0.5676786243722353,6.445173563809192
0.05,6.922146661044877e-08,7.88329274180583e-07,2.0569358805390783,0.5676786243722353,6.445173563809192
0.05,6.922146661044877e-08,7.88329274180583e-07,2.0569358805390783,0.29912594682330923,4.177467674528758
0.05,6.922146661044877e-08,1.7398944320766785e-06,2.0569358805390783,0.32379745253915754,4.177467674528758
0.05,3.9707007945785394e-08,1.7398944320766785e-06,2.0569358805390783,0.32379745253915754,5.655622441035096
0.05,3.9707007945785394e-08,5.797423931200001e-06,2.091579459650887,0.3192399754028088,5.655622441035096
0.05,3.9707007945785394e-08,1.3953514259790438e-06,1.9922643041731467,0.3192399754028088,5.655622441035096
0.05,3.9707007945785394e-08,1.3953514259790438e-06,1.9922643041731467,0.28739721050906125,2.8665201398111195
0.05,3.9707007945785394e-08,1.3953514259790438e-06,1.9922643041731467,0.26447799733118205,2.8665201398111195
0.05,3.9707007945785394e-08,1.3953514259790438e-06,1.9922643041731467,0.40171684694300186,2.8665201398111195
0.05,3.9707007945785394e-08,1.3953514259790438e-06,1.6930288993748877,0.40171684694300186,2.8665201398111195
0.05,8.215140875655493e-08,1.3864438866232942e-06,1.6930288993748877,0.6253751285665807,2.8665201398111195
0.05,6.036181073409416e-08,1.3864438866232942e-06,1.6283422098878026,0.6253751285665807,2.8665201398111195
0.05,6.036181073409416e-08,1.3864438866232942e-06,0.9346587775493134,0.6253751285665807,2.8665201398111195
0.05,6.036181073409416e-08,1.3864438866232942e-06,1.6296472326393743,0.12148829646955416,2.8665201398111195
0.05,6.036181073409416e-08,1.0182561367871293e-06,1.7273722423371458,0.12148829646955416,2.8665201398111195
0.05,6.036181073409416e-08,1.1457119134403909e-06,1.7273722423371458,0.4114328271816971,2.8665201398111195
0.05,6.71510941309281e-08,1.1457119134403909e-06,2.533521025935018,0.4114328271816971,2.8665201398111195
0.05,6.71510941309281e-08,1.1457119134403909e-06,2.533521025935018,0.4114328271816971,2.8665201398111195
0.05,6.71510941309281e-08,1.1457119134403909e-06,2.2071849527640377,0.228565959681337,2.8665201398111195
0.05,5.152413501565125e-08,1.1457119134403909e-06,2.2071849527640377,0.21470442682257873,2.8665201398111195
0.05,5.152413501565125e-08,1.1457119134403909e-06,2.2071849527640377,0.2813227359865708,5.65830407939306
0.05,5.152413501565125e-08,1.1457119134403909e-06,2.06336497584622,0.2813227359865708,5.65830407939306
0.05,5.152413501565125e-08,1.1457119134403909e-06,2.06336497584622,0.2684852285864152,5.65830407939306
0.05,6.294528858206082e-08,1.1457119134403909e-06,2.06336497584622,0.2684852285864152,5.65830407939306
0.05,6.17226126709008e-08,1.1457119134403909e-06,2.06336497584622,0.2684852285864152,2.3904487784508346
0.05,6.17226126709008e-08,1.1457119134403909e-06,2.7317726184980105,0.2684852285864152,0.9265685359515476
0.05,4.5993323983361074e-08,8.783603571285423e-07,3.1573938900920395,0.2684852285864152,1.6649374945857538
0.05,4.5993323983361074e-08,2.4878941383427583e-06,3.5410003499441443,0.2684852285864152,1.6649374945857538
0.05,4.5993323983361074e-08,2.4878941383427583e-06,3.5410003499441443,0.2684852285864152,1.6649374945857538
0.05,4.5993323983361074e-08,2.4878941383427583e-06,3.5410003499441443,0.2684852285864152,1.6649374945857538
0.05,5.2814390473845455e-08,4.928992400807762e-06,3.5410003499441443,0.2684852285864152,1.6649374945857538
0.05,5.2814390473845455e-08,4.928992400807762e-06,3.5410003499441443,0.2684852285864152,1.6649374945857538
0.05,4.556544721235729e-08,3.7482563208516e-06,3.8129131902568854,0.2684852285864152,1.6649374945857538
0.05,4.556544721235729e-08,3.7482563208516e-06,3.143069214202299,0.2684852285864152,1.6649374945857538
0.05,4.556544721235729e-08,1.7346737366074993e-06,2.2000056905729197,0.2684852285864152,2.236801441799157
0.05,7.266357164455918e-08,1.7346737366074993e-06,2.2000056905729197,0.30183339311350066,2.236801441799157
0.05,7.266357164455918e-08,1.7346737366074993e-06,2.2000056905729197,0.30183339311350066,2.236801441799157
0.05,7.266357164455918e-08,2.509091248876592e-07,2.2000056905729197,0.30183339311350066,2.236801441799157
0.05,7.266357164455918e-08,2.509091248876592e-07,1.467049512031662,0.35288148036647166,3.164606438641875
0.05,7.266357164455918e-08,1.8465179096983751e-07,1.467049512031662,0.35288148036647166,3.164606438641875
0.05,7.266357164455918e-08,1.8465179096983751e-07,1.467049512031662,0.35288148036647166,3.164606438641875
0.05,5.062741925119563e-08,1.8465179096983751e-07,1.467049512031662,0.35288148036647166,7.000093010331714
0.05,5.062741925119563e-08,6.663464058157767e-08,1.7430879077296892,0.35288148036647166,7.000093010331714
0.05,5.062741925119563e-08,1.0788690836639467e-06,1.7430879077296892,0.4306003005295386,7.000093010331714
0.05,4.821150680258487e-08,1.0788690836639467e-06,1.098556404981624,0.4306003005295386,7.000093010331714
0.05,5.232726443032363e-08,1.5818411403926023e-06,1.098556404981624,0.11790520371580972,7.000093010331714
0.05,5.232726443032363e-08,1.5818411403926023e-06,1.098556404981624,0.017415478874883917,7.000093010331714
0.05,5.232726443032363e-08,1.5818411403926023e-06,1.098556404981624,0.017415478874883917,7.000093010331714
0.05,5.232726443032363e-08,4.7921183410711e-07,1.098556404981624,0.017415478874883917,7.000093010331714
0.05,5.232726443032363e-08,9.23122070479781e-08,1.3451863182753874,0.00569912736642484,7.000093010331714
0.05,6.664224303398674e-08,1.2234668254665337e-06,1.3451863182753874,0.018285455104423663,3.22936757790226
0.05,6.664224303398674e-08,1.2234668254665337e-06,1.3451863182753874,0.05349607536845523,3.22936757790226
0.05,6.664224303398674e-08,3.3504002099363377e-06,1.3451863182753874,0.05349607536845523,3.22936757790226
0.05,6.664224303398674e-08,2.7403138800171827e-06,1.3451863182753874,0.05349607536845523,3.22936757790226
0.05,6.664224303398674e-08,2.7403138800171827e-06,1.6602407155593368,0.05349607536845523,1.625899529754544
0.05,5.851213224065289e-08,2.7403138800171827e-06,2.563833106046091,0.18699862754982916,1.9403776214642587
0.05,5.851213224065289e-08,2.7403138800171827e-06,2.8364567403193526,0.21690572990109688,1.9403776214642587
0.05,5.851213224065289e-08,2.7403138800171827e-06,2.8364567403193526,0.23383881337843965,1.9403776214642587
0.05,5.851213224065289e-08,2.7403138800171827e-06,1.8552985506587976,0.23383881337843965,1.9403776214642587
0.05,5.851213224065289e-08,7.760921861468731e-07,2.449381331452981,0.07226598098737877,1.9403776214642587
0.05,5.851213224065289e-08,1.8521400292716802e-06,2.449381331452981,0.2262874865687851,1.9403776214642587
0.05,5.851213224065289e-08,3.3762962505561084e-06,2.449381331452981,0.11266080944706905,1.9403776214642587
0.05,5.851213224065289e-08,3.3762962505561084e-06,2.449381331452981,0.11266080944706905,0.8416661272845266
0.05,5.851213224065289e-08,3.3762962505561084e-06,2.449381331452981,0.11266080944706905,1.5422605335310327
0.05,5.851213224065289e-08,3.3762962505561084e-06,2.449381331452981,0.09094259361379278,1.9934778730460385
0.05,5.851213224065289e-08,3.3762962505561084e-06,2.449381331452981,0.0387805469173724,0.33006494337763287
0.05,6.315109382447944e-08,2.1120268894553678e-06,1.447690627451881,0.0387805469173724,0.4116825136881598
0.05,6.315109382447944e-08,2.1120268894553678e-06,1.447690627451881,0.0387805469173724,2.12565075836562
0.05,6.300721969832446e-08,2.1120268894553678e-06,1.447690627451881,0.0387805469173724,2.12565075836562
0.05,7.054798674734583e-08,1.1629870306633887e-06,1.447690627451881,0.015786190446732913,2.12565075836562
0.05,7.054798674734583e-08,1.310030117048859e-06,1.447690627451881,0.015786190446732913,1.797931069581086
0.05,7.054798674734583e-08,1.310030117048859e-06,1.447690627451881,0.047973280785989725,1.797931069581086
0.05,7.190416678165974e-08,2.714556680054543e-06,1.447690627451881,0.047973280785989725,1.797931069581086
0.05,6.23855041799437e-08,2.714556680054543e-06,2.0894250303932203,0.047973280785989725,1.797931069581086
0.05,6.23855041799437e-08,2.714556680054543e-06,2.0894250303932203,0.047973280785989725,1.797931069581086
0.05,6.23855041799437e-08,4.27578661999144e-06,2.0894250303932203,0.07379502165692124,2.4252765823004805
0.05,6.23855041799437e-08,4.27578661999144e-06,1.1575449086007126,0.07379502165692124,2.4252765823004805
0.05,6.23855041799437e-08,1.2525938887436318e-07,1.1575449086007126,0.43109825037266786,4.555495848263323
0.05,6.23855041799437e-08,4.997845433336541e-08,2.5946892709200475,0.43109825037266786,8.317509678814508
0.05,6.23855041799437e-08,4.997845433336541e-08,1.9251813891105483,0.43109825037266786,1.3311857298819039
0.05,6.23855041799437e-08,1.2701086145953766e-07,1.9251813891105483,0.43109825037266786,1.3311857298819039
0.05,6.23855041799437e-08,1.2701086145953766e-07,1.9622796728544767,0.4315825072968814,5.331999473681758
0.05,6.23855041799437e-08,6.649164423616085e-08,1.9622796728544767,0.4315825072968814,5.331999473681758
0.05,6.23855041799437e-08,6.649164423616085e-08,1.9622796728544767,0.4315825072968814,4.703971934152513
0.05,6.23855041799437e-08,1.0746063649514135e-06,1.9622796728544767,0.4315825072968814,4.703971934152513
0.05,6.277023982144651e-08,1.0746063649514135e-06,1.9622796728544767,0.4315825072968814,4.703971934152513
0.05,6.277023982144651e-08,1.0746063649514135e-06,1.9622796728544767,0.3425398318451691,4.703971934152513
0.05,6.277023982144651e-08,1.0746063649514135e-06,1.9622796728544767,0.3425398318451691,4.703971934152513
0.05,6.277023982144651e-08,1.0746063649514135e-06,1.9622796728544767,0.23831203524304592,4.703971934152513
0.05,4.618400767760017e-08,1.0746063649514135e-06,2.640638625054454,0.23831203524304592,1.8021540966473302
0.05,4.618400767760017e-08,1.0746063649514135e-06,2.4039212123840494,0.23831203524304592,1.8021540966473302
0.05,4.618400767760017e-08,1.0746063649514135e-06,3.0304400432233147,0.23831203524304592,1.8021540966473302
0.05,4.618400767760017e-08,5.054821803352895e-06,3.0304400432233147,0.23831203524304592,1.8021540966473302
0.05,8.297528097518775e-08,2.6204842048024367e-06,3.0304400432233147,0.23831203524304592,1.8021540966473302
0.05,8.297528097518775e-08,1.5585577339020351e-06,2.3627673750096183,0.23831203524304592,1.8021540966473302
0.05,8.297528097518775e-08,1.5585577339020351e-06,2.464925655034868,0.07795581206317947,0.1752133645092224
0.05,8.297528097518775e-08,1.5585577339020351e-06,2.464925655034868,0.07795581206317947,0.1752133645092224
0.05,8.297528097518775e-08,1.5585577339020351e-06,2.464925655034868,0.029336788212154033,0.1752133645092224
0.05,8.297528097518775e-08,1.3960672048198706e-06,1.701949335710964,0.029336788212154033,0.1752133645092224
0.05,4.7519288336053767e-08,1.3960672048198706e-06,1.701949335710964,0.029716871560802972,1.42510315307106
0.05,4.489205176973045e-08,1.3960672048198706e-06,1.701949335710964,0.01823478572638792,1.42510315307106
0.05,4.489205176973045e-08,1.3960672048198706e-06,1.701949335710964,0.03232959534770448,1.42510315307106
0.05,4.489205176973045e-08,1.3960672048198706e-06,1.701949335710964,0.1391741404445185,1.42510315307106
0.05,4.489205176973045e-08,1.3960672048198706e-06,1.701949335710964,0.1391741404445185,0.6601915021389821
0.05,4.489205176973045e-08,1.3960672048198706e-06,1.701949335710964,0.1391741404445185,0.6601915021389821
0.05,4.489205176973045e-08,1.3960672048198706e-06,1.701949335710964,0.1391741404445185,2.9588291889842977
0.05,4.489205176973045e-08,1.3960672048198706e-06,1.701949335710964,0.18428105600466407,2.9588291889842977
0.05,4.489205176973045e-08,1.3960672048198706e-06,1.701949335710964,0.18428105600466407,2.9588291889842977
0.05,7.426710677450207e-08,1.3960672048198706e-06,1.701949335710964,0.18428105600466407,5.079515335528505
0.05,4.4776989936291735e-08,1.3960672048198706e-06,1.701949335710964,0.18428105600466407,5.079515335528505
0.05,4.4776989936291735e-08,1.3960672048198706e-06,1.701949335710964,0.18428105600466407,3.485314033210776
0.05,4.4776989936291735e-08,1.3960672048198706e-06,3.8253112407100396,0.18428105600466407,0.530319579450474
0.05,4.4776989936291735e-08,1.3960672048198706e-06,3.355868958802491,0.18428105600466407,0.530319579450474
0.05,4.4776989936291735e-08,1.3960672048198706e-06,3.355868958802491,0.18428105600466407,1.3900189965734606
0.05,4.700235038941455e-08,1.3960672048198706e-06,3.355868958802491,0.18428105600466407,0.48961023290007377
0.05,5.624090951386866e-08,1.3960672048198706e-06,3.355868958802491,0.18428105600466407,0.48961023290007377
0.05,5.624090951386866e-08,1.3960672048198706e-06,3.355868958802491,0.23737647916627572,0.48961023290007377
0.05,5.624090951386866e-08,1.3960672048198706e-06,3.355868958802491,0.3723356806338643,0.48961023290007377
0.05,5.624090951386866e-08,1.3960672048198706e-06,3.455327748038501,0.3723356806338643,0.48961023290007377
0.05,5.624090951386866e-08,1.3960672048198706e-06,2.440943094868104,0.3723356806338643,0.48961023290007377
0.05,5.624090951386866e-08,1.3960672048198706e-06,2.762771825160524,0.3723356806338643,1.690671207481862
0.05,5.624090951386866e-08,4.6009241446775484e-07,2.762771825160524,0.3723356806338643,3.0050250177385953
0.05,5.624090951386866e-08,4.6009241446775484e-07,1.0457804458734161,0.2972472663697903,5.14849970670012
0.05,5.624090951386866e-08,4.6009241446775484e-07,1.0457804458734161,0.2972472663697903,5.14849970670012
0.05,5.624090951386866e-08,6.613589724830963e-07,1.0457804458734161,0.2972472663697903,7.290744674357564
0.05,5.624090951386866e-08,6.613589724830963e-07,1.0457804458734161,0.10930610604252844,7.290744674357564
0.05,7.758670840606309e-08,2.8141354286838043e-06,1.0457804458734161,0.10930610604252844,7.290744674357564
0.05,6.670916027059672e-08,1.747000257719118e-06,0.8045450533674612,0.10930610604252844,7.290744674357564
0.05,6.670916027059672e-08,3.792137299222392e-07,0.8045450533674612,0.10930610604252844,8.401562828318024
0.05,6.670916027059672e-08,8.617306078481091e-07,0.8045450533674612,0.07604314675862413,5.699706490848897
0.05,7.662846002564043e-08,8.617306078481091e-07,0.8045450533674612,0.13334178115442552,5.699706490848897
0.05,7.662846002564043e-08,8.617306078481091e-07,1.4030759445892698,0.0970815925352448,5.699706490848897
0.05,7.662846002564043e-08,8.617306078481091e-07,1.4030759445892698,0.22787155271344994,5.699706490848897
0.05,7.662846002564043e-08,8.617306078481091e-07,1.4030759445892698,0.31274454362458265,5.699706490848897
0.05,7.662846002564043e-08,8.617306078481091e-07,1.4030759445892698,0.24689704092997322,0.6054762804757234
0.05,7.608389002093825e-08,2.6852733274541954e-06,2.0965461771606466,0.2484265639166695,0.6054762804757234
0.05,7.608389002093825e-08,2.6852733274541954e-06,2.0965461771606466,0.2484265639166695,2.3102479817318975
0.05,5.526659405230148e-08,2.6852733274541954e-06,2.3680350611617222,0.31016358231355745,2.0310371387833404
0.05,6.400079559080861e-08,2.5946980271935644e-06,2.3680350611617222,0.31016358231355745,3.6757651100632156
0.05,6.400079559080861e-08,2.5946980271935644e-06,2.3680350611617222,0.31016358231355745,1.1373776426980315
0.05,6.400079559080861e-08,2.5946980271935644e-06,2.997217811545964,0.2849841587486367,1.1373776426980315
0.05,6.400079559080861e-08,2.5946980271935644e-06,1.4667014467129644,0.2849841587486367,1.1373776426980315
0.05,6.400079559080861e-08,2.5946980271935644e-06,4.064922931423988,0.2849841587486367,1.1373776426980315
0.05,6.400079559080861e-08,2.5946980271935644e-06,2.402389744563055,0.2849841587486367,1.1373776426980315
0.05,6.400079559080861e-08,2.5946980271935644e-06,2.0487928045292234,0.28769482170277066,3.611659014698093
0.05,6.400079559080861e-08,2.5946980271935644e-06,2.0487928045292234,0.28769482170277066,3.611659014698093
0.05,6.400079559080861e-08,2.5946980271935644e-06,2.2254388232467375,0.28769482170277066,3.611659014698093
0.05,6.400079559080861e-08,2.5946980271935644e-06,2.2254388232467375,0.28769482170277066,3.611659014698093
0.05,3.656987164234605e-08,2.5946980271935644e-06,2.2254388232467375,0.28769482170277066,3.611659014698093
0.05,7.355076602495828e-08,2.5946980271935644e-06,2.2254388232467375,0.26053545456020294,3.611659014698093
0.05,7.355076602495828e-08,2.5946980271935644e-06,1.2748545019673347,0.26053545456020294,3.611659014698093
0.05,7.355076602495828e-08,3.637502644283798e-06,1.2748545019673347,0.26053545456020294,3.611659014698093
0.05,7.355076602495828e-08,3.637502644283798e-06,1.2748545019673347,0.26053545456020294,3.611659014698093
0.05,7.355076602495828e-08,1.225375223726117e-06,1.946087893270518,0.26053545456020294,3.611659014698093
0.05,7.355076602495828e-08,1.225375223726117e-06,1.946087893270518,0.26053545456020294,3.812084220817369
0.05,7.355076602495828e-08,1.225375223726117e-06,2.7128693665477153,0.26053545456020294,0.637155430223172
0.05,7.355076602495828e-08,1.225375223726117e-06,2.7128693665477153,0.26053545456020294,0.637155430223172
0.05,7.355076602495828e-08,6.935823787724831e-07,2.7128693665477153,0.26053545456020294,2.1050885021459025
0.05,8.07703755543617e-08,6.935823787724831e-07,2.247204168995737,0.26053545456020294,2.1050885021459025
0.05,8.07703755543617e-08,6.935823787724831e-07,2.247204168995737,0.26053545456020294,4.329600851305899
0.05,8.07703755543617e-08,6.133612442655702e-08,2.247204168995737,0.38265827792789875,4.329600851305899
0.05,8.07703755543617e-08,3.043292059495175e-06,2.247204168995737,0.38265827792789875,4.329600851305899
0.05,8.07703755543617e-08,3.043292059495175e-06,2.247204168995737,0.21446046763368315,4.329600851305899
0.05,8.07703755543617e-08,3.658555832435237e-07,2.247204168995737,0.21446046763368315,1.1896390615876726
0.05,8.07703755543617e-08,3.658555832435237e-07,2.247204168995737,0.3218069661920045,2.3266278750604874
0.05,4.9758282541074884e-08,3.658555832435237e-07,2.392597731273109,0.3218069661920045,4.093778394671243
0.05,4.9758282541074884e-08,1.5599919401307635e-06,2.392597731273109,0.3218069661920045,4.093778394671243
0.05,4.9758282541074884e-08,1.5599919401307635e-06,2.392597731273109,0.3218069661920045,1.5451544904299919
0.05,4.9758282541074884e-08,1.6950660100863019e-06,2.0856109040471353,0.2420540894477548,1.5451544904299919
0.05,4.9758282541074884e-08,1.6950660100863019e-06,2.0856109040471353,0.2420540894477548,1.5451544904299919
0.05,4.795724933766791e-08,2.3254859014431596e-06,2.5229450640190736,0.3375867223343976,1.8048176773728128
0.05,4.2719206763956875e-08,2.3254859014431596e-06,2.4940639986768893,0.4012638788378274,5.425820947763835
0.05,4.2719206763956875e-08,2.3254859014431596e-06,2.4940639986768893,0.4012638788378274,5.425820947763835
0.05,6.141307132876167e-08,4.944612757501057e-06,2.302071178412617,0.4012638788378274,5.425820947763835
0.05,6.141307132876167e-08,2.469854685063686e-06,1.8003895641418188,0.4012638788378274,5.425820947763835
0.05,6.141307132876167e-08,3.6996164068593123e-07,2.3003156787045826,0.4012638788378274,5.425820947763835
0.05,6.141307132876167e-08,3.6996164068593123e-07,2.4679347248101577,0.4012638788378274,5.425820947763835
0.05,6.141307132876167e-08,3.6996164068593123e-07,2.4679347248101577,0.4012638788378274,5.425820947763835
0.05,6.141307132876167e-08,3.6996164068593123e-07,1.5609887104869262,0.4012638788378274,5.425820947763835
0.05,5.836518809015288e-08,3.6996164068593123e-07,1.5609887104869262,0.4012638788378274,5.425820947763835
0.05,8.19836632062163e-08,5.571463141619552e-07,1.5609887104869262,0.30785978071377523,5.425820947763835
0.05,8.19836632062163e-08,2.4980015578010713e-06,1.5609887104869262,0.30785978071377523,5.425820947763835
0.05,8.19836632062163e-08,5.73672764848471e-06,1.6005373772183908,0.30785978071377523,5.425820947763835
0.05,6.357031962315696e-08,5.73672764848471e-06,1.6005373772183908,0.30785978071377523,5.425820947763835
0.05,6.357031962315696e-08,8.701292410153844e-07,1.6005373772183908,0.30785978071377523,5.425820947763835
0.05,6.357031962315696e-08,8.701292410153844e-07,1.6005373772183908,0.25423527090339093,5.762138054731656
0.05,6.357031962315696e-08,7.387059631808072e-07,1.6005373772183908,0.25423527090339093,5.762138054731656
0.05,6.357031962315696e-08,5.45853847659669e-07,1.6005373772183908,0.25423527090339093,5.762138054731656
0.05,6.357031962315696e-08,5.45853847659669e-07,1.6005373772183908,0.25423527090339093,1.1498207642419553
0.05,6.357031962315696e-08,5.45853847659669e-07,1.6005373772183908,0.2105609410446503,1.1498207642419553
0.05,6.357031962315696e-08,5.45853847659669e-07,1.6005373772183908,0.2105609410446503,1.1498207642419553
0.05,6.797900937280896e-08,1.245300832516429e-07,1.6005373772183908,0.37967961260991406,1.1498207642419553
0.05,6.797900937280896e-08,5.661939917033901e-06,2.6570887119732345,0.37967961260991406,1.1498207642419553
0.05,6.797900937280896e-08,5.661939917033901e-06,2.6570887119732345,0.22142538967654726,1.1498207642419553
0.05,6.797900937280896e-08,5.661939917033901e-06,2.6570887119732345,0.17096523631584956,1.4124763507916929
0.05,6.797900937280896e-08,9.319608476283455e-07,2.6570887119732345,0.17096523631584956,1.4124763507916929
0.05,6.797900937280896e-08,9.319608476283455e-07,2.6570887119732345,0.17096523631584956,1.2494148237579974
0.05,6.797900937280896e-08,5.943996601115141e-07,2.6570887119732345,0.14728010302774572,1.2494148237579974
0.05,6.797900937280896e-08,1.0456499811045517e-06,2.6570887119732345,0.20874389617569397,1.2494148237579974
0.05,6.797900937280896e-08,1.0456499811045517e-06,2.188565153859051,0.33306737693337035,1.2494148237579974
0.05,3.7495400649376566e-08,1.0456499811045517e-06,2.188565153859051,0.33306737693337035,1.2494148237579974
0.05,5.5358720921250784e-08,1.0456499811045517e-06,2.188565153859051,0.33306737693337035,1.8296148202931686
0.05,5.5358720921250784e-08,1.0456499811045517e-06,2.188565153859051,0.33306737693337035,5.081821729105408
0.05,5.5358720921250784e-08,1.0456499811045517e-06,2.188565153859051,0.33306737693337035,5.081821729105408
0.05,5.5358720921250784e-08,4.437094923817147e-06,2.188565153859051,0.33306737693337035,5.081821729105408
0.05,5.5358720921250784e-08,4.437094923817147e-06,2.188565153859051,0.33306737693337035,5.081821729105408
0.05,5.5358720921250784e-08,5.692476667724652e-06,2.188565153859051,0.33306737693337035,5.081821729105408
0.05,5.5358720921250784e-08,5.692476667724652e-06,2.188565153859051,0.33306737693337035,5.081821729105408
0.05,7.337165173699999e-08,2.0648779263040163e-06,2.188565153859051,0.33306737693337035,5.081821729105408
0.05,7.337165173699999e-08,1.1908805352431587e-06,2.4599734577619405,0.33306737693337035,5.081821729105408
0.05,7.337165173699999e-08,2.4980322038086243e-06,2.4599734577619405,0.33306737693337035,5.081821729105408
0.05,7.337165173699999e-08,2.4980322038086243e-06,1.0487318438340363,0.4469957168210043,5.6888047077236
0.05,6.34563277379606e-08,1.2389424834879468e-06,0.6235952426776583,0.4469957168210043,4.695647274759805
0.05,6.34563277379606e-08,3.683644928027162e-06,0.9226735936855326,0.4469957168210043,4.695647274759805
0.05,6.34563277379606e-08,1.1391619377151606e-06,1.1425782394121835,0.6553354096391527,9.714700746498576
0.05,6.34563277379606e-08,1.1391619377151606e-06,1.9012398059332476,0.6553354096391527,7.410517626496248
0.05,6.34563277379606e-08,1.1391619377151606e-06,1.9012398059332476,0.6553354096391527,7.410517626496248
0.05,6.34563277379606e-08,1.1391619377151606e-06,2.525064271859945,0.6553354096391527,7.410517626496248
0.05,6.34563277379606e-08,1.1391619377151606e-06,2.525064271859945,0.5343681735535412,7.410517626496248
0.05,6.34563277379606e-08,1.1391619377151606e-06,1.7502852524426091,0.5343681735535412,7.410517626496248
0.05,6.34563277379606e-08,1.1391619377151606e-06,1.4775243399317537,0.5343681735535412,7.410517626496248
0.05,6.34563277379606e-08,7.092689611095003e-07,1.372615323941822,0.4708937704419823,7.410517626496248
0.05,6.34563277379606e-08,7.092689611095003e-07,1.0658235504183833,0.4708937704419823,6.840739457717416
0.05,6.34563277379606e-08,7.092689611095003e-07,1.0658235504183833,0.28102790385209137,6.219531934451588
0.05,6.34563277379606e-08,3.6761564272684763e-07,1.0658235504183833,0.28102790385209137,0.5298667530246858
0.05,6.34563277379606e-08,3.6761564272684763e-07,1.0658235504183833,0.3422404686963575,3.3923805973219827
0.05,6.34563277379606e-08,5.5179150603939086e-06,1.2064786626207733,0.15460709279565107,3.3923805973219827
0.05,6.34563277379606e-08,3.428598576103744e-06,0.999024647853513,0.07758657998664058,3.3923805973219827
0.05,6.34563277379606e-08,2.3805787818002697e-06,1.2361925257631707,0.057092520089743325,3.3923805973219827
0.05,6.34563277379606e-08,2.3805787818002697e-06,1.613652157085881,0.07139352319936117,3.184793038631504
0.05,6.34563277379606e-08,2.3805787818002697e-06,1.613652157085881,0.45952354182116123,3.184793038631504
0.05,6.34563277379606e-08,2.3805787818002697e-06,1.613652157085881,0.45952354182116123,3.184793038631504
0.05,6.34563277379606e-08,9.606826517896264e-07,1.613652157085881,0.45952354182116123,3.272932224786799
0.05,4.16358415150065e-08,9.606826517896264e-07,1.613652157085881,0.45952354182116123,6.551013967970708
0.05,4.16358415150065e-08,3.6492984607521864e-07,1.613652157085881,0.26666362933130794,6.551013967970708
0.05,4.16358415150065e-08,4.799691499585125e-07,1.613652157085881,0.26666362933130794,5.635060115293154
0.05,4.16358415150065e-08,4.799691499585125e-07,1.613652157085881,0.26666362933130794,5.635060115293154
0.05,4.16358415150065e-08,4.799691499585125e-07,1.6205894999689985,0.26666362933130794,4.304627030594014
0.05,5.512657651484847e-08,4.799691499585125e-07,2.039230001341091,0.26666362933130794,4.304627030594014
0.05,5.512657651484847e-08,4.799691499585125e-07,1.2858665162788898,0.43162999545330233,4.304627030594014
0.05,6.311456827757443e-08,3.7853539090030732e-06,1.4100095638010353,0.43162999545330233,3.6896832904958083
0.05,6.311456827757443e-08,3.7853539090030732e-06,2.025424111428276,0.4353141439710823,3.6896832904958083
0.05,6.311456827757443e-08,3.7853539090030732e-06,2.025424111428276,0.4353141439710823,3.6896832904958083
0.05,6.311456827757443e-08,3.7853539090030732e-06,2.025424111428276,0.20231143633801718,3.6896832904958083
0.05,6.311456827757443e-08,3.7853539090030732e-06,2.025424111428276,0.20231143633801718,3.6896832904958083
0.05,7.763923093687945e-08,3.7853539090030732e-06,2.025424111428276,0.20231143633801718,3.6896832904958083
0.05,3.794055206676592e-08,4.8919081559265e-07,2.025424111428276,0.29801321739689995,3.6896832904958083
0.05,3.794055206676592e-08,6.039128342212275e-07,1.7167224934228589,0.29801321739689995,3.6896832904958083
0.05,4.572415370443404e-08,6.039128342212275e-07,1.7167224934228589,0.29801321739689995,3.6896832904958083
0.05,4.74559945312542e-08,3.2379029262948536e-06,2.769764488060398,0.39323517148974135,3.6896832904958083
0.05,6.372885100220936e-08,3.2379029262948536e-06,1.3294117570455863,0.39323517148974135,3.6896832904958083
0.05,6.372885100220936e-08,3.2379029262948536e-06,1.3294117570455863,0.39323517148974135,3.6896832904958083
0.05,6.372885100220936e-08,3.2379029262948536e-06,1.0906045507963305,0.39323517148974135,7.072256063548283
0.05,6.372885100220936e-08,3.2379029262948536e-06,2.0430064569402386,0.39323517148974135,2.256352022173644
0.05,6.247419133578575e-08,3.2379029262948536e-06,2.0430064569402386,0.39323517148974135,2.256352022173644
0.05,6.247419133578575e-08,1.262430112786908e-06,1.7354542151858456,0.19911245577726377,2.256352022173644
0.05,6.247419133578575e-08,5.556790916146213e-07,1.2964803053441176,0.27195789329560927,2.256352022173644
0.05,6.247419133578575e-08,2.903092924385158e-07,2.0847499827654343,0.27195789329560927,2.256352022173644
0.05,6.247419133578575e-08,2.903092924385158e-07,2.0847499827654343,0.27195789329560927,2.256352022173644
0.05,6.247419133578575e-08,1.1479487474390218e-06,2.0847499827654343,0.27195789329560927,2.256352022173644
0.05,6.247419133578575e-08,1.1479487474390218e-06,2.0847499827654343,0.27195789329560927,2.256352022173644
0.05,5.039445603463043e-08,7.690583855146278e-07,2.0847499827654343,0.27195789329560927,2.183243765062207
0.05,5.039445603463043e-08,7.690583855146278e-07,2.0847499827654343,0.27195789329560927,5.287482869825736
0.05,7.266041983641767e-08,9.708289509308685e-07,2.0847499827654343,0.27195789329560927,5.287482869825736
0.05,7.266041983641767e-08,3.583463218224021e-07,2.0847499827654343,0.27195789329560927,6.828430227898446
0.05,7.266041983641767e-08,3.583463218224021e-07,2.0847499827654343,0.3455823538888065,0.6454197495951521
0.05,7.266041983641767e-08,3.583463218224021e-07,1.9139726636758903,0.3455823538888065,7.269178756432603
0.05,8.960407961536586e-08,4.286451849756652e-07,1.9374202675347458,0.41841205396089487,7.269178756432603
0.05,7.12291199335314e-08,1.9646308612769262e-06,1.9374202675347458,0.41841205396089487,4.431744836082694
0.05,7.12291199335314e-08,1.9646308612769262e-06,1.6555653658841516,0.2982864720781537,4.431744836082694
0.05,7.12291199335314e-08,1.9646308612769262e-06,1.6555653658841516,0.2982864720781537,4.431744836082694
0.05,7.12291199335314e-08,4.4248420398243156e-07,2.0203218229062783,0.2982864720781537,4.431744836082694
0.05,7.12291199335314e-08,3.694991254240572e-07,2.0203218229062783,0.474419883705505,4.431744836082694
0.05,7.12291199335314e-08,3.694991254240572e-07,2.0203218229062783,0.14810099218540643,4.431744836082694
0.05,7.12291199335314e-08,8.731625454781312e-07,2.0203218229062783,0.14810099218540643,4.431744836082694
0.05,7.12291199335314e-08,8.731625454781312e-07,2.0203218229062783,0.19816530837452875,4.431744836082694
0.05,7.12291199335314e-08,8.731625454781312e-07,2.0203218229062783,0.19816530837452875,4.431744836082694
0.05,7.180881869169853e-08,8.731625454781312e-07,2.3049032282383637,0.16252624049535108,4.431744836082694
0.05,6.773818560747565e-08,8.731625454781312e-07,2.3049032282383637,0.16252624049535108,4.431744836082694
0.05,7.0984727983438e-08,8.731625454781312e-07,2.3049032282383637,0.22615954139997202,4.787081941932151
0.05,5.3610257065031194e-08,8.236922309963275e-07,2.3049032282383637,0.2596729249265949,4.787081941932151
0.05,5.3610257065031194e-08,8.236922309963275e-07,2.3459974395613887,0.2596729249265949,4.787081941932151
0.05,5.3581231797382575e-08,8.891759987402471e-07,2.4496995165352957,0.29490069848792416,4.787081941932151
0.05,5.3581231797382575e-08,8.891759987402471e-07,2.42176500874139,0.29490069848792416,2.594837399560475
0.05,5.3581231797382575e-08,8.891759987402471e-07,2.42176500874139,0.29490069848792416,3.607032387211724
0.05,5.3581231797382575e-08,8.704726463634463e-07,2.42176500874139,0.29490069848792416,3.607032387211724
0.05,4.2786845470855e-08,8.704726463634463e-07,2.42176500874139,0.29490069848792416,2.416281514005401
0.05,4.2786845470855e-08,8.704726463634463e-07,2.42176500874139,0.29490069848792416,2.416281514005401
0.05,4.2786845470855e-08,8.704726463634463e-07,2.42176500874139,0.29490069848792416,2.416281514005401
0.05,8.403417502005734e-08,8.704726463634463e-07,2.42176500874139,0.31815848177843714,2.416281514005401
0.05,8.403417502005734e-08,1.1001291393897165e-06,2.42176500874139,0.31815848177843714,2.416281514005401
0.05,8.403417502005734e-08,3.1165939327829566e-06,1.5346990665849831,0.31815848177843714,2.416281514005401
0.05,8.403417502005734e-08,3.1165939327829566e-06,1.5346990665849831,0.31815848177843714,2.416281514005401
0.05,6.215784548426905e-08,3.1165939327829566e-06,1.5346990665849831,0.06453048114756264,2.416281514005401
0.05,6.215784548426905e-08,3.1165939327829566e-06,1.5346990665849831,0.135941362541515,3.080434670609142
0.05,6.215784548426905e-08,3.1165939327829566e-06,1.5346990665849831,0.17916753880939917,3.080434670609142
0.05,6.215784548426905e-08,3.1165939327829566e-06,1.5346990665849831,0.06377946739881817,3.080434670609142
0.05,6.215784548426905e-08,3.1165939327829566e-06,1.5346990665849831,0.06377946739881817,5.60992150505636
0.05,6.215784548426905e-08,3.1165939327829566e-06,2.219994755222623,0.33065799454732736,3.5494936752696473
0.05,6.215784548426905e-08,3.1165939327829566e-06,2.219994755222623,0.2425319676879624,3.5494936752696473
0.05,6.215784548426905e-08,3.1165939327829566e-06,2.219994755222623,0.39167694858930613,3.5494936752696473
0.05,6.215784548426905e-08,3.1165939327829566e-06,2.219994755222623,0.39167694858930613,3.5494936752696473
0.05,6.215784548426905e-08,3.1165939327829566e-06,2.219994755222623,0.39167694858930613,3.5494936752696473
0.05,6.215784548426905e-08,3.1165939327829566e-06,2.219994755222623,0.35771459342372347,3.5494936752696473
0.05,6.215784548426905e-08,3.771664767470405e-06,2.219994755222623,0.35771459342372347,3.5494936752696473
0.05,6.215784548426905e-08,1.114565742078241e-06,2.219994755222623,0.35771459342372347,3.5494936752696473
0.05,6.215784548426905e-08,6.330291374713179e-07,2.219994755222623,0.35771459342372347,3.5494936752696473
0.05,6.215784548426905e-08,6.330291374713179e-07,2.5822093213401947,0.35771459342372347,1.476485719821369
0.05,6.215784548426905e-08,6.330291374713179e-07,2.5822093213401947,0.35771459342372347,1.476485719821369
0.05,6.215784548426905e-08,6.330291374713179e-07,3.064143421015644,0.35771459342372347,0.959055009784263
0.05,6.215784548426905e-08,6.330291374713179e-07,1.358961828700155,0.38617721694118395,0.959055009784263
0.05,6.215784548426905e-08,6.330291374713179e-07,3.2401755333352185,0.38617721694118395,0.959055009784263
0.05,6.215784548426905e-08,6.330291374713179e-07,1.732886032674298,0.15734487230910083,0.22513518924305906
0.05,6.215784548426905e-08,6.750361157811521e-07,1.732886032674298,0.15734487230910083,0.22513518924305906
0.05,6.215784548426905e-08,6.750361157811521e-07,1.732886032674298,0.15734487230910083,0.7373884908170183
0.05,6.215784548426905e-08,6.750361157811521e-07,2.389442921004961,0.21368733412478907,0.7373884908170183
0.05,6.215784548426905e-08,6.750361157811521e-07,2.389442921004961,0.21368733412478907,0.7373884908170183
0.05,6.215784548426905e-08,3.267677584705435e-06,2.1893093154401084,0.21368733412478907,0.7373884908170183
0.05,7.850184652519753e-08,3.267677584705435e-06,2.1893093154401084,0.21368733412478907,4.233447149653843
0.05,7.850184652519753e-08,1.527695761480113e-06,0.9513130005879107,0.22961446625961357,4.233447149653843
0.05,8.30113234377641e-08,1.527695761480113e-06,0.9513130005879107,0.22961446625961357,4.233447149653843
0.05,8.30113234377641e-08,4.441053331834823e-06,1.3885713058088192,0.22961446625961357,4.934743897819946
0.05,8.30113234377641e-08,4.441053331834823e-06,1.5527122509591242,0.19044992876537498,4.934743897819946
0.05,8.30113234377641e-08,4.441053331834823e-06,1.5215440101976525,0.19044992876537498,0.6558378720636382
0.05,8.30113234377641e-08,4.441053331834823e-06,1.5215440101976525,0.16484790145122424,0.6558378720636382
0.05,8.30113234377641e-08,4.441053331834823e-06,1.2126345448492497,0.07559548735733587,0.6558378720636382
0.05,5.657058960742998e-08,4.441053331834823e-06,1.2126345448492497,0.07559548735733587,0.6558378720636382
0.05,5.857571670143794e-08,4.13362331217741e-07,1.3279584391840746,0.07559548735733587,0.6558378720636382
0.05,5.20878631448281e-08,3.327413993810736e-06,1.3279584391840746,0.08752829900340042,4.278281908478295
0.05,5.20878631448281e-08,3.327413993810736e-06,0.9709573820446156,0.17055487751601536,4.278281908478295
0.05,8.095562943476097e-08,3.327413993810736e-06,0.9709573820446156,0.17055487751601536,6.37338130364331
0.05,7.251142776905476e-08,3.327413993810736e-06,0.9709573820446156,0.1623561020165905,7.326986373558652
0.05,7.251142776905476e-08,3.327413993810736e-06,1.9266302998787084,0.1623561020165905,2.286356637299109
0.05,7.251142776905476e-08,3.327413993810736e-06,1.9266302998787084,0.17800564071466232,2.7239236793799906
0.05,7.251142776905476e-08,4.226313742067815e-07,1.9266302998787084,0.17800564071466232,2.7239236793799906
0.05,7.251142776905476e-08,4.226313742067815e-07,1.9266302998787084,0.1588277014054662,3.816403520039999
0.05,7.251142776905476e-08,4.226313742067815e-07,1.9266302998787084,0.1588277014054662,3.816403520039999
0.05,7.251142776905476e-08,4.226313742067815e-07,2.3991168429831484,0.3454279356170639,3.816403520039999
0.05,7.251142776905476e-08,2.0915875575714993e-07,1.7568238975917063,0.3454279356170639,3.816403520039999
0.05,4.692681978168151e-08,3.2833625599580315e-06,1.7568238975917063,0.3454279356170639,1.391007178079783
0.05,4.692681978168151e-08,2.2694610267864395e-06,1.7568238975917063,0.3454279356170639,1.4860591858428185
0.05,4.692681978168151e-08,2.1450808011356508e-06,1.7568238975917063,0.3454279356170639,8.707736131530188
0.05,4.692681978168151e-08,2.1450808011356508e-06,1.7568238975917063,0.3454279356170639,8.707736131530188
0.05,8.342455843202184e-08,2.1450808011356508e-06,1.7568238975917063,0.3454279356170639,2.2316288999188583
0.05,8.342455843202184e-08,3.20754304581336e-06,2.062440906067185,0.3454279356170639,2.2316288999188583
0.05,4.482081536503696e-08,3.20754304581336e-06,2.6723329661396535,0.3454279356170639,2.2316288999188583
0.05,5.4438349735908885e-08,3.20754304581336e-06,1.836849009840717,0.3454279356170639,2.2316288999188583
0.05,5.4438349735908885e-08,3.20754304581336e-06,1.836849009840717,0.372792946249784,2.2316288999188583
0.05,5.4438349735908885e-08,3.20754304581336e-06,2.037058513693901,0.372792946249784,2.2316288999188583
0.05,5.4438349735908885e-08,5.4273865279320305e-08,2.037058513693901,0.37521756186384353,6.3437609154824255
0.05,5.4438349735908885e-08,5.4273865279320305e-08,1.5821859974067287,0.3931531918432466,7.233719134240135
0.05,5.4438349735908885e-08,5.4273865279320305e-08,1.2602273281683376,0.3681439070403341,7.233719134240135
0.05,5.4438349735908885e-08,5.4273865279320305e-08,1.2602273281683376,0.42415517731312435,7.233719134240135
0.05,5.4438349735908885e-08,4.254903075328875e-07,1.787033868425012,0.3915251469569817,7.233719134240135
0.05,5.4438349735908885e-08,4.254903075328875e-07,1.787033868425012,0.3915251469569817,7.233719134240135
0.05,5.4438349735908885e-08,3.379222859557798e-06,1.787033868425012,0.4142622855874669,7.233719134240135
0.05,5.4438349735908885e-08,4.260003931839481e-08,1.787033868425012,0.45312628098228536,9.282457819134802
0.05,5.4438349735908885e-08,4.260003931839481e-08,1.787033868425012,0.5332707532429222,9.282457819134802
0.05,5.4438349735908885e-08,4.260003931839481e-08,1.9213244127057438,0.5332707532429222,9.282457819134802
0.05,5.4438349735908885e-08,1.2423761104780741e-08,1.9213244127057438,0.5332707532429222,9.242948921291182
0.05,5.4438349735908885e-08,2.1424867446128724e-07,1.9626096842585956,0.5332707532429222,9.242948921291182
0.05,5.4438349735908885e-08,1.3408027432149673e-06,1.6779711447544718,0.23750247033636035,9.242948921291182
0.05,5.4438349735908885e-08,3.836348051447061e-07,1.6779711447544718,0.23750247033636035,6.2231975335598815
0.05,5.4438349735908885e-08,3.836348051447061e-07,1.6779711447544718,0.19720494618766993,6.2231975335598815
0.05,5.4438349735908885e-08,3.836348051447061e-07,1.6779711447544718,0.19720494618766993,6.2231975335598815
0.05,7.436340495793725e-08,2.64554577032198e-07,1.9439944824434408,0.19720494618766993,4.70062098547263
0.05,5.9268253000820745e-08,7.530784664027731e-07,1.9439944824434408,0.19720494618766993,4.122230406576448
0.05,5.9268253000820745e-08,7.530784664027731e-07,1.9439944824434408,0.19720494618766993,1.8965584688326798
0.05,5.9268253000820745e-08,7.530784664027731e-07,1.9439944824434408,0.19720494618766993,1.8965584688326798
0.05,5.9268253000820745e-08,7.487754913868252e-07,2.5220547914511933,0.19720494618766993,1.8965584688326798
0.05,5.9268253000820745e-08,7.487754913868252e-07,2.238849148195551,0.26929025657013506,1.8965584688326798
0.05,5.9268253000820745e-08,7.487754913868252e-07,2.238849148195551,0.14211149416870608,1.8965584688326798
0.05,5.9268253000820745e-08,7.487754913868252e-07,2.238849148195551,0.1409873772073701,1.8965584688326798
0.05,5.9268253000820745e-08,7.487754913868252e-07,1.5233386450409936,0.11050868512930027,1.8965584688326798
0.05,5.9268253000820745e-08,7.584022129983914e-07,1.5233386450409936,0.11050868512930027,1.8965584688326798
0.05,5.9268253000820745e-08,7.808179017871875e-06,1.5233386450409936,0.11050868512930027,2.4926736341144053
0.05,6.761894696399954e-08,7.808179017871875e-06,1.7112243352767595,0.11050868512930027,2.4926736341144053
0.05,6.761894696399954e-08,7.808179017871875e-06,1.7112243352767595,0.11050868512930027,0.451937725410392
0.05,6.761894696399954e-08,7.808179017871875e-06,1.7112243352767595,0.11050868512930027,3.0633140052518377
0.05,6.761894696399954e-08,7.808179017871875e-06,3.369775559315515,0.3380025845739578,0.3679930784573205
0.05,6.761894696399954e-08,1.0209234063188268e-06,3.369775559315515,0.3444426459040486,0.6691984643934397
0.05,6.761894696399954e-08,3.0355759864354958e-06,2.1141308006812665,0.3444426459040486,3.2071153251639597
0.05,6.761894696399954e-08,1.871487213366287e-06,2.1141308006812665,0.3444426459040486,3.2071153251639597
0.05,5.70409872240206e-08,1.871487213366287e-06,1.8956809211706773,0.3444426459040486,3.2071153251639597
0.05,5.70409872240206e-08,1.871487213366287e-06,1.8956809211706773,0.3444426459040486,3.6188738791491777
0.05,5.70409872240206e-08,1.871487213366287e-06,2.003330632982049,0.37878737037925425,3.6188738791491777
0.05,5.70409872240206e-08,1.8379501548834984e-06,3.076877240210373,0.37878737037925425,2.051170559990134
0.05,5.70409872240206e-08,4.555624022439814e-06,3.076877240210373,0.37878737037925425,2.051170559990134
0.05,5.70409872240206e-08,4.555624022439814e-06,1.6471464264602707,0.37878737037925425,2.051170559990134
0.05,5.462819097523644e-08,4.555624022439814e-06,2.5648486255382767,0.37878737037925425,0.9579961773170215
0.05,5.462819097523644e-08,4.555624022439814e-06,2.2897248311073866,0.37878737037925425,0.9579961773170215
0.05,5.462819097523644e-08,4.555624022439814e-06,2.2897248311073866,0.1622689329543177,3.972777148682315
0.05,5.462819097523644e-08,4.083412085098099e-06,2.2897248311073866,0.2754380563029475,3.972777148682315
0.05,5.462819097523644e-08,7.063843061949396e-07,1.9264863517786446,0.2754380563029475,3.972777148682315
0.05,5.462819097523644e-08,7.063843061949396e-07,1.9264863517786446,0.2754380563029475,3.972777148682315
0.05,5.462819097523644e-08,9.734094644829349e-07,1.7715972342940804,0.2754380563029475,3.972777148682315
0.05,6.091583014256456e-08,9.734094644829349e-07,1.7715972342940804,0.2754380563029475,3.972777148682315
0.05,6.091583014256456e-08,2.5116539748835923e-06,1.240886903390537,0.2754380563029475,3.972777148682315
0.05,6.504969543711227e-08,2.5116539748835923e-06,1.240886903390537,0.19428153467590775,3.972777148682315
0.05,6.504969543711227e-08,2.5116539748835923e-06,3.4127774057883165,0.31612062923555934,1.289022391038249
0.05,5.6716763369602494e-08,3.5155416112050136e-06,1.2305436267570378,0.31612062923555934,1.289022391038249
0.05,5.6716763369602494e-08,3.5155416112050136e-06,1.2305436267570378,0.31612062923555934,7.737526182902588
0.05,5.6716763369602494e-08,3.5155416112050136e-06,1.2305436267570378,0.31612062923555934,7.737526182902588
0.05,5.6716763369602494e-08,3.5155416112050136e-06,1.2305436267570378,0.4306554657296228,7.737526182902588
0.05,5.6716763369602494e-08,2.911719823136214e-06,1.4791179675990649,0.4787024319777722,8.437398492296417
0.05,5.6716763369602494e-08,2.911719823136214e-06,1.5916294081991633,0.4537715334986235,8.437398492296417
0.05,5.6716763369602494e-08,2.911719823136214e-06,1.5916294081991633,0.4537715334986235,9.54737377768089
0.05,5.6716763369602494e-08,1.9623081835452245e-06,1.5916294081991633,0.4537715334986235,7.121074637133496
0.05,5.6716763369602494e-08,1.9623081835452245e-06,1.5916294081991633,0.3731215389783023,6.352934232489579
0.05,5.6716763369602494e-08,1.9623081835452245e-06,1.5916294081991633,0.49643278676988534,6.352934232489579
0.05,5.6716763369602494e-08,5.120043886816598e-07,1.0906474435508775,0.3546142487608969,8.350509772421383
0.05,5.6716763369602494e-08,5.120043886816598e-07,1.0906474435508775,0.23673563609771622,8.350509772421383
0.05,5.6716763369602494e-08,5.120043886816598e-07,1.5343062615283618,0.23673563609771622,4.096635005903818
0.05,5.6716763369602494e-08,5.120043886816598e-07,2.5631617491678353,0.4582410092967255,3.1851203651946243
0.05,5.6716763369602494e-08,5.120043886816598e-07,2.0526489351970647,0.4582410092967255,3.1851203651946243
0.05,6.631397782836356e-08,5.120043886816598e-07,1.5888336153460803,0.4582410092967255,3.1851203651946243
0.05,6.631397782836356e-08,5.120043886816598e-07,1.5888336153460803,0.43680876020551257,4.7542096051361336
0.05,7.141482221212627e-08,5.120043886816598e-07,1.5888336153460803,0.43680876020551257,4.7542096051361336
0.05,7.141482221212627e-08,5.120043886816598e-07,1.5888336153460803,0.2381629451262953,4.7542096051361336
0.05,7.141482221212627e-08,5.120043886816598e-07,1.5888336153460803,0.2381629451262953,5.349882908744408
0.05,7.141482221212627e-08,5.120043886816598e-07,1.5888336153460803,0.2381629451262953,5.349882908744408
0.05,8.810583351291674e-08,5.120043886816598e-07,1.5888336153460803,0.2381629451262953,5.349882908744408
0.05,8.810583351291674e-08,2.476405177332709e-07,1.8087674697315377,0.2381629451262953,5.349882908744408
0.05,8.810583351291674e-08,4.2274250810719565e-06,1.8087674697315377,0.2381629451262953,5.349882908744408
0.05,6.435872329248553e-08,3.897084571727315e-08,1.8087674697315377,0.2381629451262953,5.349882908744408
0.05,6.435872329248553e-08,3.897084571727315e-08,1.8087674697315377,0.2381629451262953,6.791399016476967
0.05,6.207323552402983e-08,3.359378003803673e-08,2.483772633881995,0.2381629451262953,2.367434239171056
0.05,5.9291223522290024e-08,8.323955113618861e-07,2.483772633881995,0.2381629451262953,2.367434239171056
0.05,5.9291223522290024e-08,8.323955113618861e-07,2.483772633881995,0.2381629451262953,0.28652820818266134
0.05,5.9291223522290024e-08,1.162775202350172e-06,2.483772633881995,0.2381629451262953,0.616644360676425
0.05,5.9291223522290024e-08,1.162775202350172e-06,2.483772633881995,0.2381629451262953,0.616644360676425
0.05,5.9291223522290024e-08,1.162775202350172e-06,3.5201127256433113,0.2381629451262953,0.616644360676425
0.05,5.9291223522290024e-08,1.162775202350172e-06,2.2849470044119142,0.2381629451262953,3.43465690756481
0.05,5.9291223522290024e-08,1.162775202350172e-06,2.2849470044119142,0.3317282403736455,3.43465690756481
0.05,5.9291223522290024e-08,1.162775202350172e-06,2.2849470044119142,0.23416027232558478,3.654727131488692
0.05,5.9291223522290024e-08,1.162775202350172e-06,2.2849470044119142,0.23416027232558478,2.0428064099944967
0.05,5.9291223522290024e-08,4.255923550192974e-07,2.2849470044119142,0.17572178014574835,1.4845026885229977
0.05,5.9291223522290024e-08,6.912301750621793e-06,2.2849470044119142,0.17572178014574835,1.4845026885229977
0.05,3.758766225739212e-08,6.912301750621793e-06,2.2849470044119142,0.17572178014574835,1.4845026885229977
0.05,3.758766225739212e-08,6.916965271679432e-06,2.2849470044119142,0.17572178014574835,1.4845026885229977
0.05,7.621115230468e-08,1.4122042860684234e-06,2.2849470044119142,0.2694885230206672,1.4845026885229977
0.05,7.621115230468e-08,1.6580401393751357e-06,1.6857391592819222,0.22732482183719038,1.7483800529866802
0.05,7.621115230468e-08,1.6580401393751357e-06,1.6857391592819222,0.04100776223445529,1.7483800529866802
0.05,7.621115230468e-08,2.9016120020876823e-06,1.6857391592819222,0.030317419258037253,1.7483800529866802
0.05,7.621115230468e-08,3.346965558127619e-07,1.6857391592819222,0.0393028425727855,1.7483800529866802
0.05,5.63490852092249e-08,4.447661273279521e-07,1.8241963110521562,0.04695732180697897,1.7483800529866802
0.05,4.974517392864113e-08,4.447661273279521e-07,1.8241963110521562,0.04695732180697897,1.7483800529866802
0.05,7.885268589280955e-08,4.447661273279521e-07,1.8241963110521562,0.12239038761388994,1.7483800529866802
0.05,5.855272712978239e-08,4.447661273279521e-07,1.8241963110521562,0.12239038761388994,1.7483800529866802
0.05,5.678458297859928e-08,3.618775171960881e-07,1.8241963110521562,0.1545226814500738,1.7483800529866802
0.05,4.9806157117311347e-08,3.618775171960881e-07,1.8241963110521562,0.3030950176021675,1.7483800529866802
0.05,4.9806157117311347e-08,4.529340269384363e-06,3.4351036573013856,0.3030950176021675,1.7483800529866802
0.05,3.388190112978922e-08,4.529340269384363e-06,3.4351036573013856,0.3030950176021675,1.7483800529866802
0.05,3.388190112978922e-08,4.529340269384363e-06,3.4351036573013856,0.3030950176021675,1.7483800529866802
0.05,6.954341707206426e-08,9.551506646562795e-06,3.4351036573013856,0.3030950176021675,1.0334017577211867
0.05,6.954341707206426e-08,5.996369734614424e-07,3.4351036573013856,0.3030950176021675,1.0334017577211867
0.05,6.954341707206426e-08,2.493320562261341e-06,1.587922506579373,0.36822997373173016,1.0334017577211867
0.05,5.940531807095088e-08,2.493320562261341e-06,1.7915700114551898,0.28117577462566135,1.1709088378475432
0.05,5.940531807095088e-08,4.0176372779512475e-06,1.7915700114551898,0.1955557534278497,1.1709088378475432
0.05,5.940531807095088e-08,4.0176372779512475e-06,1.7915700114551898,0.12793534063365786,1.1709088378475432
0.05,5.940531807095088e-08,4.0176372779512475e-06,3.352764280075803,0.12793534063365786,1.1709088378475432
0.05,6.865355461815122e-08,5.7372997844289245e-08,1.7900632375560819,0.12793534063365786,1.1709088378475432
0.05,7.520742394052054e-08,1.7718741383021341e-07,1.963419451959925,0.236191032376196,1.1709088378475432
0.05,7.520742394052054e-08,2.0297580143886659e-07,1.963419451959925,0.23796521770304807,1.1709088378475432
0.05,7.520742394052054e-08,7.247525773212702e-08,1.963419451959925,0.23796521770304807,1.1363237455481903
0.05,5.4143043383852555e-08,5.933463752618924e-08,1.963419451959925,0.23796521770304807,1.3181798255496522
0.05,5.5695651915146323e-08,5.933463752618924e-08,1.963419451959925,0.23796521770304807,2.0220966600439425
0.05,5.5695651915146323e-08,4.132883542891915e-06,2.131916598934926,0.3816169572731511,2.0220966600439425
0.05,5.5695651915146323e-08,4.132883542891915e-06,2.131916598934926,0.3816169572731511,7.17469552563423
0.05,8.866331835697075e-08,2.678899615861558e-07,1.6587725158250404,0.3816169572731511,7.17469552563423
0.05,8.866331835697075e-08,2.678899615861558e-07,1.6587725158250404,0.3816169572731511,4.619131137298683
0.05,8.866331835697075e-08,4.784250842756132e-07,1.6587725158250404,0.4290998641843125,4.619131137298683
0.05,5.307055291717086e-08,1.7517842883958916e-06,1.304159861775842,0.4290998641843125,4.619131137298683
0.05,5.307055291717086e-08,1.7517842883958916e-06,1.2597366196522728,0.16809250032795736,4.619131137298683
0.05,5.384490592649559e-08,3.0358056309325626e-06,2.2140134192585084,0.16809250032795736,1.8029110185153003
0.05,4.5891726994669344e-08,7.133848454466908e-06,2.2209142316270216,0.16809250032795736,1.8029110185153003
0.05,4.5891726994669344e-08,7.133848454466908e-06,2.6969936910833154,0.16809250032795736,1.8029110185153003
0.05,4.5891726994669344e-08,5.451071372414838e-07,2.6969936910833154,0.15490501023318937,1.8029110185153003
0.05,4.5891726994669344e-08,6.949867944515748e-07,2.6969936910833154,0.4035763401936285,1.8029110185153003
0.05,4.5891726994669344e-08,6.949867944515748e-07,3.0156572994886504,0.4035763401936285,1.8029110185153003
0.05,4.5891726994669344e-08,6.949867944515748e-07,3.076185354927443,0.4035763401936285,1.8029110185153003
0.05,4.5891726994669344e-08,6.949867944515748e-07,3.076185354927443,0.4035763401936285,1.8029110185153003
0.05,4.5891726994669344e-08,6.949867944515748e-07,2.6850539406742033,0.4035763401936285,5.910837727520271
0.05,4.5891726994669344e-08,3.4855333774904352e-06,2.1302755333289647,0.4035763401936285,1.5960027252913243
0.05,4.5891726994669344e-08,3.4855333774904352e-06,2.1302755333289647,0.4035763401936285,0.4465271073810716
0.05,4.5891726994669344e-08,3.4855333774904352e-06,3.1079334972777115,0.4035763401936285,0.4465271073810716
0.05,4.5891726994669344e-08,3.4855333774904352e-06,3.1079334972777115,0.24597596367574742,1.0593628704188611
0.05,4.5891726994669344e-08,3.4855333774904352e-06,3.1615338959696997,0.24597596367574742,1.0593628704188611
0.05,6.96750032294243e-08,3.4855333774904352e-06,1.401371060356763,0.2059742277119742,1.0593628704188611
0.05,4.255054026845526e-08,3.4855333774904352e-06,3.307417915749173,0.2059742277119742,1.0593628704188611
0.05,4.255054026845526e-08,1.411781952467869e-07,3.0467380901148755,0.2059742277119742,1.0593628704188611
0.05,4.255054026845526e-08,1.5775700869733714e-07,1.817895576127988,0.310967414004023,1.126511952321008
0.05,4.255054026845526e-08,1.5304803990484443e-05,2.9096047034465777,0.2880021489452729,1.126511952321008
0.05,4.255054026845526e-08,1.5304803990484443e-05,3.4348746665398866,0.14040696786407672,1.126511952321008
0.05,4.255054026845526e-08,4.792911607787766e-06,2.176252137406135,0.15649324579808452,1.126511952321008
0.05,5.0418978396177376e-08,4.792911607787766e-06,1.2013180378563275,0.12203344337828755,3.3901429410014345
0.05,8.26609713443919e-08,5.045884073662809e-07,1.2013180378563275,0.24375789785290233,3.3901429410014345
0.05,8.26609713443919e-08,5.045884073662809e-07,1.2013180378563275,0.2534159574536918,3.3901429410014345
0.05,8.26609713443919e-08,1.0358100589707995e-06,1.2013180378563275,0.23616538805001955,5.8684417991159865
0.05,8.26609713443919e-08,1.0358100589707995e-06,1.4514573471458034,0.23616538805001955,5.8684417991159865
0.05,8.26609713443919e-08,3.3977707011510978e-06,1.4514573471458034,0.1409529197915098,1.6426247053102836
0.05,8.26609713443919e-08,3.3977707011510978e-06,1.4514573471458034,0.24455587456685157,2.4091982791605813
0.05,8.26609713443919e-08,5.985575910659455e-06,1.4514573471458034,0.24455587456685157,4.575078361221871
0.05,6.099962539889996e-08,5.757201821257102e-06,1.4514573471458034,0.24455587456685157,0.4727049461242434
0.05,6.099962539889996e-08,5.757201821257102e-06,1.4514573471458034,0.24455587456685157,1.4794079469871928
0.05,6.099962539889996e-08,5.757201821257102e-06,1.4514573471458034,0.2655967063928249,1.4794079469871928
0.05,6.099962539889996e-08,5.757201821257102e-06,1.4514573471458034,0.32395363290508206,1.4794079469871928
0.05,6.099962539889996e-08,2.2211929613563495e-06,1.4514573471458034,0.32395363290508206,0.7778811285391446
0.05,6.099962539889996e-08,2.2211929613563495e-06,1.4514573471458034,0.11064474140892015,0.7778811285391446
0.05,6.099962539889996e-08,2.2211929613563495e-06,3.1730781527495977,0.26635723153845614,0.4989760108144717
0.05,6.099962539889996e-08,2.2211929613563495e-06,1.1577067980635585,0.12897705688563932,0.4989760108144717
0.05,6.099962539889996e-08,2.2211929613563495e-06,1.1577067980635585,0.3190568090646059,3.8719999405532493
0.05,6.099962539889996e-08,2.2211929613563495e-06,1.1577067980635585,0.37879370590263906,6.599892080464645
0.05,6.668291171327294e-08,6.71331893998847e-07,1.1577067980635585,0.34272463170938255,6.599892080464645
0.05,6.668291171327294e-08,6.71331893998847e-07,1.4668092206614556,0.43672059991516504,6.599892080464645
0.05,6.668291171327294e-08,6.71331893998847e-07,1.384834164665455,0.43672059991516504,6.599892080464645
0.05,6.668291171327294e-08,2.496536765801493e-06,1.384834164665455,0.500599964877489,4.7442689669532765
0.05,6.668291171327294e-08,2.496536765801493e-06,1.6503092017489551,0.13966942744782113,4.7442689669532765
0.05,6.668291171327294e-08,1.2295446015762712e-06,1.6503092017489551,0.13966942744782113,4.7442689669532765
0.05,4.497806316773334e-08,1.2295446015762712e-06,1.6503092017489551,0.6759283307457155,4.7442689669532765
0.05,4.497806316773334e-08,1.2295446015762712e-06,1.6503092017489551,0.6560820328238559,8.777657676986795
0.05,4.497806316773334e-08,5.554610430804173e-07,1.6503092017489551,0.46942903102690486,8.777657676986795
0.05,4.497806316773334e-08,5.554610430804173e-07,1.6503092017489551,0.46942903102690486,8.534617512849945
0.05,4.497806316773334e-08,5.554610430804173e-07,1.6503092017489551,0.5539145476937404,8.534617512849945
0.05,4.497806316773334e-08,5.554610430804173e-07,1.6503092017489551,0.5424729865115445,8.534617512849945
0.05,4.497806316773334e-08,5.554610430804173e-07,1.6503092017489551,0.5424729865115445,8.534617512849945
0.05,4.497806316773334e-08,1.4914635364539958e-06,1.6503092017489551,0.5424729865115445,9.352929576118711
0.05,4.497806316773334e-08,1.4914635364539958e-06,1.6503092017489551,0.5424729865115445,9.161490135737257
0.05,4.497806316773334e-08,1.4914635364539958e-06,1.6503092017489551,0.652233102369004,9.161490135737257
0.05,4.497806316773334e-08,7.051031387580558e-06,1.6503092017489551,0.652233102369004,5.255984401367289
0.05,4.497806316773334e-08,5.080570400167601e-06,1.6503092017489551,0.45201401511852946,9.50141662108265
0.05,4.497806316773334e-08,5.080570400167601e-06,1.6503092017489551,0.45201401511852946,9.50141662108265
0.05,4.497806316773334e-08,5.080570400167601e-06,2.019538722823289,0.45201401511852946,9.50141662108265
0.05,3.976302720714705e-08,5.080570400167601e-06,2.019538722823289,0.45201401511852946,9.50141662108265
0.05,3.976302720714705e-08,5.080570400167601e-06,2.019538722823289,0.45201401511852946,9.50141662108265
0.05,3.976302720714705e-08,1.591891416864049e-06,1.7335928531552094,0.6906255292957302,9.817371493849707
0.05,3.976302720714705e-08,1.591891416864049e-06,1.7335928531552094,0.6906255292957302,9.98071210822842
0.05,3.976302720714705e-08,1.591891416864049e-06,1.7335928531552094,0.6390259547096584,6.150595929563084
0.05,3.976302720714705e-08,7.654184411043139e-07,1.7335928531552094,0.6676283089497022,6.150595929563084
0.05,6.885358096268491e-08,1.1048303035784167e-06,1.7335928531552094,0.5731690929369803,6.150595929563084
0.05,6.885358096268491e-08,1.1048303035784167e-06,1.7335928531552094,0.23332622831383104,6.150595929563084
0.05,6.319603389366367e-08,1.1048303035784167e-06,1.7335928531552094,0.21120263125418806,6.150595929563084
0.05,6.319603389366367e-08,1.1048303035784167e-06,2.3691225342084383,0.21120263125418806,2.0553363039234798
0.05,6.319603389366367e-08,1.1048303035784167e-06,2.3468225093090362,0.21120263125418806,0.3276941220627278
0.05,6.319603389366367e-08,1.1048303035784167e-06,2.1137834731503986,0.21120263125418806,0.3276941220627278
0.05,7.954407706813231e-08,1.1048303035784167e-06,3.9614242016582635,0.21120263125418806,0.3276941220627278
0.05,7.954407706813231e-08,1.1048303035784167e-06,2.570471551570845,0.21120263125418806,1.4963450106473086
0.05,7.954407706813231e-08,1.5248348257459807e-07,2.570471551570845,0.21120263125418806,1.4963450106473086
0.05,6.077688097614074e-08,1.5248348257459807e-07,2.570471551570845,0.2117527579022926,1.4963450106473086
0.05,6.077688097614074e-08,1.5248348257459807e-07,2.570471551570845,0.2117527579022926,1.4963450106473086
0.05,6.077688097614074e-08,1.5248348257459807e-07,2.570471551570845,0.2117527579022926,2.068906140995251
0.05,6.077688097614074e-08,1.5248348257459807e-07,2.570471551570845,0.2117527579022926,2.068906140995251
0.05,6.077688097614074e-08,5.1202526399283275e-06,2.2909721990456022,0.2117527579022926,0.8316675955522547
0.05,6.077688097614074e-08,5.745328964138221e-06,2.2909721990456022,0.2117527579022926,0.4948136668850966
0.05,6.077688097614074e-08,5.745328964138221e-06,1.3330852750749014,0.3849624002943204,3.0891449022683304
0.05,4.34061196277829e-08,5.745328964138221e-06,1.6257734812471891,0.1482078507291319,3.0272290207536665
0.05,3.462260759939464e-08,1.2391624573958685e-06,1.6257734812471891,0.4624619267322369,3.0272290207536665
0.05,3.462260759939464e-08,1.2391624573958685e-06,1.6257734812471891,0.4624619267322369,6.81246647042758
0.05,3.462260759939464e-08,1.2391624573958685e-06,1.6257734812471891,0.6342906052741495,8.300997454960179
0.05,3.462260759939464e-08,7.330374840963406e-07,1.6257734812471891,0.22590484961978177,8.300997454960179
0.05,3.462260759939464e-08,7.330374840963406e-07,1.6257734812471891,0.22590484961978177,6.370065909493347
0.05,3.949091639878604e-08,7.330374840963406e-07,1.6257734812471891,0.2568548781731709,6.370065909493347
0.05,7.76598333009689e-08,7.330374840963406e-07,0.8333978531797188,0.2568548781731709,6.370065909493347
0.05,8.178271484346577e-08,2.6381364051973964e-06,0.8333978531797188,0.5164792768913399,8.277779133715878
0.05,8.178271484346577e-08,2.6381364051973964e-06,1.592540063584043,0.27945900590410455,8.277779133715878
0.05,8.178271484346577e-08,2.6381364051973964e-06,1.592540063584043,0.27945900590410455,3.1053868363324844
0.05,8.178271484346577e-08,2.6381364051973964e-06,1.592540063584043,0.27945900590410455,5.94001675967863
0.05,8.178271484346577e-08,7.741365048100045e-07,2.9178265059010355,0.27945900590410455,2.637190263233683
0.05,8.178271484346577e-08,1.0651196023549357e-06,2.9178265059010355,0.27945900590410455,3.058641901591652
0.05,8.178271484346577e-08,1.1584553479401171e-06,2.6936025872778604,0.27945900590410455,3.058641901591652
0.05,8.178271484346577e-08,4.429467950358801e-07,2.6936025872778604,0.27945900590410455,3.058641901591652
0.05,8.178271484346577e-08,4.429467950358801e-07,2.6936025872778604,0.27945900590410455,3.058641901591652
0.05,8.178271484346577e-08,4.429467950358801e-07,2.6936025872778604,0.27945900590410455,3.058641901591652
0.05,8.333455299834116e-08,3.5981681536418673e-06,1.3549624806805327,0.26448617207146,3.058641901591652
0.05,8.333455299834116e-08,4.287942621695349e-06,1.3290342488166738,0.3861013598288355,3.058641901591652
0.05,8.333455299834116e-08,4.287942621695349e-06,1.3290342488166738,0.3861013598288355,3.058641901591652
0.05,8.333455299834116e-08,4.287942621695349e-06,1.3290342488166738,0.3861013598288355,3.058641901591652
0.05,8.333455299834116e-08,4.880746891866284e-06,1.4797777046477636,0.1155942419490683,3.058641901591652
0.05,8.333455299834116e-08,4.880746891866284e-06,1.4797777046477636,0.10998887432843661,3.058641901591652
0.05,6.26873902748196e-08,4.880746891866284e-06,1.4797777046477636,0.14948664339731318,3.058641901591652
0.05,6.26873902748196e-08,3.602929402891941e-07,1.4797777046477636,0.14948664339731318,4.852234805271222
0.05,6.26873902748196e-08,7.056843218134502e-06,1.454430180611632,0.388323205278884,4.852234805271222
0.05,6.26873902748196e-08,7.056843218134502e-06,1.454430180611632,0.388323205278884,4.852234805271222
0.05,5.294714204574022e-08,7.056843218134502e-06,1.454430180611632,0.24275742900417846,1.2907758705639245
0.05,3.6211277015849057e-08,3.7635126282550184e-06,1.454430180611632,0.24275742900417846,1.2907758705639245
0.05,5.940780868199249e-08,3.7635126282550184e-06,1.454430180611632,0.24275742900417846,3.472777495179353
0.05,5.940780868199249e-08,3.7635126282550184e-06,2.2918988572100853,0.24275742900417846,3.472777495179353
0.05,4.898350584802729e-08,1.7059235565398039e-06,2.2918988572100853,0.24275742900417846,3.9744095333335356
0.05,4.898350584802729e-08,1.7059235565398039e-06,2.2918988572100853,0.24275742900417846,3.9744095333335356
0.05,4.898350584802729e-08,1.7059235565398039e-06,2.2918988572100853,0.24275742900417846,3.9744095333335356
0.05,4.898350584802729e-08,1.7059235565398039e-06,2.2918988572100853,0.24275742900417846,3.9744095333335356
0.05,4.898350584802729e-08,1.7059235565398039e-06,3.2065140057073465,0.24275742900417846,3.2397374854261245
0.05,4.898350584802729e-08,1.7059235565398039e-06,3.2065140057073465,0.24275742900417846,3.2397374854261245
0.05,4.898350584802729e-08,1.7059235565398039e-06,3.6640257833659167,0.24275742900417846,3.2397374854261245
0.05,7.597112408047586e-08,1.7059235565398039e-06,3.4855982611590752,0.24275742900417846,0.707858441719611
0.05,5.762804779240084e-08,1.8326864693861488e-06,3.4855982611590752,0.2365949868471289,0.707858441719611
0.05,5.762804779240084e-08,1.8326864693861488e-06,3.4855982611590752,0.2365949868471289,0.707858441719611
0.05,5.762804779240084e-08,1.8326864693861488e-06,3.4855982611590752,0.2365949868471289,0.707858441719611
0.05,5.762804779240084e-08,1.8326864693861488e-06,2.75723757062613,0.2365949868471289,0.707858441719611
0.05,5.762804779240084e-08,1.8326864693861488e-06,2.75723757062613,0.2365949868471289,1.699588252517024
0.05,5.762804779240084e-08,2.1062040871426217e-06,2.75723757062613,0.20861861267859722,0.05897020102256938
0.05,5.762804779240084e-08,2.1062040871426217e-06,3.4977109568531017,0.20861861267859722,0.05897020102256938
0.05,5.762804779240084e-08,4.440873057386076e-06,1.8733967666332563,0.10278540369397582,0.05897020102256938
0.05,5.295894949456225e-08,4.440873057386076e-06,1.992886318166796,0.16459116999626097,0.06012394132202018
0.05,4.7867809697998246e-08,2.0018817211448684e-06,1.992886318166796,0.16459116999626097,0.5035993741687821
0.05,4.7867809697998246e-08,2.0018817211448684e-06,1.3268993402620395,0.2567056961694875,0.5035993741687821
0.05,4.478461700957156e-08,2.0018817211448684e-06,1.9448984962071192,0.2969995680420746,0.9357132652790909
0.05,4.478461700957156e-08,2.0018817211448684e-06,2.9598781494476887,0.2532379325359256,0.9357132652790909
0.05,6.443725586747277e-08,2.0018817211448684e-06,2.9598781494476887,0.2532379325359256,0.9357132652790909
0.05,4.987217087568421e-08,2.0018817211448684e-06,2.9598781494476887,0.2532379325359256,0.6515878467370217
0.05,4.987217087568421e-08,2.5794636813084194e-06,2.9598781494476887,0.2532379325359256,0.6515878467370217
0.05,4.987217087568421e-08,2.5794636813084194e-06,2.9598781494476887,0.31141191931043155,0.6515878467370217
0.05,4.987217087568421e-08,2.5794636813084194e-06,2.5246331738629424,0.31141191931043155,1.5749929590007008
0.05,4.987217087568421e-08,2.5794636813084194e-06,1.4435044936403467,0.31141191931043155,1.5749929590007008
0.05,4.987217087568421e-08,3.4628008220372825e-06,1.4435044936403467,0.31141191931043155,2.714970885052756
0.05,4.987217087568421e-08,8.20881758868105e-07,1.4435044936403467,0.1684670880691858,2.714970885052756
0.05,4.987217087568421e-08,1.1481070112582097e-07,1.9723645026905774,0.3937154861630088,5.265627781074823
0.05,4.987217087568421e-08,1.1481070112582097e-07,1.9723645026905774,0.3937154861630088,6.887295700675386
0.05,4.987217087568421e-08,1.2445928262082853e-06,1.9723645026905774,0.3937154861630088,6.9548893809563195
0.05,7.818326661857918e-08,6.310016891027294e-07,1.9723645026905774,0.3937154861630088,6.9548893809563195
0.05,7.114673856473707e-08,6.310016891027294e-07,1.9986943834625421,0.41955949522368696,6.9548893809563195
0.05,7.114673856473707e-08,6.310016891027294e-07,1.9986943834625421,0.41955949522368696,6.9548893809563195
0.05,7.114673856473707e-08,6.310016891027294e-07,1.9986943834625421,0.41955949522368696,6.789464955153896
0.05,7.114673856473707e-08,6.310016891027294e-07,1.9986943834625421,0.36386731080335777,6.789464955153896
0.05,7.114673856473707e-08,6.310016891027294e-07,1.7272239430292458,0.3836243166613701,6.789464955153896
0.05,4.2396315599048014e-08,6.310016891027294e-07,1.7272239430292458,0.3836243166613701,6.789464955153896
0.05,6.304674449475035e-08,2.1664364959733138e-06,2.053718892471896,0.3836243166613701,6.789464955153896
0.05,6.304674449475035e-08,2.1664364959733138e-06,1.1040477580439314,0.3836243166613701,7.826799416228677
0.05,6.304674449475035e-08,2.1664364959733138e-06,1.1040477580439314,0.3836243166613701,7.826799416228677
0.05,6.304674449475035e-08,2.1664364959733138e-06,1.1040477580439314,0.3836243166613701,7.826799416228677
0.05,6.304674449475035e-08,6.027030886862673e-07,1.1040477580439314,0.3836243166613701,6.134032293071158
0.05,6.304674449475035e-08,6.027030886862673e-07,0.947930139193809,0.3836243166613701,6.134032293071158
0.05,6.304674449475035e-08,6.027030886862673e-07,2.7877858661907156,0.3836243166613701,5.726766998788285
0.05,6.304674449475035e-08,6.027030886862673e-07,2.7877858661907156,0.3836243166613701,5.384393565098609
0.05,6.304674449475035e-08,6.027030886862673e-07,0.9055810033308145,0.3836243166613701,5.384393565098609
0.05,6.304674449475035e-08,6.027030886862673e-07,0.9055810033308145,0.11564471369751782,5.384393565098609
0.05,6.304674449475035e-08,6.027030886862673e-07,0.9055810033308145,0.11564471369751782,5.384393565098609
0.05,7.806649031680202e-08,6.027030886862673e-07,1.2005981655155098,0.11564471369751782,5.384393565098609
0.05,7.806649031680202e-08,6.027030886862673e-07,1.2005981655155098,0.11564471369751782,5.296407590477754
0.05,7.398649343430058e-08,6.027030886862673e-07,1.1585490570377568,0.12211558367498526,5.882891936863625
0.05,7.398649343430058e-08,1.0062760721031322e-06,1.8255788446812524,0.47836074695875147,5.882891936863625
0.05,7.398649343430058e-08,3.153902953544009e-08,1.8255788446812524,0.47836074695875147,5.882891936863625
0.05,7.398649343430058e-08,3.153902953544009e-08,1.8255788446812524,0.4806369609364263,5.882891936863625
0.05,7.488081057843702e-08,5.743066384457254e-08,1.8255788446812524,0.3357211893253659,7.431145131498042
0.05,6.522864807832994e-08,5.743066384457254e-08,1.8255788446812524,0.3357211893253659,7.431145131498042
0.05,6.522864807832994e-08,5.743066384457254e-08,1.8255788446812524,0.5039589685345451,7.431145131498042
0.05,9.16933251422665e-08,5.743066384457254e-08,1.4980009942368222,0.5039589685345451,7.431145131498042
0.05,9.16933251422665e-08,5.743066384457254e-08,1.4980009942368222,0.5039589685345451,7.431145131498042
0.05,7.267443498225557e-08,5.571105364430938e-06,1.7441897129666415,0.3339300757885884,7.431145131498042
0.05,7.267443498225557e-08,5.571105364430938e-06,1.7441897129666415,0.3339300757885884,7.431145131498042
0.05,7.267443498225557e-08,5.571105364430938e-06,1.7441897129666415,0.3339300757885884,6.895964060055101
0.05,7.267443498225557e-08,5.571105364430938e-06,1.7441897129666415,0.3339300757885884,6.895964060055101
0.05,7.267443498225557e-08,1.918817639991175e-06,1.753999214335685,0.30945849536255743,4.299129645184847
0.05,7.267443498225557e-08,1.9808007299968354e-07,1.6563362821931014,0.2691083468095076,4.299129645184847
0.05,7.267443498225557e-08,5.719570739418364e-07,1.6563362821931014,0.2691083468095076,4.252854380350717
0.05,7.267443498225557e-08,3.99415420758109e-07,1.6563362821931014,0.2691083468095076,4.252854380350717
0.05,7.267443498225557e-08,4.898834312294773e-07,2.779654271008879,0.144857220026143,2.940905223572014
0.05,7.267443498225557e-08,6.238083735424997e-06,2.779654271008879,0.144857220026143,2.0999388213291272
0.05,7.267443498225557e-08,6.238083735424997e-06,2.779654271008879,0.11577426911605744,2.0999388213291272
0.05,7.267443498225557e-08,6.238083735424997e-06,1.139926858092217,0.2940057221651842,0.09489156490648375
0.05,7.267443498225557e-08,6.238083735424997e-06,1.139926858092217,0.2940057221651842,8.897752073168482
0.05,8.73630828288935e-08,4.4280535258297965e-06,1.335726665320177,0.2940057221651842,9.220881120768528
0.05,8.73630828288935e-08,4.4280535258297965e-06,1.335726665320177,0.2940057221651842,3.1847183638296195
0.05,8.272971125135921e-08,5.6016378356988666e-06,1.531937636940738,0.5519678510929886,8.985754587352703
0.05,9.301495828561478e-08,1.144902083959705e-06,1.531937636940738,0.25747411031936335,7.11050448971978
0.05,9.304969767143158e-08,5.229994526754901e-07,1.531937636940738,0.25747411031936335,7.11050448971978
0.05,9.304969767143158e-08,5.229994526754901e-07,1.531937636940738,0.25747411031936335,7.11050448971978
0.05,4.9977021311790156e-08,1.0682765273406327e-06,1.531937636940738,0.25747411031936335,7.11050448971978
0.05,4.9977021311790156e-08,1.0682765273406327e-06,1.531937636940738,0.40595761468530794,7.11050448971978
0.05,4.9977021311790156e-08,1.1869067724456846e-06,1.531937636940738,0.40595761468530794,7.108058925544205
0.05,4.9977021311790156e-08,1.1869067724456846e-06,1.531937636940738,0.5581314345751495,7.108058925544205
0.05,4.9977021311790156e-08,1.1869067724456846e-06,1.531937636940738,0.4078086546708495,9.493980903306529
0.05,5.997233699347002e-08,1.2013810671870483e-06,1.531937636940738,0.4078086546708495,6.107032528704149
0.05,5.997233699347002e-08,1.2013810671870483e-06,1.6308734837318017,0.4078086546708495,7.574640744587827
0.05,6.82459694036121e-08,1.158210513114955e-06,1.6308734837318017,0.4078086546708495,7.574640744587827
0.05,6.82459694036121e-08,4.990704923179465e-07,1.6308734837318017,0.4078086546708495,8.215570817462954
0.05,5.8167122082786704e-08,4.990704923179465e-07,1.6308734837318017,0.4078086546708495,5.807937487566631
0.05,5.8167122082786704e-08,3.6425373245410285e-06,1.6308734837318017,0.2915029702809324,5.807937487566631
0.05,5.8167122082786704e-08,3.6425373245410285e-06,1.6308734837318017,0.2915029702809324,5.807937487566631
0.05,7.919166826010873e-08,3.6425373245410285e-06,1.6308734837318017,0.2915029702809324,0.7146221671057429
0.05,7.919166826010873e-08,2.479096214776775e-06,2.4639980941477377,0.2915029702809324,0.7146221671057429
0.05,7.919166826010873e-08,7.016972433805601e-07,2.4639980941477377,0.2915029702809324,0.7146221671057429
0.05,7.919166826010873e-08,5.802828210340649e-06,2.4639980941477377,0.19086512950205137,0.8489068031454048
0.05,7.919166826010873e-08,5.802828210340649e-06,1.5705963253480828,0.19086512950205137,0.8489068031454048
0.05,7.919166826010873e-08,3.4551080538986384e-07,1.5965179052845933,0.19086512950205137,0.8489068031454048
0.05,7.919166826010873e-08,3.4551080538986384e-07,1.7388834011906609,0.19086512950205137,0.8489068031454048
0.05,6.669912359530614e-08,4.2657810420815063e-08,1.7388834011906609,0.19086512950205137,0.8489068031454048
0.05,6.669912359530614e-08,7.374895464821467e-08,2.222970675635097,0.1961197038249332,1.0188689342006354
0.05,5.83422494833372e-08,7.374895464821467e-08,2.0404573998046436,0.1961197038249332,1.0188689342006354
0.05,6.332197695062172e-08,7.374895464821467e-08,2.068855375946583,0.26733612316277583,1.0188689342006354
0.05,6.332197695062172e-08,7.374895464821467e-08,2.068855375946583,0.20426291342042727,1.569629853861815
0.05,6.332197695062172e-08,7.374895464821467e-08,2.068855375946583,0.3960419236357115,2.8659542713253803
0.05,4.925166754127181e-08,5.974531523814233e-07,2.068855375946583,0.4032686256352321,2.8659542713253803
0.05,4.925166754127181e-08,3.4884721881830735e-06,1.7746810248711258,0.4032686256352321,2.8659542713253803
0.05,4.925166754127181e-08,3.4884721881830735e-06,1.7746810248711258,0.438233480475559,9.220510676430504
0.05,4.925166754127181e-08,3.4884721881830735e-06,1.7746810248711258,0.438233480475559,7.606172181194923
0.05,5.083253564842447e-08,3.4884721881830735e-06,1.7746810248711258,0.438233480475559,4.549191109282779
0.05,5.083253564842447e-08,3.4884721881830735e-06,1.7746810248711258,0.21707394779984965,4.549191109282779
0.05,5.083253564842447e-08,3.4884721881830735e-06,1.7746810248711258,0.3124976023487631,0.36209191247387673
0.05,6.790363553316144e-08,3.4884721881830735e-06,1.9813996017236015,0.3124976023487631,0.05505480967940138
0.05,6.790363553316144e-08,3.4884721881830735e-06,1.970730620912267,0.04317603950458409,0.07282613507000066
0.05,6.790363553316144e-08,3.4884721881830735e-06,1.970730620912267,0.04317603950458409,0.07282613507000066
0.05,6.790363553316144e-08,1.0524548011870144e-06,1.420344809136811,0.04317603950458409,0.07282613507000066
0.05,6.790363553316144e-08,1.0524548011870144e-06,1.420344809136811,0.04317603950458409,5.62094065939727
0.05,6.790363553316144e-08,1.0524548011870144e-06,0.9464768987596086,0.04317603950458409,5.62094065939727
0.05,5.2275709979304e-08,1.0524548011870144e-06,0.9464768987596086,0.10322944041596971,5.62094065939727
0.05,8.398284303313265e-08,1.0524548011870144e-06,1.9036523390701288,0.10322944041596971,5.62094065939727
0.05,7.224017394798201e-08,7.157600034347705e-07,1.9036523390701288,0.10322944041596971,5.62094065939727
0.05,7.224017394798201e-08,6.417303609562089e-06,1.9036523390701288,0.12129221619238145,5.62094065939727
0.05,7.224017394798201e-08,1.4490158256626334e-06,1.9036523390701288,0.3257269572917211,5.62094065939727
0.05,7.224017394798201e-08,1.4490158256626334e-06,1.9036523390701288,0.3257269572917211,5.62094065939727
0.05,3.952218421466979e-08,1.4490158256626334e-06,1.9036523390701288,0.3257269572917211,6.865679583561822
0.05,5.2208091111751974e-08,4.746696870423657e-06,1.9036523390701288,0.2939564749778627,6.865679583561822
0.05,5.2208091111751974e-08,5.896850237609869e-07,1.9261057771843935,0.4394409552094884,7.197099469976683
0.05,5.2208091111751974e-08,5.896850237609869e-07,1.9261057771843935,0.2940199503823701,7.197099469976683
0.05,5.2208091111751974e-08,3.1926146475572334e-06,1.9261057771843935,0.29687914620650346,7.197099469976683
0.05,5.2208091111751974e-08,1.2990312725866734e-06,1.9261057771843935,0.1705019367064385,7.197099469976683
0.05,5.2208091111751974e-08,1.3370891418601651e-06,1.6589786539156939,0.17783792545430654,7.197099469976683
0.05,5.696900900716867e-08,1.3370891418601651e-06,1.6589786539156939,0.5190684416868235,7.197099469976683
0.05,5.696900900716867e-08,1.3370891418601651e-06,1.9025658587382632,0.5562138217610614,7.197099469976683
0.05,6.372576995382921e-08,1.3370891418601651e-06,2.2633367131829316,0.2833724236120471,7.197099469976683
0.05,6.372576995382921e-08,1.3370891418601651e-06,2.2633367131829316,0.2833724236120471,0.5782768599643869
0.05,6.372576995382921e-08,1.3370891418601651e-06,1.37982083395076,0.2833724236120471,0.5782768599643869
0.05,6.372576995382921e-08,1.3370891418601651e-06,1.37982083395076,0.2833724236120471,5.004117924856924
0.05,6.372576995382921e-08,1.3370891418601651e-06,1.37982083395076,0.2833724236120471,5.004117924856924
0.05,6.372576995382921e-08,8.173011659588465e-07,1.37982083395076,0.2833724236120471,5.004117924856924
0.05,1.0369829155728331e-07,8.173011659588465e-07,1.1868662674760218,0.4815093956779808,5.004117924856924
0.05,6.249565583357175e-08,8.173011659588465e-07,1.1868662674760218,0.4815093956779808,5.004117924856924
0.05,6.249565583357175e-08,8.173011659588465e-07,1.1868662674760218,0.4815093956779808,6.2053931738978925
0.05,6.041157530622278e-08,8.173011659588465e-07,1.1868662674760218,0.4815093956779808,7.879234431920116
0.05,5.5892700443282735e-08,8.173011659588465e-07,1.2162113189193515,0.4599007673651203,7.879234431920116
0.05,4.3355246551218674e-08,8.173011659588465e-07,1.7313354338173006,0.4599007673651203,7.879234431920116
0.05,6.410590653851818e-08,8.173011659588465e-07,1.7313354338173006,0.516714413183989,7.879234431920116
0.05,6.410590653851818e-08,8.173011659588465e-07,1.7313354338173006,0.516714413183989,7.879234431920116
0.05,6.410590653851818e-08,8.173011659588465e-07,1.5464835127423984,0.5253243560091,5.505539913879449
0.05,5.9364887507608465e-08,8.173011659588465e-07,1.8160971501631706,0.49161487656692565,5.2858160967312084
0.05,5.9364887507608465e-08,6.519066645070341e-07,1.8160971501631706,0.2982933370298496,5.2858160967312084
0.05,5.9364887507608465e-08,9.611405355619586e-08,1.8160971501631706,0.2982933370298496,5.2858160967312084
0.05,5.9364887507608465e-08,1.1467631348287552e-07,2.0410241031387137,0.2982933370298496,3.8430945265738754
0.05,5.9364887507608465e-08,1.1467631348287552e-07,2.0410241031387137,0.2982933370298496,3.6174894271191693
0.05,5.9364887507608465e-08,1.1467631348287552e-07,2.0410241031387137,0.2982933370298496,5.382773247354386
0.05,5.9364887507608465e-08,1.422905859199292e-07,2.0410241031387137,0.30029230445861854,2.518454736870277
0.05,8.267570199219406e-08,8.332016805971602e-08,2.0410241031387137,0.30029230445861854,2.518454736870277
0.05,8.267570199219406e-08,3.73687051841463e-08,1.3318414763385775,0.30029230445861854,2.518454736870277
0.05,8.267570199219406e-08,3.73687051841463e-08,1.5139731228819417,0.30029230445861854,2.518454736870277
0.05,8.267570199219406e-08,3.73687051841463e-08,1.9715547091175865,0.30029230445861854,2.518454736870277
0.05,8.267570199219406e-08,3.73687051841463e-08,1.9715547091175865,0.24870189796056058,4.01705728099082
0.05,9.499943518560159e-08,3.73687051841463e-08,1.9715547091175865,0.24870189796056058,4.01705728099082
0.05,9.499943518560159e-08,3.73687051841463e-08,2.1639218710436445,0.24870189796056058,4.01705728099082
0.05,9.045681418856195e-08,2.980738447358181e-06,1.7697769380747674,0.24870189796056058,5.117698459794032
0.05,3.352925798138265e-08,2.980738447358181e-06,1.7697769380747674,0.4025266358790214,5.117698459794032
0.05,7.732557868910574e-08,2.980738447358181e-06,1.7697769380747674,0.5251315682367135,4.970862689384158
0.05,7.732557868910574e-08,3.6268457853770387e-07,1.7697769380747674,0.514009977705501,8.071651396683865
0.05,6.002753106616854e-08,3.6268457853770387e-07,1.7697769380747674,0.514009977705501,8.071651396683865
0.05,6.845848698978395e-08,4.32116687994922e-07,1.7697769380747674,0.514009977705501,8.071651396683865
0.05,6.477557238222859e-08,4.32116687994922e-07,1.5588409752201482,0.514009977705501,8.071651396683865
0.05,6.477557238222859e-08,5.379759178621154e-06,1.4478746212000402,0.34490927793537596,8.071651396683865
0.05,6.477557238222859e-08,5.379759178621154e-06,1.4478746212000402,0.2713949702728296,5.605683996539281
0.05,6.477557238222859e-08,5.379759178621154e-06,1.4478746212000402,0.287718321534444,5.605683996539281
0.05,6.477557238222859e-08,5.379759178621154e-06,2.0123011509229234,0.287718321534444,1.4320724986641276
0.05,6.477557238222859e-08,5.379759178621154e-06,2.0123011509229234,0.287718321534444,1.4320724986641276
0.05,6.477557238222859e-08,5.379759178621154e-06,1.8937552398227977,0.287718321534444,1.4320724986641276
0.05,6.477557238222859e-08,5.379759178621154e-06,1.8937552398227977,0.32286188721608405,1.7509767088780852
0.05,6.477557238222859e-08,5.165818828011377e-07,1.8937552398227977,0.32286188721608405,1.7509767088780852
0.05,6.477557238222859e-08,5.165818828011377e-07,1.1948000460960158,0.32286188721608405,6.103575077588198
0.05,7.370398945086429e-08,1.3240427446506964e-06,1.1948000460960158,0.32286188721608405,6.103575077588198
0.05,7.370398945086429e-08,8.661152772874669e-07,1.5492296323027708,0.42021199178224583,6.103575077588198
0.05,7.370398945086429e-08,8.661152772874669e-07,1.5260157635670928,0.2175386931224511,2.9106398406814376
0.05,7.370398945086429e-08,8.661152772874669e-07,1.5260157635670928,0.15770988841789566,3.6857318836674113
0.05,7.370398945086429e-08,8.661152772874669e-07,1.0849310641758652,0.09999370923908157,3.6857318836674113
0.05,7.370398945086429e-08,1.4675481224887918e-06,2.804984485997288,0.4635094381704419,5.83183751754465
0.05,6.109635072822316e-08,5.492264574069655e-07,2.804984485997288,0.4507202071182518,5.83183751754465
0.05,4.9707627195846995e-08,1.1661075781207379e-06,2.804984485997288,0.4517589828142766,5.83183751754465
0.05,5.478556154274276e-08,1.1661075781207379e-06,2.804984485997288,0.4517589828142766,5.83183751754465
0.05,5.478556154274276e-08,1.1661075781207379e-06,2.804984485997288,0.302758881387057,5.83183751754465
0.05,5.478556154274276e-08,1.1661075781207379e-06,2.804984485997288,0.302758881387057,0.4648277456713041
0.05,5.478556154274276e-08,1.1661075781207379e-06,2.804984485997288,0.302758881387057,0.4648277456713041
0.05,5.478556154274276e-08,1.1661075781207379e-06,2.804984485997288,0.24332417251741817,0.4648277456713041
0.05,5.478556154274276e-08,1.1661075781207379e-06,2.588845420886947,0.24332417251741817,1.3623695066626664
0.05,5.478556154274276e-08,4.748731241993898e-06,2.588845420886947,0.1831975144669323,1.3623695066626664
0.05,5.478556154274276e-08,1.4107084995914242e-06,2.588845420886947,0.1831975144669323,0.34054233300447956
0.05,5.478556154274276e-08,1.4107084995914242e-06,2.588845420886947,0.1831975144669323,0.34054233300447956
0.05,5.478556154274276e-08,1.4107084995914242e-06,2.588845420886947,0.17993627924012887,4.014857565197685
0.05,5.998977058299648e-08,1.4107084995914242e-06,2.588845420886947,0.17993627924012887,4.014857565197685
0.05,5.998977058299648e-08,1.4107084995914242e-06,1.9368393640741344,0.17993627924012887,4.014857565197685
0.05,5.998977058299648e-08,4.043146228534268e-06,1.9368393640741344,0.17993627924012887,4.978452112863847
0.05,7.132906634650835e-08,4.043146228534268e-06,2.3732601276794165,0.17993627924012887,4.978452112863847
0.05,1.0587004322536252e-07,3.0680421435420246e-06,1.6872476795267022,0.22154728727152131,5.329457028700212
0.05,5.3791929781271814e-08,5.077303529670072e-07,2.060992853366622,0.22154728727152131,5.329457028700212
0.05,5.3791929781271814e-08,5.077303529670072e-07,1.9371853997829804,0.22154728727152131,5.329457028700212
0.05,5.3791929781271814e-08,5.077303529670072e-07,1.9371853997829804,0.22154728727152131,5.329457028700212
0.05,5.3791929781271814e-08,5.077303529670072e-07,1.9371853997829804,0.1441221260829792,2.280587010350186
0.05,7.377672592165144e-08,5.077303529670072e-07,1.9371853997829804,0.40783311561671187,2.280587010350186
0.05,7.377672592165144e-08,5.077303529670072e-07,2.2197816656880622,0.31689193114170144,2.280587010350186
0.05,7.377672592165144e-08,2.001778059602085e-06,2.2197816656880622,0.11621720305626602,2.280587010350186
0.05,7.377672592165144e-08,2.6802844925415523e-06,2.2197816656880622,0.08307941347347902,2.760157389574496
0.05,7.377672592165144e-08,2.6802844925415523e-06,1.9544543468030744,0.08307941347347902,1.5719732979991554
0.05,7.377672592165144e-08,2.6802844925415523e-06,1.393779509437004,0.10873922127472968,1.5719732979991554
0.05,7.377672592165144e-08,2.5822417451160466e-06,2.559325857351236,0.10873922127472968,1.5719732979991554
0.05,7.377672592165144e-08,2.5822417451160466e-06,1.6724741086914452,0.05688062377962808,0.6319122057439863
0.05,4.942555359080086e-08,2.6682757626893102e-06,1.6724741086914452,0.12026165985860547,2.979213084406369
0.05,4.942555359080086e-08,2.6682757626893102e-06,1.6724741086914452,0.29604839321967447,2.979213084406369
0.05,4.942555359080086e-08,2.6682757626893102e-06,1.3861899849079051,0.29604839321967447,2.979213084406369
0.05,4.942555359080086e-08,2.6682757626893102e-06,1.2653290369005217,0.29604839321967447,2.979213084406369
0.05,4.942555359080086e-08,2.6682757626893102e-06,1.2653290369005217,0.14296036627098602,2.979213084406369
0.05,4.942555359080086e-08,2.6682757626893102e-06,2.333211340521405,0.20907721144074204,1.5146209757472597
0.05,4.604517624328488e-08,2.6682757626893102e-06,2.333211340521405,0.20907721144074204,4.954789085792899
0.05,4.604517624328488e-08,2.6682757626893102e-06,2.333211340521405,0.20907721144074204,3.073086658990401
0.05,4.604517624328488e-08,2.6682757626893102e-06,2.333211340521405,0.23742436182152157,3.073086658990401
0.05,4.604517624328488e-08,2.6682757626893102e-06,1.6239853507179756,0.14509037441580797,3.287260055313965
0.05,5.3577935715731803e-08,2.6682757626893102e-06,1.5028992329285513,0.14509037441580797,2.289949568245592
0.05,5.3577935715731803e-08,2.6682757626893102e-06,2.976734669681406,0.14509037441580797,1.959514578972914
0.05,5.3577935715731803e-08,1.9544082316178557e-06,3.556364971358878,0.14509037441580797,0.4040051316118777
0.05,5.3577935715731803e-08,1.9544082316178557e-06,2.7413595244054605,0.14509037441580797,0.4040051316118777
0.05,5.3577935715731803e-08,1.9544082316178557e-06,2.8626936187643883,0.14509037441580797,0.4040051316118777
0.05,5.3577935715731803e-08,2.7990223701512925e-07,2.8626936187643883,0.14509037441580797,0.4040051316118777
0.05,5.3577935715731803e-08,2.7990223701512925e-07,2.8626936187643883,0.3706897486465683,0.5468472161059574
0.05,5.3577935715731803e-08,7.92110106838595e-08,3.0877987642643463,0.3706897486465683,5.104479649562985
0.05,7.398442088391903e-08,7.92110106838595e-08,3.0877987642643463,0.33340492755578954,5.104479649562985
0.05,7.398442088391903e-08,7.261428534838913e-09,1.1296018349099295,0.33340492755578954,5.104479649562985
0.05,7.398442088391903e-08,7.261428534838913e-09,1.1296018349099295,0.35103944856429337,8.315991771028461
0.05,7.398442088391903e-08,5.552126074734953e-08,1.1296018349099295,0.3277665890617254,8.315991771028461
0.05,7.398442088391903e-08,5.552126074734953e-08,2.390864565209102,0.3277665890617254,3.8979080946651656
0.05,7.398442088391903e-08,5.552126074734953e-08,2.390864565209102,0.3277665890617254,4.257223991240137
0.05,7.398442088391903e-08,5.552126074734953e-08,2.390864565209102,0.3277665890617254,2.7538060456050575
0.05,7.398442088391903e-08,1.6826665375575118e-06,2.390864565209102,0.3277665890617254,7.214158153058938
0.05,7.398442088391903e-08,4.920240836717583e-07,2.390864565209102,0.3277665890617254,6.817833902414651
0.05,7.398442088391903e-08,4.920240836717583e-07,0.9363601293338576,0.3277665890617254,6.817833902414651
0.05,4.857964343189694e-08,3.7556698753156324e-06,0.9363601293338576,0.3277665890617254,6.817833902414651
0.05,4.857964343189694e-08,2.3190395940600123e-06,1.9283906957038854,0.41133642575719404,2.389987081768438
0.05,4.857964343189694e-08,2.3190395940600123e-06,2.6013422345011286,0.41133642575719404,2.389987081768438
0.05,9.45734881501573e-08,2.3190395940600123e-06,2.6013422345011286,0.41133642575719404,0.8734307961915346
0.05,9.45734881501573e-08,2.3190395940600123e-06,2.0698145273485533,0.3508714376718448,0.8734307961915346
0.05,9.45734881501573e-08,2.3190395940600123e-06,2.0698145273485533,0.3508714376718448,5.057738976024064
0.05,9.45734881501573e-08,5.256672369253686e-07,1.8487413437720577,0.3508714376718448,5.985373551424291
0.05,6.87732244704114e-08,5.256672369253686e-07,1.626898125408995,0.33824085775721413,1.4859048544215236
0.05,6.87732244704114e-08,5.256672369253686e-07,1.626898125408995,0.33824085775721413,7.609738375201076
0.05,6.87732244704114e-08,5.027681977857098e-07,1.626898125408995,0.49507978303431516,8.232743906811919
0.05,6.87732244704114e-08,5.027681977857098e-07,1.626898125408995,0.49507978303431516,8.232743906811919
0.05,5.789992898727706e-08,5.027681977857098e-07,1.626898125408995,0.49507978303431516,8.292519571614337
0.05,5.789992898727706e-08,5.027681977857098e-07,1.626898125408995,0.6031498165905351,4.486586261721543
0.05,5.789992898727706e-08,5.027681977857098e-07,1.626898125408995,0.6031498165905351,7.993114726840117
0.05,6.433893305637134e-08,5.027681977857098e-07,1.626898125408995,0.6031498165905351,7.993114726840117
0.05,6.433893305637134e-08,3.0749419166731375e-06,1.5359007254873236,0.6031498165905351,7.993114726840117
0.05,6.433893305637134e-08,3.743866264226038e-07,1.4596877639507673,0.6500540658763408,7.993114726840117
0.05,6.433893305637134e-08,3.743866264226038e-07,1.4596877639507673,0.4669320343186046,7.993114726840117
0.05,6.433893305637134e-08,3.743866264226038e-07,1.4596877639507673,0.4669320343186046,9.842517339555068
0.05,6.433893305637134e-08,3.743866264226038e-07,1.4596877639507673,0.4669320343186046,9.842517339555068
0.05,6.433893305637134e-08,3.577746078549633e-07,1.4596877639507673,0.5128319989478846,9.969172026254013
0.05,6.433893305637134e-08,3.577746078549633e-07,1.4596877639507673,0.5120550310201273,9.969172026254013
0.05,6.433893305637134e-08,3.577746078549633e-07,1.4596877639507673,0.4776212922800504,9.969172026254013
0.05,6.407758881310322e-08,2.536773337720152e-06,1.4596877639507673,0.3920909721096915,9.950069163579764
0.05,8.077955283236027e-08,2.0758339379637065e-07,1.1843063306533197,0.3920909721096915,9.950069163579764
0.05,8.077955283236027e-08,1.3762604630652494e-07,1.5574225758268934,0.3920909721096915,9.845693869859259
0.05,7.989319740550687e-08,1.3762604630652494e-07,1.9203110991180314,0.6261897398859949,8.582451898389031
0.05,7.989319740550687e-08,9.678099754959496e-07,1.9203110991180314,0.6261897398859949,8.582451898389031
0.05,6.24568999930744e-08,9.678099754959496e-07,1.9203110991180314,0.42690499507137125,8.582451898389031
0.05,6.673025471900918e-08,9.678099754959496e-07,1.9203110991180314,0.2683713551790685,8.582451898389031
0.05,6.673025471900918e-08,9.678099754959496e-07,1.9203110991180314,0.3946885963998403,2.284236760997826
0.05,4.5527070386400076e-08,1.8833195444993403e-06,1.9203110991180314,0.39987590945518536,2.284236760997826
0.05,4.5527070386400076e-08,1.8833195444993403e-06,1.9203110991180314,0.39987590945518536,0.36498356704531526
0.05,4.7387943206805283e-08,1.8833195444993403e-06,1.3407424931775127,0.39987590945518536,9.543256722198363
0.05,4.7387943206805283e-08,1.8833195444993403e-06,1.3407424931775127,0.669533326127543,9.09522793777339
0.05,4.7387943206805283e-08,5.48466248846172e-07,1.5885587247443067,0.669533326127543,9.09522793777339
0.05,8.131398037414396e-08,5.48466248846172e-07,1.5885587247443067,0.669533326127543,9.09522793777339
0.05,4.6863915480784144e-08,5.48466248846172e-07,1.5885587247443067,0.669533326127543,7.782539084049718
0.05,7.631378893662836e-08,1.7637921159511064e-06,1.5885587247443067,0.19340580701286733,7.782539084049718
0.05,7.631378893662836e-08,1.7637921159511064e-06,1.5885587247443067,0.2671953962517527,0.4740802029740951
0.05,7.631378893662836e-08,2.9545986532617604e-07,3.1446217795856186,0.2671953962517527,0.4740802029740951
0.05,7.631378893662836e-08,2.530294368149129e-06,3.1446217795856186,0.2671953962517527,0.4740802029740951
0.05,7.631378893662836e-08,2.530294368149129e-06,3.1446217795856186,0.2671953962517527,0.4740802029740951
0.05,7.631378893662836e-08,2.530294368149129e-06,3.1446217795856186,0.16458883136627298,0.09354202257464686
0.05,7.284195892524212e-08,2.530294368149129e-06,3.463806656042854,0.16458883136627298,0.09354202257464686
0.05,7.284195892524212e-08,2.530294368149129e-06,3.463806656042854,0.16458883136627298,0.9407225909108925
0.05,7.284195892524212e-08,2.530294368149129e-06,3.463806656042854,0.2621089980474746,0.9407225909108925
0.05,7.284195892524212e-08,2.530294368149129e-06,3.463806656042854,0.2621089980474746,0.9407225909108925
0.05,7.284195892524212e-08,2.530294368149129e-06,3.463806656042854,0.2621089980474746,1.3027121529595478
0.05,5.610703604050978e-08,1.5082003644380557e-06,3.463806656042854,0.2621089980474746,0.5261190124517977
0.05,5.8507499270229926e-08,1.5082003644380557e-06,3.4298714121962752,0.38247767274769473,1.2883693145210253
0.05,4.838515889433312e-08,1.5082003644380557e-06,3.4298714121962752,0.38247767274769473,5.751635624470128
0.05,4.838515889433312e-08,2.2906309182295195e-06,2.803281180081894,0.38247767274769473,5.751635624470128
0.05,4.838515889433312e-08,7.155004600711686e-07,2.803281180081894,0.38247767274769473,6.127126470396731
0.05,4.838515889433312e-08,7.155004600711686e-07,1.974190018303577,0.38247767274769473,6.127126470396731
0.05,4.838515889433312e-08,7.155004600711686e-07,2.3024531416369793,0.36931853521934943,6.127126470396731
0.05,4.6731568885368433e-08,8.552615919173969e-07,2.3944931035706696,0.3140679703912352,6.127126470396731
0.05,4.6731568885368433e-08,8.552615919173969e-07,2.3944931035706696,0.3140679703912352,6.127126470396731
0.05,4.6731568885368433e-08,8.552615919173969e-07,2.3944931035706696,0.3140679703912352,6.127126470396731
0.05,4.6731568885368433e-08,3.5058497734227273e-07,2.3944931035706696,0.34506683970752955,8.16019365135019
0.05,4.6731568885368433e-08,3.5058497734227273e-07,2.3944931035706696,0.34506683970752955,8.16019365135019
0.05,4.6731568885368433e-08,3.5058497734227273e-07,2.3944931035706696,0.34506683970752955,8.16019365135019
0.05,5.17992397707137e-08,3.5058497734227273e-07,1.5266538394447782,0.34506683970752955,8.16019365135019
0.05,7.525305960135327e-08,2.294439851397471e-07,1.5266538394447782,0.627072464316068,8.16019365135019
0.05,7.525305960135327e-08,2.294439851397471e-07,1.5266538394447782,0.627072464316068,8.16019365135019
0.05,7.525305960135327e-08,2.294439851397471e-07,1.5266538394447782,0.627072464316068,8.16019365135019
0.05,7.525305960135327e-08,2.059726312037781e-06,1.5266538394447782,0.5444353582831019,8.16019365135019
0.05,4.73651049855859e-08,2.059726312037781e-06,1.5266538394447782,0.5444353582831019,6.430855320167
0.05,4.73651049855859e-08,2.059726312037781e-06,1.938438114151315,0.647578296861368,5.872598176645727
0.05,4.73651049855859e-08,2.059726312037781e-06,1.938438114151315,0.647578296861368,5.872598176645727
0.05,4.73651049855859e-08,2.059726312037781e-06,0.9806455039057262,0.647578296861368,5.872598176645727
0.05,4.73651049855859e-08,1.99837870057479e-06,1.1343978931079588,0.6239084834060707,5.872598176645727
0.05,4.73651049855859e-08,1.99837870057479e-06,1.1343978931079588,0.5754388669019226,5.872598176645727
0.05,6.876130869664259e-08,1.99837870057479e-06,0.8716466328470619,0.5754388669019226,5.872598176645727
0.05,6.876130869664259e-08,1.9688357873637257e-06,1.551387187256049,0.6048992107042699,5.872598176645727
0.05,6.876130869664259e-08,1.9688357873637257e-06,1.0111297287103373,0.17585505699440726,5.872598176645727
0.05,6.876130869664259e-08,1.9688357873637257e-06,1.0111297287103373,0.12462796252654752,5.872598176645727
0.05,6.876130869664259e-08,1.9688357873637257e-06,2.1611051283609455,0.12462796252654752,5.872598176645727
0.05,6.876130869664259e-08,7.604437782488445e-07,0.7722292726780621,0.17291282455852533,5.872598176645727
0.05,6.876130869664259e-08,7.604437782488445e-07,0.7722292726780621,0.018524425129244248,5.872598176645727
0.05,6.876130869664259e-08,7.604437782488445e-07,0.7722292726780621,0.018524425129244248,7.573651868658567
0.05,6.646338865830277e-08,7.604437782488445e-07,0.7722292726780621,0.016045049397685925,7.573651868658567
0.05,5.617559857259067e-08,7.604437782488445e-07,0.7722292726780621,0.030709896224977294,7.573651868658567
0.05,5.617559857259067e-08,7.604437782488445e-07,0.7722292726780621,0.030709896224977294,7.573651868658567
0.05,5.617559857259067e-08,7.604437782488445e-07,0.869117176351109,0.019152270265708416,7.573651868658567
0.05,5.617559857259067e-08,7.604437782488445e-07,0.869117176351109,0.19828017986081867,9.502550428969073
0.05,5.617559857259067e-08,3.4907140359058468e-06,0.7525260202612588,0.1904364082996357,2.3930993659239355
0.05,5.617559857259067e-08,3.4907140359058468e-06,0.7525260202612588,0.1904364082996357,2.3930993659239355
0.05,5.617559857259067e-08,3.4907140359058468e-06,0.7525260202612588,0.24949882461240297,2.3930993659239355
0.05,5.617559857259067e-08,5.353667712088194e-06,0.7525260202612588,0.24949882461240297,5.1836015342816255
0.05,5.617559857259067e-08,3.4347529992022816e-06,0.6997493657382982,0.396712283616911,8.962604889677491
0.05,5.617559857259067e-08,3.4347529992022816e-06,1.263308632025582,0.2943540882554601,8.962604889677491
0.05,5.617559857259067e-08,3.4347529992022816e-06,1.263308632025582,0.2943540882554601,3.5466850640290075
0.05,5.617559857259067e-08,3.589416741284063e-07,1.263308632025582,0.377876454485433,4.679627757476759
0.05,5.617559857259067e-08,3.589416741284063e-07,1.1733815907962928,0.377876454485433,4.679627757476759
0.05,5.617559857259067e-08,3.589416741284063e-07,1.1733815907962928,0.377876454485433,4.679627757476759
0.05,5.617559857259067e-08,3.589416741284063e-07,1.1733815907962928,0.4002100971220892,4.679627757476759
0.05,5.617559857259067e-08,4.89580744535384e-06,1.1733815907962928,0.4002100971220892,3.987369381305854
0.05,5.617559857259067e-08,4.882065116543344e-06,1.1733815907962928,0.4002100971220892,3.987369381305854
0.05,7.082251384367484e-08,1.7720137459398565e-06,1.1733815907962928,0.4002100971220892,3.987369381305854
0.05,7.082251384367484e-08,1.7720137459398565e-06,2.3600801754874787,0.19350014527811082,3.094051648451313
0.05,4.999733467310261e-08,5.133935474304264e-06,1.9438975272736116,0.19350014527811082,1.32727656622985
0.05,4.999733467310261e-08,2.2789548629558306e-06,2.1191397498593822,0.19350014527811082,1.32727656622985
0.05,5.98318119878151e-08,2.2789548629558306e-06,2.9823426889147515,0.19350014527811082,1.32727656622985
0.05,5.98318119878151e-08,2.2789548629558306e-06,2.0101211897854085,0.19350014527811082,1.32727656622985
0.05,5.98318119878151e-08,2.2789548629558306e-06,2.0101211897854085,0.19350014527811082,1.32727656622985
0.05,5.98318119878151e-08,2.2789548629558306e-06,2.2180741857166275,0.19350014527811082,1.32727656622985
0.05,4.7362182625055347e-08,2.105008945823605e-07,1.404645391732973,0.19350014527811082,1.32727656622985
0.05,4.754249348131923e-08,1.1015830962077944e-07,1.404645391732973,0.19350014527811082,1.32727656622985
0.05,9.683849602532215e-08,1.1015830962077944e-07,1.404645391732973,0.08153774510246474,0.1900233192713861
0.05,5.803535929247902e-08,8.322162753117169e-07,1.4808333850574864,0.29142381033135983,0.06863917014808599
0.05,5.803535929247902e-08,7.000100257643954e-07,1.4808333850574864,0.29142381033135983,0.10113989581635116
0.05,5.803535929247902e-08,7.000100257643954e-07,1.4808333850574864,0.12744652941604312,0.10113989581635116
0.05,5.803535929247902e-08,5.232396107054764e-07,1.1741204846699533,0.12744652941604312,0.34583825791475775
0.05,5.803535929247902e-08,5.232396107054764e-07,1.1741204846699533,0.12744652941604312,0.34583825791475775
0.05,5.803535929247902e-08,2.6294713522627825e-06,2.009751265004909,0.09465040769802781,0.8707533590676864
0.05,5.803535929247902e-08,2.6294713522627825e-06,1.7577476065109574,0.09465040769802781,0.8707533590676864
0.05,5.803535929247902e-08,2.6294713522627825e-06,1.7577476065109574,0.08483584179974359,0.936542101388424
0.05,4.656792319086811e-08,5.641745041197908e-08,3.1182754693655648,0.05685754197574917,0.04140863178931516
0.05,4.9073998726565406e-08,3.148547932136054e-08,3.1182754693655648,0.07890392994572254,0.04140863178931516
0.05,4.9073998726565406e-08,3.148547932136054e-08,3.1182754693655648,0.07890392994572254,0.04140863178931516
0.05,4.9073998726565406e-08,3.229432207372878e-08,2.2016044559938623,0.07887164790227692,1.8711064041506595
0.05,5.78735045521713e-08,8.084393422035955e-07,2.2016044559938623,0.07887164790227692,3.399288206013538
0.05,6.999441785295069e-08,8.084393422035955e-07,2.2016044559938623,0.07153761154430964,0.02428481744774575
0.05,5.142941798135479e-08,8.084393422035955e-07,2.2016044559938623,0.3512727295442196,0.38896669268705636
0.05,5.142941798135479e-08,8.084393422035955e-07,2.2016044559938623,0.23670936472693707,4.207561597250818
0.05,4.587227546506748e-08,8.084393422035955e-07,2.2016044559938623,0.23670936472693707,4.207561597250818
0.05,4.587227546506748e-08,3.5758377432956928e-06,2.2016044559938623,0.23670936472693707,4.207561597250818
0.05,4.587227546506748e-08,3.5758377432956928e-06,1.9631456018185758,0.36022627101078974,4.207561597250818
0.05,5.9298235850554736e-08,3.5758377432956928e-06,1.9631456018185758,0.36022627101078974,4.207561597250818
0.05,5.9298235850554736e-08,3.5758377432956928e-06,1.9091432477959986,0.36022627101078974,4.207561597250818
0.05,5.9298235850554736e-08,3.5758377432956928e-06,1.9091432477959986,0.36022627101078974,4.207561597250818
0.05,5.9298235850554736e-08,3.5758377432956928e-06,2.4943943473991617,0.36022627101078974,4.207561597250818
0.05,5.9298235850554736e-08,3.5758377432956928e-06,2.4943943473991617,0.38002997238070607,4.207561597250818
0.05,8.042143757928174e-08,3.5758377432956928e-06,2.4943943473991617,0.37044813466278304,4.207561597250818
0.05,8.042143757928174e-08,3.5758377432956928e-06,2.4943943473991617,0.37044813466278304,2.209293598672729
0.05,8.042143757928174e-08,3.5758377432956928e-06,2.491933666952719,0.37044813466278304,2.209293598672729
0.05,8.042143757928174e-08,3.5758377432956928e-06,2.491933666952719,0.37044813466278304,2.209293598672729
0.05,6.054197056357187e-08,2.517211394867756e-06,2.491933666952719,0.37044813466278304,2.209293598672729
0.05,6.054197056357187e-08,2.517211394867756e-06,2.491933666952719,0.3379468799280856,3.180152908742313
0.05,6.054197056357187e-08,2.9203963070910347e-07,2.491933666952719,0.3379468799280856,3.180152908742313
0.05,6.054197056357187e-08,2.9203963070910347e-07,2.014875350619248,0.147592012400353,3.180152908742313
0.05,6.054197056357187e-08,2.9203963070910347e-07,2.014875350619248,0.19488505543339874,3.180152908742313
0.05,6.363421647679507e-08,2.9203963070910347e-07,2.014875350619248,0.19488505543339874,3.180152908742313
0.05,6.363421647679507e-08,1.9966839926145657e-07,2.014875350619248,0.19488505543339874,3.775578378529452
0.05,4.796671348297739e-08,8.836593353235569e-07,2.014875350619248,0.19615152077417736,3.775578378529452
0.05,4.796671348297739e-08,8.836593353235569e-07,3.30812802535297,0.19615152077417736,0.628693338498528
0.05,4.796671348297739e-08,8.836593353235569e-07,2.605803244930075,0.19615152077417736,0.628693338498528
0.05,4.796671348297739e-08,8.836593353235569e-07,2.605803244930075,0.06730025925630498,0.4615593491610484
0.05,4.714977912695714e-08,8.836593353235569e-07,2.605803244930075,0.06730025925630498,0.4615593491610484
0.05,4.714977912695714e-08,8.836593353235569e-07,2.605803244930075,0.23784174213959317,0.4615593491610484
0.05,4.5529083797770855e-08,8.836593353235569e-07,3.2170976541815226,0.23784174213959317,0.4615593491610484
0.05,6.603021396364157e-08,8.836593353235569e-07,3.0735352427890867,0.23784174213959317,2.1578815084502
0.05,6.603021396364157e-08,8.836593353235569e-07,3.0735352427890867,0.23784174213959317,2.5636109504109945
0.05,6.603021396364157e-08,3.518442998010114e-06,1.8175911014664523,0.23784174213959317,1.2021906562343938
0.05,6.603021396364157e-08,3.518442998010114e-06,2.128744962759768,0.23784174213959317,1.2021906562343938
0.05,6.603021396364157e-08,3.518442998010114e-06,2.128744962759768,0.2132406473999716,1.2021906562343938
0.05,5.0675255035434625e-08,3.518442998010114e-06,2.128744962759768,0.2132406473999716,1.2021906562343938
0.05,7.050421657146574e-08,3.518442998010114e-06,1.4591553072606667,0.2132406473999716,1.1412584822932523
0.05,7.050421657146574e-08,3.518442998010114e-06,1.4591553072606667,0.3034762245022871,1.1412584822932523
0.05,7.050421657146574e-08,3.518442998010114e-06,1.4591553072606667,0.2111437712124304,0.5817338549344329
0.05,7.050421657146574e-08,3.518442998010114e-06,3.194739138116913,0.2111437712124304,0.5817338549344329
0.05,7.050421657146574e-08,3.518442998010114e-06,3.194739138116913,0.2111437712124304,0.4464854659286077
0.05,5.9044212091627806e-08,2.885143930464817e-06,2.4174234247742223,0.2111437712124304,0.01780259810417638
0.05,7.728571982459836e-08,2.885143930464817e-06,2.4174234247742223,0.2111437712124304,0.03337339582082659
0.05,6.653287107078846e-08,2.885143930464817e-06,1.5521656358864468,0.0904827211363184,0.03337339582082659
0.05,6.653287107078846e-08,2.885143930464817e-06,1.5521656358864468,0.05128767422471638,0.0922083003631968
0.05,6.653287107078846e-08,5.707537502041189e-06,1.5521656358864468,0.17067301797373546,0.7791004083464206
0.05,6.653287107078846e-08,5.707537502041189e-06,1.2903790378229685,0.29735705148522595,0.7791004083464206
0.05,6.651786508179571e-08,5.707537502041189e-06,1.2903790378229685,0.2769953555231786,2.660664838901257
0.05,6.651786508179571e-08,5.707537502041189e-06,2.7420108518514703,0.43965972946814774,2.660664838901257
0.05,6.651786508179571e-08,6.309470245499947e-06,1.8891250833977957,0.29309006889072226,2.660664838901257
0.05,6.651786508179571e-08,1.3137992631531887e-06,3.1063385829181738,0.29309006889072226,2.660664838901257
0.05,6.651786508179571e-08,1.3137992631531887e-06,3.1063385829181738,0.29309006889072226,2.660664838901257
0.05,6.651786508179571e-08,1.3137992631531887e-06,3.1063385829181738,0.23725347525298646,2.660664838901257
0.05,6.651786508179571e-08,1.3137992631531887e-06,1.98933040083275,0.23725347525298646,2.660664838901257
0.05,7.116103395702176e-08,1.3137992631531887e-06,1.98933040083275,0.23725347525298646,2.1301295173554475
0.05,7.116103395702176e-08,1.1838255257671272e-06,2.129469376625783,0.2680674363984839,2.1301295173554475
0.05,7.116103395702176e-08,1.1838255257671272e-06,3.0451260186421396,0.2680674363984839,2.1301295173554475
0.05,7.116103395702176e-08,1.1838255257671272e-06,1.3269018982045642,0.2680674363984839,3.2714856523472333
0.05,7.116103395702176e-08,1.1838255257671272e-06,1.3269018982045642,0.44985722663964406,7.8034795219683275
0.05,7.116103395702176e-08,1.1838255257671272e-06,1.3269018982045642,0.44985722663964406,7.598929070923371
0.05,7.116103395702176e-08,4.0134479616450094e-07,1.2697913494578321,0.44985722663964406,3.4871691545597487
0.05,6.070344825673876e-08,4.0134479616450094e-07,1.2697913494578321,0.44985722663964406,3.4871691545597487
0.05,6.070344825673876e-08,4.0134479616450094e-07,2.332368909782038,0.3623561459667558,3.693768430725435
0.05,6.070344825673876e-08,4.0134479616450094e-07,1.3993643252710108,0.3623561459667558,3.693768430725435
0.05,6.070344825673876e-08,1.2425765803311748e-06,1.3993643252710108,0.3623561459667558,8.111614951293182
0.05,6.070344825673876e-08,1.2425765803311748e-06,1.182791201632011,0.3531374428867396,4.310715534693493
0.05,4.8028173876927794e-08,1.6332684596353962e-06,1.182791201632011,0.24986458374526135,8.73186592644161
0.05,4.8028173876927794e-08,1.6332684596353962e-06,1.182791201632011,0.24986458374526135,7.545937496949149
0.05,8.80953342999547e-08,1.6332684596353962e-06,3.8057751463392444,0.24986458374526135,1.803473213319576
0.05,8.80953342999547e-08,1.6332684596353962e-06,3.8057751463392444,0.24986458374526135,1.803473213319576
0.05,4.306479625466495e-08,1.6332684596353962e-06,3.4253831816615756,0.24986458374526135,1.803473213319576
0.05,4.306479625466495e-08,1.6332684596353962e-06,1.8279812194518938,0.24986458374526135,1.2628113855006606
0.05,5.182937562898476e-08,1.6332684596353962e-06,1.8279812194518938,0.24986458374526135,1.2628113855006606
0.05,5.182937562898476e-08,3.993441388412267e-06,1.3653113606935103,0.0987150514163099,3.2101506960641495
0.05,5.182937562898476e-08,3.993441388412267e-06,1.3653113606935103,0.40770181219380836,3.2101506960641495
0.05,5.182937562898476e-08,3.993441388412267e-06,1.3653113606935103,0.5304083553807275,8.672952761783671
0.05,4.427491809115727e-08,3.993441388412267e-06,1.9868181298746832,0.5304083553807275,8.672952761783671
0.05,4.427491809115727e-08,1.7593461035907778e-06,1.4615468566757897,0.5304083553807275,4.692268010024958
0.05,4.427491809115727e-08,1.7593461035907778e-06,1.4615468566757897,0.5980797390106012,9.46638111168829
0.05,6.328561908956518e-08,1.5226179631952223e-06,1.4615468566757897,0.5980797390106012,9.46638111168829
0.05,6.328561908956518e-08,1.4369435708178508e-06,1.434416033076916,0.32856503263151826,9.46638111168829
0.05,6.328561908956518e-08,1.4369435708178508e-06,0.6498228472222505,0.18685556635608414,9.46638111168829
0.05,6.328561908956518e-08,1.4369435708178508e-06,0.6498228472222505,0.18685556635608414,8.696128701389634
0.05,8.351887493484852e-08,1.4369435708178508e-06,1.5483547740587102,0.20113215689684943,8.696128701389634
0.05,8.351887493484852e-08,3.133499251159987e-07,1.5483547740587102,0.5415331047545306,8.696128701389634
0.05,8.351887493484852e-08,3.133499251159987e-07,1.5483547740587102,0.5415331047545306,4.559316011063804
0.05,7.547708197857062e-08,3.133499251159987e-07,1.5483547740587102,0.31258545648688635,4.559316011063804
0.05,6.242381813581275e-08,3.133499251159987e-07,2.1768710341681192,0.31258545648688635,4.559316011063804
0.05,6.242381813581275e-08,3.133499251159987e-07,2.1768710341681192,0.3829694751581965,4.559316011063804
0.05,6.242381813581275e-08,3.133499251159987e-07,1.920108923324633,0.3829694751581965,4.559316011063804
0.05,6.242381813581275e-08,3.133499251159987e-07,1.920108923324633,0.3829694751581965,4.559316011063804
0.05,6.883387309415327e-08,2.443549647262749e-06,2.6746511344444004,0.3342021342575273,4.559316011063804
0.05,6.883387309415327e-08,1.0255579346623296e-06,2.6746511344444004,0.3342021342575273,4.559316011063804
0.05,6.883387309415327e-08,1.1206754754240679e-06,1.33842909429327,0.3342021342575273,4.559316011063804
0.05,6.883387309415327e-08,1.1206754754240679e-06,1.650113046820601,0.3342021342575273,8.798146170567344
0.05,6.883387309415327e-08,1.1206754754240679e-06,1.650113046820601,0.3342021342575273,8.798146170567344
0.05,8.321954058414097e-08,1.1206754754240679e-06,1.0878421791768296,0.3342021342575273,8.798146170567344
0.05,8.321954058414097e-08,1.1206754754240679e-06,1.0878421791768296,0.3342021342575273,8.798146170567344
0.05,8.321954058414097e-08,3.1477955312596855e-07,0.7914905214494179,0.3342021342575273,8.798146170567344
0.05,8.321954058414097e-08,2.200633170674076e-06,0.7914905214494179,0.3342021342575273,8.798146170567344
0.05,8.321954058414097e-08,3.2709057527250513e-07,0.7914905214494179,0.35374355183773015,8.798146170567344
0.05,7.864153752630685e-08,3.2709057527250513e-07,1.1875545143899953,0.1059707062949919,8.798146170567344
0.05,7.864153752630685e-08,3.2709057527250513e-07,1.1875545143899953,0.8824960954786427,8.798146170567344
0.05,9.571132192587504e-08,3.2709057527250513e-07,1.1875545143899953,0.8824960954786427,6.752203469383246
0.05,6.163987737372557e-08,3.2709057527250513e-07,1.1875545143899953,0.6650241649747918,9.797213932028807
0.05,6.163987737372557e-08,3.2709057527250513e-07,1.1875545143899953,0.6413600800387333,9.744754688437325
0.05,6.163987737372557e-08,3.2709057527250513e-07,2.6034375470024695,0.46244214841755565,7.208871235325987
0.05,6.163987737372557e-08,3.2709057527250513e-07,2.6034375470024695,0.46244214841755565,7.208871235325987
0.05,4.87874637172351e-08,3.2709057527250513e-07,2.6034375470024695,0.46244214841755565,7.244393796200006
0.05,4.87874637172351e-08,3.2709057527250513e-07,2.6034375470024695,0.46244214841755565,7.244393796200006
0.05,4.87874637172351e-08,3.2709057527250513e-07,2.6034375470024695,0.46244214841755565,7.244393796200006
0.05,7.811668112575708e-08,3.2709057527250513e-07,2.6034375470024695,0.46244214841755565,4.089160375888325
0.05,7.811668112575708e-08,3.2709057527250513e-07,2.6034375470024695,0.46244214841755565,4.089160375888325
0.05,7.811668112575708e-08,3.2709057527250513e-07,2.5848537565442125,0.37937644154880656,4.089160375888325
0.05,7.862743929083916e-08,3.2709057527250513e-07,2.4863007393677146,0.37937644154880656,4.089160375888325
0.05,7.862743929083916e-08,9.461594642598098e-07,2.4863007393677146,0.37937644154880656,4.089160375888325
0.05,7.862743929083916e-08,9.461594642598098e-07,2.4863007393677146,0.37937644154880656,4.089160375888325
0.05,7.862743929083916e-08,9.461594642598098e-07,1.9134351920356645,0.37937644154880656,2.9017782376126275
0.05,5.4343845382334606e-08,9.461594642598098e-07,1.3163974822369844,0.37937644154880656,6.408311005601636
0.05,5.4343845382334606e-08,9.461594642598098e-07,1.3163974822369844,0.37937644154880656,6.408311005601636
0.05,5.4343845382334606e-08,9.461594642598098e-07,1.662777165051594,0.37937644154880656,6.408311005601636
0.05,5.4343845382334606e-08,1.1635837254477746e-06,1.6244100444097898,0.35456738692257767,6.408311005601636
0.05,5.4343845382334606e-08,1.1635837254477746e-06,1.6244100444097898,0.35456738692257767,7.902639164096663
0.05,5.4343845382334606e-08,1.1635837254477746e-06,1.6244100444097898,0.35456738692257767,7.902639164096663
0.05,5.4343845382334606e-08,1.1635837254477746e-06,1.6244100444097898,0.35456738692257767,7.902639164096663
0.05,5.4343845382334606e-08,1.1635837254477746e-06,1.6244100444097898,0.5101185118141953,7.902639164096663
0.05,5.4343845382334606e-08,1.1635837254477746e-06,1.6244100444097898,0.5101185118141953,3.2598701041481752
0.05,5.4343845382334606e-08,1.1635837254477746e-06,0.6147277962919766,0.6747790598576717,7.141393753968516
0.05,5.4343845382334606e-08,1.1635837254477746e-06,0.5529962769931855,0.6734612539337602,7.141393753968516
0.05,5.4343845382334606e-08,1.1635837254477746e-06,0.5532559651379642,0.53036216109939,7.141393753968516
0.05,5.4343845382334606e-08,1.1635837254477746e-06,0.9594436962925201,0.5906033513970596,7.141393753968516
0.05,5.4343845382334606e-08,1.1635837254477746e-06,1.6625483934954344,0.30107337846937177,7.141393753968516
0.05,5.4343845382334606e-08,1.1635837254477746e-06,1.6625483934954344,0.3890595154492498,7.141393753968516
0.05,5.4343845382334606e-08,1.1635837254477746e-06,1.6625483934954344,0.28129203174953493,3.522665700156826
0.05,5.4343845382334606e-08,1.1635837254477746e-06,1.6625483934954344,0.28129203174953493,3.522665700156826
0.05,5.4343845382334606e-08,2.8215322050859294e-07,1.4389907627830676,0.2972676754127061,3.522665700156826
0.05,5.4343845382334606e-08,6.029877530216715e-06,1.4389907627830676,0.2972676754127061,8.017977182596951
0.05,5.4343845382334606e-08,5.238663949612514e-06,1.4389907627830676,0.2972676754127061,5.650781586770356
0.05,5.4343845382334606e-08,2.484666443426804e-06,1.4389907627830676,0.2972676754127061,5.650781586770356
0.05,5.4343845382334606e-08,2.484666443426804e-06,1.8584710972501455,0.2972676754127061,5.650781586770356
0.05,5.4343845382334606e-08,8.160530282558833e-07,1.4452282796640965,0.2972676754127061,5.650781586770356
0.05,5.4343845382334606e-08,2.517186894353456e-07,1.4452282796640965,0.2972676754127061,7.136385129779543
0.05,6.867448249320281e-08,2.517186894353456e-07,2.352233926252197,0.2972676754127061,7.136385129779543
0.05,4.608285281399636e-08,2.0810732056520646e-06,2.951090328898369,0.2972676754127061,3.411256502824954
0.05,5.977968451851052e-08,8.899779740928762e-08,3.0688241795480637,0.2972676754127061,3.411256502824954
0.05,8.111309328853112e-08,1.0101051885278678e-07,2.251737204056398,0.29207992495114166,3.411256502824954
0.05,8.111309328853112e-08,1.0101051885278678e-07,2.251737204056398,0.41934513323877853,3.411256502824954
0.05,4.631844599467437e-08,1.0101051885278678e-07,2.251737204056398,0.3082209708169876,3.411256502824954
0.05,4.631844599467437e-08,1.0101051885278678e-07,2.251737204056398,0.3082209708169876,3.411256502824954
0.05,4.631844599467437e-08,4.7307746596694313e-07,2.117171991572376,0.29524610208876295,2.1401095381146233
0.05,4.631844599467437e-08,8.053828299171056e-07,2.117171991572376,0.29524610208876295,1.1914677985011424
0.05,4.631844599467437e-08,8.053828299171056e-07,2.117171991572376,0.29524610208876295,1.1914677985011424
0.05,5.2473201099838666e-08,8.053828299171056e-07,2.7909754581264963,0.2154428086673462,1.1914677985011424
0.05,5.2473201099838666e-08,8.053828299171056e-07,2.7909754581264963,0.2750134263406617,0.8998201857008393
0.05,5.2473201099838666e-08,8.053828299171056e-07,2.7909754581264963,0.2750134263406617,0.8998201857008393
0.05,8.540810096901712e-08,8.053828299171056e-07,2.7909754581264963,0.2750134263406617,0.8998201857008393
0.05,8.540810096901712e-08,8.053828299171056e-07,2.7909754581264963,0.20560217567886782,0.8998201857008393
0.05,8.540810096901712e-08,7.045578774074641e-07,2.7909754581264963,0.20560217567886782,1.053652051141471
0.05,4.339883973357995e-08,7.045578774074641e-07,2.33594786943141,0.20560217567886782,1.053652051141471
0.05,4.339883973357995e-08,2.231738200149582e-06,2.33594786943141,0.20560217567886782,1.4642086674029144
0.05,4.339883973357995e-08,6.456956525878651e-07,2.33594786943141,0.07916608864051952,1.4642086674029144
0.05,4.339883973357995e-08,6.456956525878651e-07,2.33594786943141,0.07916608864051952,1.4642086674029144
0.05,4.339883973357995e-08,9.838510184696099e-07,2.33594786943141,0.07916608864051952,1.4642086674029144
0.05,6.179940870034538e-08,9.838510184696099e-07,2.33594786943141,0.427406462101291,1.4642086674029144
0.05,6.179940870034538e-08,9.838510184696099e-07,2.33594786943141,0.427406462101291,1.4642086674029144
0.05,6.179940870034538e-08,9.838510184696099e-07,2.33594786943141,0.38305527813752255,1.4642086674029144
0.05,7.112974290918594e-08,2.073226405396828e-06,2.299205294097878,0.14263129599907895,1.4642086674029144
0.05,7.112974290918594e-08,2.073226405396828e-06,1.3852727802274303,0.14263129599907895,1.4642086674029144
0.05,7.112974290918594e-08,2.5211744878637143e-07,2.6770417573478116,0.33336075973842627,1.4642086674029144
0.05,7.112974290918594e-08,3.45199710935631e-06,1.40060035941916,0.33336075973842627,1.1050057773158246
0.05,7.112974290918594e-08,5.543539659422854e-07,1.40060035941916,0.33336075973842627,6.515600881951737
0.05,5.1280133408898544e-08,5.543539659422854e-07,1.40060035941916,0.33336075973842627,6.515600881951737
0.05,6.44143254376397e-08,5.543539659422854e-07,1.40060035941916,0.30351059041156103,6.515600881951737
0.05,6.152474227684287e-08,5.543539659422854e-07,1.40060035941916,0.26538946460072566,6.515600881951737
0.05,6.152474227684287e-08,5.543539659422854e-07,2.073519959044332,0.26538946460072566,3.794037608940867
0.05,6.152474227684287e-08,5.543539659422854e-07,2.073519959044332,0.26538946460072566,3.794037608940867
0.05,6.152474227684287e-08,5.543539659422854e-07,2.073519959044332,0.26538946460072566,3.794037608940867
0.05,6.152474227684287e-08,5.543539659422854e-07,2.073519959044332,0.26538946460072566,4.585982653491617
0.05,6.152474227684287e-08,1.41576989382075e-06,1.6546091939425627,0.26538946460072566,4.585982653491617
0.05,6.152474227684287e-08,1.41576989382075e-06,1.6546091939425627,0.26538946460072566,3.4320809261510448
0.05,6.152474227684287e-08,1.41576989382075e-06,1.5822500342764025,0.4189868696705194,7.473272920384533
0.05,8.41027742036008e-08,1.41576989382075e-06,1.5822500342764025,0.4189868696705194,7.473272920384533
0.05,8.41027742036008e-08,1.41576989382075e-06,1.2051670482398287,0.5745645774379302,7.473272920384533
0.05,8.41027742036008e-08,1.41576989382075e-06,1.490859610484012,0.5745645774379302,8.365285264749229
0.05,6.903618641297046e-08,1.41576989382075e-06,1.490859610484012,0.5745645774379302,8.365285264749229
0.05,6.903618641297046e-08,1.41576989382075e-06,1.490859610484012,0.5745645774379302,8.365285264749229
0.05,8.609516049492466e-08,1.41576989382075e-06,0.7125038639578369,0.7376328437634738,8.365285264749229
0.05,5.215286780183449e-08,1.41576989382075e-06,1.6662602504210169,0.7376328437634738,8.813186102293855
0.05,5.2071285832949435e-08,1.41576989382075e-06,1.6662602504210169,0.7376328437634738,9.886178842931026
0.05,5.2071285832949435e-08,1.41576989382075e-06,1.6662602504210169,0.623205356640961,8.320731842772124
0.05,5.2071285832949435e-08,1.41576989382075e-06,1.5769512617722292,0.623205356640961,8.320731842772124
0.05,5.2071285832949435e-08,1.41576989382075e-06,1.3786192020432728,0.623205356640961,8.320731842772124
0.05,5.2071285832949435e-08,1.41576989382075e-06,1.3786192020432728,0.5519963237781897,9.097432922024394
0.05,8.525247130312146e-08,1.6287640570968554e-07,0.8530961648316808,0.5519963237781897,8.369553596197514
0.05,7.706088734458161e-08,1.6287640570968554e-07,1.3345838310614715,0.6140341191586198,8.369553596197514
0.05,7.706088734458161e-08,7.799561826123835e-08,0.8862076376231048,0.6208644653821793,8.94115000801109
0.05,7.706088734458161e-08,3.224333588048517e-07,0.8862076376231048,0.6208644653821793,8.94115000801109
0.05,7.706088734458161e-08,3.224333588048517e-07,0.8862076376231048,0.6208644653821793,8.94115000801109
0.05,7.706088734458161e-08,3.224333588048517e-07,0.8862076376231048,0.6152429363967586,8.94115000801109
0.05,6.037230319504697e-08,3.224333588048517e-07,1.3810730432314378,0.6152429363967586,8.58027420374744
0.05,6.037230319504697e-08,3.1071270330254076e-06,1.4829080404555128,0.6170301537894745,9.42694186731462
0.05,6.571138111117189e-08,1.583906513267445e-06,2.2987848520183327,0.4557464223272475,5.780184647373881
0.05,5.4043846277499264e-08,1.583906513267445e-06,1.5470483393057237,0.4557464223272475,5.780184647373881
0.05,5.4043846277499264e-08,5.969347777226456e-07,1.5470483393057237,0.4557464223272475,8.194845706698288
0.05,8.210130156658412e-08,5.969347777226456e-07,1.7615107096686877,0.4332966726226362,7.941261400794861
0.05,8.210130156658412e-08,5.969347777226456e-07,1.3463564235062055,0.42198735888809896,3.8168655386131696
0.05,5.249854705159777e-08,7.81340237273803e-07,1.3463564235062055,0.42198735888809896,6.450561335216979
0.05,5.249854705159777e-08,7.81340237273803e-07,1.3463564235062055,0.42198735888809896,6.334362621009079
0.05,5.927039112090201e-08,1.8799332331703362e-06,1.3463564235062055,0.42198735888809896,6.4015892763596
0.05,5.927039112090201e-08,1.3591590525538615e-06,1.8445924082361964,0.42198735888809896,6.4015892763596
0.05,4.699612194049748e-08,1.3591590525538615e-06,1.340070149764748,0.4364986660754374,6.4015892763596
0.05,4.699612194049748e-08,1.044933980486269e-06,1.340070149764748,0.34080006015800735,6.4015892763596
0.05,4.699612194049748e-08,1.044933980486269e-06,1.340070149764748,0.34080006015800735,6.4015892763596
0.05,6.16108174595145e-08,1.044933980486269e-06,1.5405718784957783,0.34080006015800735,6.4015892763596
0.05,9.307270585271308e-08,1.044933980486269e-06,1.5405718784957783,0.4938910923075963,6.4015892763596
0.05,9.307270585271308e-08,1.044933980486269e-06,1.5405718784957783,0.4938910923075963,6.4015892763596
0.05,9.307270585271308e-08,1.044933980486269e-06,1.5405718784957783,0.3579870241468736,9.183353882271057
0.05,7.096802220414193e-08,1.979329183209542e-06,1.5405718784957783,0.3229684653172251,8.80709847452124
0.05,7.096802220414193e-08,1.979329183209542e-06,1.5405718784957783,0.3229684653172251,8.80709847452124
0.05,4.1795431897131584e-08,1.979329183209542e-06,1.4692981488208259,0.6954396363313831,8.80709847452124
0.05,6.046863407650148e-08,1.880420776591871e-06,1.4692981488208259,0.3271348243155634,8.80709847452124
0.05,6.046863407650148e-08,6.703044139302008e-06,1.4692981488208259,0.3271348243155634,8.80709847452124
0.05,6.046863407650148e-08,6.703044139302008e-06,1.6954289952385615,0.1393989456349378,8.621142159106292
0.05,5.5664128311717815e-08,6.703044139302008e-06,1.1865984817553767,0.1393989456349378,8.621142159106292
0.05,7.297110957898937e-08,6.211157248680357e-07,1.1865984817553767,0.1291721803867701,8.494582773945677
0.05,7.297110957898937e-08,1.267487509806333e-06,1.1865984817553767,0.257708100074252,2.9876479998377965
0.05,7.297110957898937e-08,1.267487509806333e-06,1.1865984817553767,0.23733957837314232,2.9876479998377965
0.05,9.520950591354796e-08,1.267487509806333e-06,1.1865984817553767,0.42707437026491535,5.255604597123384
0.05,9.757821156535438e-08,1.267487509806333e-06,1.1865984817553767,0.1640318618402319,6.924912145331995
0.05,9.757821156535438e-08,1.267487509806333e-06,1.183047179637153,0.1640318618402319,8.09148998274733
0.05,9.757821156535438e-08,1.267487509806333e-06,0.9239633053869788,0.1640318618402319,8.09148998274733
0.05,9.757821156535438e-08,4.113443393847678e-07,0.960495473581784,0.5012565200468174,8.09148998274733
0.05,9.757821156535438e-08,4.113443393847678e-07,0.6693970491800854,0.5332960116810701,8.09148998274733
0.05,9.757821156535438e-08,4.113443393847678e-07,0.6693970491800854,0.10816805537318386,9.18392706909765
0.05,4.361968064989263e-08,4.113443393847678e-07,0.6693970491800854,0.10816805537318386,9.18392706909765
0.05,8.189981133272381e-08,1.794977707949325e-06,0.6693970491800854,0.10816805537318386,9.067690757938138
0.05,8.041917513326805e-08,1.794977707949325e-06,0.6693970491800854,0.3714073438525055,9.647371674486502
0.05,8.041917513326805e-08,1.794977707949325e-06,0.6485909075607885,0.3714073438525055,9.647371674486502
0.05,8.041917513326805e-08,1.794977707949325e-06,0.6485909075607885,0.3714073438525055,9.647371674486502
0.05,8.041917513326805e-08,1.794977707949325e-06,0.6485909075607885,0.045545428884639166,9.897674029650494
0.05,7.893777859992554e-08,1.794977707949325e-06,0.6485909075607885,0.045545428884639166,1.4202644336656114
0.05,7.893777859992554e-08,2.237326826011681e-06,0.9551107221911369,0.577092411746936,1.4202644336656114
0.05,5.261479055025123e-08,2.237326826011681e-06,2.036986783089484,0.38756340393547295,5.302811461672646
0.05,5.261479055025123e-08,2.237326826011681e-06,1.2450660361883823,0.38756340393547295,5.302811461672646
0.05,5.352934311911485e-08,2.237326826011681e-06,1.7043217634175425,0.38756340393547295,5.302811461672646
0.05,5.352934311911485e-08,2.237326826011681e-06,2.209247959748922,0.29024223789794174,8.139275449315445
0.05,5.352934311911485e-08,2.237326826011681e-06,2.209247959748922,0.29024223789794174,8.38675077385675
0.05,4.3279310041490254e-08,2.237326826011681e-06,1.6005387034289642,0.2800868435907722,8.38675077385675
0.05,4.3279310041490254e-08,2.3180717604639614e-06,2.965606255939777,0.1996576393576747,3.8873852268663804
0.05,5.428632328876605e-08,2.3180717604639614e-06,2.965606255939777,0.1996576393576747,0.1367954879416303
0.05,5.428632328876605e-08,2.3180717604639614e-06,0.7613067552572481,0.1996576393576747,0.1367954879416303
0.05,5.428632328876605e-08,2.3180717604639614e-06,1.0954673057679392,0.29166316494527,8.590750810589315
0.05,4.281104145167885e-08,2.3180717604639614e-06,1.0954673057679392,0.29166316494527,8.00422045507253
0.05,4.281104145167885e-08,2.3180717604639614e-06,1.1033236635152373,0.29166316494527,7.908860969790751
0.05,4.281104145167885e-08,1.6646310382481852e-06,2.083466542499312,0.2494174212217487,5.214040335213195
0.05,4.281104145167885e-08,1.6646310382481852e-06,2.083466542499312,0.2494174212217487,5.693373336698313
0.05,6.689761767077437e-08,1.6646310382481852e-06,2.083466542499312,0.47916886465879066,5.693373336698313
0.05,4.7920144983327055e-08,3.32516674488606e-06,2.083466542499312,0.44176180908761054,5.693373336698313
0.05,4.7920144983327055e-08,3.32516674488606e-06,2.083466542499312,0.46806186236389224,5.693373336698313
0.05,4.7920144983327055e-08,3.6442953836044824e-06,2.083466542499312,0.46806186236389224,5.693373336698313
0.05,5.1518859900539745e-08,3.6442953836044824e-06,2.083466542499312,0.46806186236389224,5.693373336698313
0.05,5.1518859900539745e-08,3.6442953836044824e-06,2.083466542499312,0.46806186236389224,5.693373336698313
0.05,8.51145892207353e-08,3.6442953836044824e-06,2.083466542499312,0.4900332553328809,5.693373336698313
0.05,8.51145892207353e-08,3.6442953836044824e-06,1.6474541698770824,0.4900332553328809,5.693373336698313
0.05,8.51145892207353e-08,3.6442953836044824e-06,1.6474541698770824,0.4521277898848174,3.8536630970372188
0.05,8.51145892207353e-08,7.676997833211174e-07,2.0149348853973024,0.4350226884552213,5.938171835796648
0.05,9.042767554668893e-08,7.676997833211174e-07,1.8071968064001143,0.4350226884552213,5.938171835796648
0.05,9.042767554668893e-08,1.8003029233468404e-06,1.5929263763750754,0.4350226884552213,5.938171835796648
0.05,3.6190839386986584e-08,8.000378514992953e-07,2.3573058542869925,0.4350226884552213,5.938171835796648
0.05,3.6190839386986584e-08,8.000378514992953e-07,2.3573058542869925,0.4350226884552213,5.938171835796648
0.05,3.6190839386986584e-08,8.000378514992953e-07,1.5234126657361136,0.4350226884552213,5.938171835796648
0.05,8.14223673486623e-08,8.000378514992953e-07,1.2886536614859323,0.4350226884552213,6.961334638409895
0.05,7.973994374476383e-08,8.000378514992953e-07,1.2886536614859323,0.4350226884552213,6.961334638409895
0.05,7.973994374476383e-08,8.000378514992953e-07,1.2886536614859323,0.4350226884552213,6.961334638409895
0.05,6.145755034030094e-08,8.000378514992953e-07,1.2886536614859323,0.4350226884552213,6.961334638409895
0.05,6.145755034030094e-08,8.000378514992953e-07,1.9974972592547307,0.4350226884552213,6.961334638409895
0.05,6.145755034030094e-08,8.000378514992953e-07,1.3546992922518089,0.4350226884552213,6.961334638409895
0.05,6.145755034030094e-08,8.000378514992953e-07,1.3546992922518089,0.4350226884552213,6.961334638409895
0.05,6.75634729594018e-08,9.78593464704942e-07,1.7878498204472932,0.4350226884552213,8.597918906860064
0.05,6.75634729594018e-08,1.8379521698454766e-06,1.320362896232656,0.33926503626522114,8.597918906860064
0.05,5.4170401982058026e-08,3.9705894769511227e-07,1.320362896232656,0.6392908500103163,8.597918906860064
0.05,6.370429024662458e-08,6.405052393693893e-07,1.320362896232656,0.6947320948515541,5.224564713175996
0.05,6.370429024662458e-08,9.198324663400277e-07,1.2736364388940493,0.6294554577981182,6.073795795077564
0.05,6.370429024662458e-08,9.198324663400277e-07,1.2736364388940493,0.6449302301990022,8.061076248321152
0.05,4.7004120054652505e-08,9.198324663400277e-07,1.2736364388940493,0.3813302985883167,8.061076248321152
0.05,4.7004120054652505e-08,9.198324663400277e-07,1.2736364388940493,0.292156295455307,8.093345112557145
0.05,7.573501248851482e-08,3.945381163906647e-07,1.581796968017548,0.4632892022235806,8.093345112557145
0.05,8.613702524079243e-08,8.736608817713755e-07,1.3585378775845167,0.48998470795958865,8.093345112557145
0.05,8.613702524079243e-08,8.736608817713755e-07,1.3585378775845167,0.48998470795958865,7.298071245766808
0.05,8.661536818536882e-08,8.736608817713755e-07,1.3461540400222307,0.48998470795958865,8.81480523348179
0.05,8.661536818536882e-08,8.736608817713755e-07,2.524816260999236,0.48998470795958865,9.275799680672064
0.05,8.661536818536882e-08,8.736608817713755e-07,0.776774793327153,0.3777479529654837,9.275799680672064
0.05,8.661536818536882e-08,8.736608817713755e-07,1.894371864039838,0.3777479529654837,9.832506475544289
0.05,7.126309582956764e-08,8.736608817713755e-07,1.894371864039838,0.41258869382754476,9.832506475544289
0.05,7.126309582956764e-08,8.736608817713755e-07,1.894371864039838,0.41258869382754476,9.832506475544289
0.05,7.126309582956764e-08,5.173742135144878e-07,2.0105121368287198,0.41258869382754476,9.354911259137179
0.05,7.126309582956764e-08,5.173742135144878e-07,2.0105121368287198,0.41258869382754476,9.354911259137179
0.05,7.126309582956764e-08,5.173742135144878e-07,1.833982014445551,0.5832716194721964,9.354911259137179
0.05,7.126309582956764e-08,5.173742135144878e-07,2.523981663130244,0.4779729585221703,9.354911259137179
0.05,7.126309582956764e-08,5.173742135144878e-07,2.523981663130244,0.4779729585221703,9.403886322100751
0.05,7.126309582956764e-08,5.173742135144878e-07,2.523981663130244,0.5179980874828725,9.403886322100751
0.05,5.5444883731672205e-08,8.888736586857377e-07,2.523981663130244,0.5179980874828725,9.403886322100751
0.05,5.5444883731672205e-08,8.888736586857377e-07,2.523981663130244,0.4114696679943719,9.199131704174473
0.05,5.5444883731672205e-08,2.4184313567727033e-07,1.8353221276489597,0.4114696679943719,9.199131704174473
0.05,5.5444883731672205e-08,2.4184313567727033e-07,1.6732027236270652,0.4114696679943719,6.497393163561455
0.05,5.836744508463917e-08,2.4184313567727033e-07,1.6732027236270652,0.30344344158438463,5.147029477424679
0.05,5.836744508463917e-08,2.4184313567727033e-07,1.6732027236270652,0.5069942027600292,5.147029477424679
0.05,5.836744508463917e-08,9.51617708366336e-07,1.6732027236270652,0.5069942027600292,5.147029477424679
0.05,4.757163574185124e-08,9.51617708366336e-07,1.6732027236270652,0.40485971493611045,5.147029477424679
0.05,4.757163574185124e-08,9.51617708366336e-07,1.6732027236270652,0.3906186984337099,5.147029477424679
0.05,4.757163574185124e-08,3.9868227324005105e-07,1.8814768558235655,0.3906186984337099,0.5230655554077303
0.05,4.757163574185124e-08,3.9868227324005105e-07,1.8814768558235655,0.3906186984337099,3.6771976399774653
0.05,4.757163574185124e-08,8.060667800490457e-06,1.8814768558235655,0.24503320578817658,0.7816630953082836
0.05,4.757163574185124e-08,8.060667800490457e-06,1.866267785299807,0.25274975272784345,1.2986092866043966
0.05,4.757163574185124e-08,8.060667800490457e-06,1.866267785299807,0.25274975272784345,1.2986092866043966
0.05,4.391885214810807e-08,8.060667800490457e-06,1.866267785299807,0.27968344057244265,1.2986092866043966
0.05,4.391885214810807e-08,5.94586910476957e-06,1.866267785299807,0.27968344057244265,1.2986092866043966
0.05,4.1978518462081626e-08,5.94586910476957e-06,1.866267785299807,0.16770218423216665,1.2986092866043966
0.05,4.1978518462081626e-08,5.94586910476957e-06,1.866267785299807,0.16770218423216665,1.2986092866043966
0.05,4.1978518462081626e-08,5.94586910476957e-06,2.4306261461672656,0.10426816170824886,1.2986092866043966
0.05,6.035378194202085e-08,5.94586910476957e-06,2.3010611318093495,0.09231234918496384,1.2986092866043966
0.05,6.35402370231052e-08,5.276997663218598e-07,2.2437876933828065,0.25734321021361134,3.8460080490025894
0.05,6.35402370231052e-08,8.127817488935636e-07,1.7497634957880746,0.25734321021361134,2.836467483485902
0.05,6.35402370231052e-08,8.127817488935636e-07,3.1510360918882285,0.3466551723823707,2.836467483485902
0.05,6.031929340622186e-08,8.127817488935636e-07,3.1510360918882285,0.3466551723823707,2.836467483485902
0.05,6.031929340622186e-08,8.127817488935636e-07,3.1510360918882285,0.3466551723823707,2.836467483485902
0.05,6.322782302254286e-08,8.127817488935636e-07,3.1510360918882285,0.3466551723823707,2.836467483485902
0.05,6.322782302254286e-08,8.127817488935636e-07,3.1510360918882285,0.3466551723823707,2.836467483485902
0.05,6.322782302254286e-08,8.127817488935636e-07,2.772214145544556,0.2788752765789746,2.836467483485902
0.05,6.322782302254286e-08,8.127817488935636e-07,2.654997519074493,0.2788752765789746,2.836467483485902
0.05,6.322782302254286e-08,8.963005766161219e-06,1.9734610511343134,0.332235460467305,2.836467483485902
0.05,6.322782302254286e-08,8.535232976469235e-07,1.9734610511343134,0.332235460467305,2.836467483485902
0.05,6.322782302254286e-08,8.535232976469235e-07,1.9734610511343134,0.42349295011472055,2.836467483485902
0.05,6.322782302254286e-08,8.535232976469235e-07,1.2620166948450309,0.16985603103535685,2.836467483485902
0.05,6.322782302254286e-08,8.535232976469235e-07,1.2620166948450309,0.19134576728037686,2.836467483485902
0.05,6.322782302254286e-08,8.535232976469235e-07,1.2620166948450309,0.19134576728037686,3.344769097636888
0.05,6.322782302254286e-08,3.790343811069901e-06,1.2620166948450309,0.19134576728037686,3.344769097636888
0.05,6.322782302254286e-08,3.4337838618380966e-06,1.2620166948450309,0.19134576728037686,3.344769097636888
0.05,6.236281744810147e-08,3.4337838618380966e-06,1.2620166948450309,0.2305802622824103,2.38960592973771
0.05,6.236281744810147e-08,5.428622594615831e-07,1.2620166948450309,0.43539842281806856,4.693131741797978
0.05,6.236281744810147e-08,1.4113419678392403e-06,1.2620166948450309,0.22210527475178704,6.675847804320157
0.05,5.080496010650028e-08,1.4113419678392403e-06,2.434183874521608,0.34958853333420264,6.675847804320157
0.05,5.080496010650028e-08,1.6324556874134316e-06,1.1165019298321213,0.34958853333420264,6.675847804320157
0.05,1.0385239187284998e-07,1.6324556874134316e-06,1.1165019298321213,0.41685045852928676,6.675847804320157
0.05,1.0385239187284998e-07,1.6324556874134316e-06,1.1165019298321213,0.41685045852928676,2.110373379045848
0.05,1.0385239187284998e-07,1.6324556874134316e-06,1.1165019298321213,0.09247346119868005,3.3227202953051216
0.05,1.0385239187284998e-07,1.6324556874134316e-06,1.1165019298321213,0.09247346119868005,6.978785027241948
0.05,1.0835798037106391e-07,3.976816810062546e-07,1.4392896105031918,0.09247346119868005,6.978785027241948
0.05,1.0835798037106391e-07,1.9869705213407888e-06,1.4392896105031918,0.08539253834027993,0.8288244328224539
0.05,6.037058324527366e-08,1.9869705213407888e-06,1.4392896105031918,0.03142056652606322,0.8288244328224539
0.05,8.013195961345483e-08,1.9869705213407888e-06,1.4392896105031918,0.03142056652606322,0.8288244328224539
0.05,8.013195961345483e-08,1.9869705213407888e-06,2.14339627670432,0.03142056652606322,0.8288244328224539
0.05,7.867384518353669e-08,1.9869705213407888e-06,2.14339627670432,0.02333556975826179,0.8288244328224539
0.05,7.867384518353669e-08,1.9869705213407888e-06,2.14339627670432,0.05675573780309693,0.8288244328224539
0.05,4.870322694732107e-08,1.9869705213407888e-06,2.14339627670432,0.24885670582402739,0.06848360716650304
0.05,6.180282311000056e-08,1.9869705213407888e-06,2.14339627670432,0.12013502072498772,0.18001736801528584
0.05,4.812304462347579e-08,1.9869705213407888e-06,2.14339627670432,0.12013502072498772,0.18001736801528584
0.05,4.1398593552641e-08,4.2558109189646485e-06,2.353057366955044,0.18469034175615487,0.21738067089488486
0.05,5.692324119201965e-08,4.2558109189646485e-06,2.353057366955044,0.18469034175615487,0.21738067089488486
0.05,5.692324119201965e-08,4.2558109189646485e-06,2.353057366955044,0.18469034175615487,0.21738067089488486
0.05,7.650680760360128e-08,4.2558109189646485e-06,2.353057366955044,0.18469034175615487,1.3253128054723637
0.05,8.933681132925686e-08,4.2558109189646485e-06,2.353057366955044,0.18469034175615487,1.3253128054723637
0.05,8.767926514655598e-08,2.017934640355179e-06,2.353057366955044,0.275158128361026,1.3253128054723637
0.05,7.616444886092601e-08,4.2932492591573684e-06,2.353057366955044,0.24312201828768323,1.3253128054723637
0.05,7.616444886092601e-08,4.2932492591573684e-06,1.0738959421970498,0.20378445279251603,1.3253128054723637
0.05,7.493817058445844e-08,4.2932492591573684e-06,1.0738959421970498,0.08355554077058011,1.8376740647878707
0.05,9.02201068618455e-08,4.2932492591573684e-06,3.1452549593071017,0.10708634771892703,1.1842266050725265
0.05,7.093319801890754e-08,4.2932492591573684e-06,0.9422687095610867,0.10708634771892703,1.1842266050725265
0.05,5.720757802336569e-08,4.2932492591573684e-06,1.321760053072982,0.16770101297896814,1.7411855795168307
0.05,5.720757802336569e-08,3.329938391713771e-06,1.321760053072982,0.46218824164954564,1.0800621096131675
0.05,5.720757802336569e-08,3.430160638297772e-06,2.0801242992198024,0.46218824164954564,4.97188248758109
0.05,5.720757802336569e-08,7.324327785030848e-08,2.0801242992198024,0.39168841231911405,4.97188248758109
0.05,5.1266868541855185e-08,2.1893157303310883e-07,2.0801242992198024,0.39168841231911405,4.97188248758109
0.05,5.1266868541855185e-08,2.1893157303310883e-07,2.0801242992198024,0.39168841231911405,4.97188248758109
0.05,5.1266868541855185e-08,2.1893157303310883e-07,2.0801242992198024,0.39168841231911405,6.685229263082714
0.05,4.940606306478361e-08,2.1893157303310883e-07,2.0801242992198024,0.39168841231911405,6.685229263082714
0.05,5.540182212259229e-08,2.1893157303310883e-07,2.0801242992198024,0.39168841231911405,6.685229263082714
0.05,5.540182212259229e-08,2.1893157303310883e-07,1.470181844156813,0.39168841231911405,6.685229263082714
0.05,5.081618199059577e-08,6.2260275905912905e-06,1.470181844156813,0.39168841231911405,6.685229263082714
0.05,5.081618199059577e-08,4.454848434205879e-06,1.5260440888925373,0.39168841231911405,6.92477856909818
0.05,5.081618199059577e-08,3.87445530570738e-06,1.5260440888925373,0.39168841231911405,6.65435733069316
0.05,5.081618199059577e-08,3.87445530570738e-06,1.5260440888925373,0.39168841231911405,5.813274769935094
0.05,5.081618199059577e-08,8.782040314869953e-07,2.2681897019582693,0.39168841231911405,5.813274769935094
0.05,7.767707922758283e-08,8.782040314869953e-07,1.501877024543954,0.26649649366433914,5.813274769935094
0.05,7.767707922758283e-08,1.9196967795985803e-06,1.501877024543954,0.41672036077211044,2.638502971591339
0.05,7.767707922758283e-08,1.9196967795985803e-06,1.374693872720091,0.6731509837338874,7.920037025109476
0.05,7.767707922758283e-08,1.9196967795985803e-06,1.5910769853939042,0.6731509837338874,7.920037025109476
0.05,7.767707922758283e-08,1.9196967795985803e-06,1.5910769853939042,0.6731509837338874,8.679907416895967
0.05,6.511331139611443e-08,1.9196967795985803e-06,1.5910769853939042,0.6731509837338874,7.081596090035999
0.05,6.511331139611443e-08,1.9196967795985803e-06,1.7720478034137253,0.6731509837338874,7.081596090035999
0.05,5.619164442505312e-08,1.9196967795985803e-06,1.7720478034137253,0.6731509837338874,7.081596090035999
0.05,5.619164442505312e-08,1.9196967795985803e-06,1.7720478034137253,0.6731509837338874,7.081596090035999
0.05,5.619164442505312e-08,1.9196967795985803e-06,1.0137002381736786,0.6731509837338874,7.081596090035999
0.05,5.619164442505312e-08,1.9196967795985803e-06,1.1936063939662542,0.6731509837338874,8.995180757726862
0.05,8.575400614900968e-08,1.9196967795985803e-06,1.1936063939662542,0.6731509837338874,8.995180757726862
0.05,8.575400614900968e-08,2.0149529007399655e-06,1.1936063939662542,0.3596327315960615,8.995180757726862
0.05,5.0960441371169195e-08,9.199610857007763e-07,1.1936063939662542,0.3596327315960615,8.40018922151451
0.05,6.99480614201772e-08,9.199610857007763e-07,1.7761862529577186,0.323749698317444,6.162043329010545
0.05,6.99480614201772e-08,1.5129603353291896e-06,1.3481997259696124,0.323749698317444,6.162043329010545
0.05,6.99480614201772e-08,1.5129603353291896e-06,2.044744611539068,0.323749698317444,6.162043329010545
0.05,6.99480614201772e-08,1.5129603353291896e-06,1.4521558999023725,0.323749698317444,6.162043329010545
0.05,6.474887116664774e-08,1.5129603353291896e-06,1.4521558999023725,0.30454664273512655,6.162043329010545
0.05,6.474887116664774e-08,1.5129603353291896e-06,1.4521558999023725,0.30454664273512655,5.382050792958619
0.05,6.474887116664774e-08,1.5129603353291896e-06,1.4521558999023725,0.30454664273512655,5.382050792958619
0.05,6.474887116664774e-08,7.930327139516126e-08,1.4521558999023725,0.20566072180913977,2.8683729347634874
0.05,6.474887116664774e-08,7.930327139516126e-08,1.711648703333508,0.21201009790072403,2.8683729347634874
0.05,6.474887116664774e-08,1.0608593601318289e-05,1.711648703333508,0.21201009790072403,2.8683729347634874
0.05,6.474887116664774e-08,8.246760305027031e-07,1.711648703333508,0.21201009790072403,3.346576380333703
0.05,6.474887116664774e-08,8.28100186234825e-07,2.3704489890473788,0.4172901480297545,3.346576380333703
0.05,6.474887116664774e-08,8.28100186234825e-07,1.9545270080328823,0.4172901480297545,3.346576380333703
0.05,6.474887116664774e-08,8.28100186234825e-07,1.9545270080328823,0.35330540326450827,4.825450449701231
0.05,6.474887116664774e-08,8.28100186234825e-07,1.9545270080328823,0.35330540326450827,2.1935131120496285
0.05,5.181681873086056e-08,9.278873810351935e-09,2.119909944982841,0.35330540326450827,2.1935131120496285
0.05,5.181681873086056e-08,7.473879124858886e-08,2.119909944982841,0.3186110543012697,2.1935131120496285
0.05,5.181681873086056e-08,2.0637712660863705e-08,2.119909944982841,0.261855517494666,2.1935131120496285
0.05,5.181681873086056e-08,7.6421692307116e-08,3.7003756216402497,0.1820058638990953,2.1935131120496285
0.05,5.181681873086056e-08,3.3086278940478677e-07,3.7003756216402497,0.1820058638990953,2.8130267484609845
0.05,7.849482520370171e-08,3.3086278940478677e-07,1.7935440239976255,0.20825403526682226,2.8130267484609845
0.05,7.849482520370171e-08,4.674491664886276e-07,2.517172817174135,0.20825403526682226,2.8130267484609845
0.05,7.849482520370171e-08,4.674491664886276e-07,2.517172817174135,0.30980322325763227,2.8130267484609845
0.05,4.631709953638299e-08,4.674491664886276e-07,2.517172817174135,0.4460736512842732,2.8130267484609845
0.05,4.631709953638299e-08,4.674491664886276e-07,2.517172817174135,0.4460736512842732,2.8130267484609845
0.05,4.631709953638299e-08,1.1319097922401845e-06,2.517172817174135,0.3262100704281464,3.093743204593774
0.05,4.631709953638299e-08,2.303471253526557e-07,2.517172817174135,0.4268476997469618,3.093743204593774
0.05,4.164792284441508e-08,2.303471253526557e-07,2.517172817174135,0.4268476997469618,3.093743204593774
0.05,4.8455524583769967e-08,2.491662168050385e-07,2.517172817174135,0.3788651603618416,3.093743204593774
0.05,4.8455524583769967e-08,2.491662168050385e-07,2.517172817174135,0.18035972817100449,3.093743204593774
0.05,4.8455524583769967e-08,8.071668463393674e-07,2.530330226292655,0.3506220867652296,3.093743204593774
0.05,4.8455524583769967e-08,4.972834189638114e-07,2.530330226292655,0.3506220867652296,0.9379598884584153
0.05,4.8455524583769967e-08,2.9309033400189913e-06,2.8793367624582116,0.3823096777564979,1.052793508901264
0.05,7.093833549488737e-08,6.452679347557493e-07,2.8793367624582116,0.12210232703292774,1.052793508901264
0.05,6.004653057168397e-08,6.452679347557493e-07,2.8793367624582116,0.12210232703292774,1.052793508901264
0.05,6.004653057168397e-08,6.452679347557493e-07,2.8793367624582116,0.12210232703292774,1.052793508901264
0.05,5.373835110988001e-08,4.6264902645469986e-06,1.7316849168844182,0.12210232703292774,1.052793508901264
0.05,7.707447417095484e-08,4.6264902645469986e-06,1.7316849168844182,0.12210232703292774,1.052793508901264
0.05,7.707447417095484e-08,4.6264902645469986e-06,1.7316849168844182,0.0346676144715465,2.009374472599343
0.05,7.7871622351861e-08,4.6264902645469986e-06,1.7316849168844182,0.013036650383340447,0.6341141626982904
0.05,5.899159245698525e-08,4.6264902645469986e-06,1.6995922334365288,0.030498677635890304,2.6530482936016586
0.05,5.899159245698525e-08,4.6264902645469986e-06,1.6995922334365288,0.050053993370449856,2.6530482936016586
0.05,1.101167607644911e-07,4.6264902645469986e-06,1.4217039526686335,0.050053993370449856,1.5183975076395562
0.05,1.101167607644911e-07,4.6264902645469986e-06,1.4217039526686335,0.06499307159106338,4.164350634240909
0.05,7.084267006395068e-08,4.6264902645469986e-06,1.4217039526686335,0.057337233692561745,4.164350634240909
0.05,7.084267006395068e-08,3.092034097199958e-07,1.9388432250140195,0.33663704474674305,4.164350634240909
0.05,7.084267006395068e-08,6.617247308006101e-08,1.9388432250140195,0.33663704474674305,4.43841690987789
0.05,6.004951340787845e-08,8.979412931340402e-08,1.4173375894364897,0.33663704474674305,5.224727165187089
0.05,6.004951340787845e-08,5.248215162943865e-06,1.4173375894364897,0.33663704474674305,5.224727165187089
0.05,6.004951340787845e-08,5.248215162943865e-06,2.4931743221783527,0.33663704474674305,5.224727165187089
0.05,6.004951340787845e-08,5.248215162943865e-06,2.4931743221783527,0.18488859617148817,1.848931161877855
0.05,5.956608537967453e-08,5.248215162943865e-06,2.4931743221783527,0.3125918589517065,1.848931161877855
0.05,5.956608537967453e-08,5.248215162943865e-06,2.4931743221783527,0.3125918589517065,1.6422836802599758
0.05,5.956608537967453e-08,5.248215162943865e-06,2.4931743221783527,0.3125918589517065,1.6422836802599758
0.05,5.956608537967453e-08,1.1321245508681065e-06,2.4931743221783527,0.3125918589517065,0.20887552264280895
0.05,5.956608537967453e-08,1.1774767590816523e-06,2.4931743221783527,0.3125918589517065,3.9772617512546207
0.05,5.956608537967453e-08,1.1774767590816523e-06,2.4931743221783527,0.38166171364994184,3.9772617512546207
0.05,5.956608537967453e-08,1.1774767590816523e-06,2.168559282970005,0.3434416631079633,3.9772617512546207
0.05,5.956608537967453e-08,1.1774767590816523e-06,2.168559282970005,0.3434416631079633,3.9772617512546207
0.05,5.956608537967453e-08,1.1774767590816523e-06,2.168559282970005,0.3434416631079633,3.8878019072777628
0.05,5.956608537967453e-08,1.1774767590816523e-06,2.168559282970005,0.23062477745070556,3.8878019072777628
0.05,5.956608537967453e-08,1.1774767590816523e-06,2.168559282970005,0.2529559801308175,0.4491973132552554
0.05,5.956608537967453e-08,1.451751795500203e-07,2.168559282970005,0.2529559801308175,0.05449051454984848
0.05,5.956608537967453e-08,8.486724810186108e-06,2.168559282970005,0.22022477220954267,0.39116857750771294
0.05,5.956608537967453e-08,8.486724810186108e-06,2.9928778370010534,0.22022477220954267,0.39116857750771294
0.05,4.309630839741706e-08,5.125364319071327e-07,2.9928778370010534,0.22022477220954267,0.39116857750771294
0.05,4.309630839741706e-08,5.125364319071327e-07,2.9928778370010534,0.22282415588738272,0.39116857750771294
0.05,5.455188605775093e-08,3.963229220219724e-06,2.6010359649695856,0.22282415588738272,0.39116857750771294
0.05,5.455188605775093e-08,3.963229220219724e-06,1.87432725091923,0.42223781161027085,0.39116857750771294
0.05,5.455188605775093e-08,3.963229220219724e-06,1.87432725091923,0.3353603981183035,7.59397469058177
0.05,5.455188605775093e-08,5.634447985585334e-06,1.87432725091923,0.3353603981183035,7.54311841011324
0.05,5.455188605775093e-08,5.634447985585334e-06,1.87432725091923,0.3353603981183035,7.54311841011324
0.05,5.548623614749224e-08,5.634447985585334e-06,1.87432725091923,0.3353603981183035,6.584035999495087
0.05,5.548623614749224e-08,3.9979612197846057e-07,1.87432725091923,0.3353603981183035,5.71746116154054
0.05,5.548623614749224e-08,3.9979612197846057e-07,1.87432725091923,0.3310563426819215,5.71746116154054
0.05,5.548623614749224e-08,3.9979612197846057e-07,1.4925575149566384,0.3310563426819215,7.044829991158835
0.05,5.548623614749224e-08,3.9979612197846057e-07,1.4925575149566384,0.3310563426819215,3.690758861016895
0.05,5.548623614749224e-08,1.264920455453871e-06,1.1715739214878305,0.3310563426819215,8.682963837736517
0.05,5.548623614749224e-08,2.2007219562787644e-07,1.4518000636723813,0.6331488814719176,4.725866265072767
0.05,6.038105432792714e-08,2.3089542010330428e-06,1.4518000636723813,0.1836149676153946,4.725866265072767
0.05,5.906850469568092e-08,2.3089542010330428e-06,1.4518000636723813,0.25688583945522847,4.725866265072767
0.05,5.906850469568092e-08,4.4988402859887944e-06,2.1308212127212505,0.391587783354136,4.725866265072767
0.05,5.906850469568092e-08,4.4988402859887944e-06,2.5605136804986985,0.30700147224051816,4.725866265072767
0.05,5.523164448210421e-08,4.4988402859887944e-06,2.1724613262480714,0.30700147224051816,4.804323681253116
0.05,5.523164448210421e-08,4.4988402859887944e-06,1.4343953972287606,0.30700147224051816,4.804323681253116
0.05,6.939782037967131e-08,4.4988402859887944e-06,1.4343953972287606,0.30700147224051816,4.804323681253116
0.05,6.939782037967131e-08,1.3250574674442785e-06,1.4343953972287606,0.32137348693180134,4.804323681253116
0.05,6.939782037967131e-08,1.3250574674442785e-06,1.4343953972287606,0.32137348693180134,4.804323681253116
0.05,6.939782037967131e-08,1.3250574674442785e-06,2.1579857775097024,0.32137348693180134,4.804323681253116
0.05,6.923756184417505e-08,1.3250574674442785e-06,2.1579857775097024,0.32137348693180134,4.804323681253116
0.05,6.450712364923766e-08,4.870774397483054e-07,2.373514982903468,0.32137348693180134,3.847561150365342
0.05,5.163233116717573e-08,2.24031187874859e-06,2.373514982903468,0.32137348693180134,3.847561150365342
0.05,5.163233116717573e-08,2.24031187874859e-06,2.0675117726340155,0.32137348693180134,3.847561150365342
0.05,5.163233116717573e-08,2.24031187874859e-06,1.5940482958658009,0.32137348693180134,6.145741935965031
0.05,5.163233116717573e-08,2.2394682920918837e-06,1.9690869101278465,0.46284632041115453,6.145741935965031
0.05,5.163233116717573e-08,2.2394682920918837e-06,1.9690869101278465,0.13721288409301644,5.6981861589182925
0.05,5.163233116717573e-08,2.2394682920918837e-06,1.9690869101278465,0.13721288409301644,6.740458080900583
0.05,5.163233116717573e-08,2.2394682920918837e-06,1.7945464893564835,0.07354481409125715,0.31794276095877927
0.05,6.937597047858528e-08,2.2394682920918837e-06,1.7945464893564835,0.12753749792278182,0.06865650321873222
0.05,6.937597047858528e-08,2.2394682920918837e-06,1.7945464893564835,0.07495510976931323,0.21717722808915507
0.05,6.937597047858528e-08,2.2394682920918837e-06,1.7945464893564835,0.05650419099798926,1.2041053950976819
0.05,6.937597047858528e-08,3.301478897960209e-06,1.5527370583929958,0.05650419099798926,0.28653147699631265
0.05,6.937597047858528e-08,4.653914222486282e-06,1.5527370583929958,0.05650419099798926,1.124760063189072
0.05,6.386970346692159e-08,1.4883995985454522e-06,1.5527370583929958,0.15130549500440182,3.909435872548549
0.05,7.271971006888184e-08,1.4883995985454522e-06,1.1644187607227403,0.11051569956353932,3.909435872548549
0.05,7.271971006888184e-08,1.4883995985454522e-06,1.1644187607227403,0.11051569956353932,3.5158446201052644
0.05,7.271971006888184e-08,1.4883995985454522e-06,1.1644187607227403,0.11051569956353932,3.5158446201052644
0.05,7.271971006888184e-08,1.4883995985454522e-06,1.1644187607227403,0.11051569956353932,3.5158446201052644
0.05,7.271971006888184e-08,1.4883995985454522e-06,1.1644187607227403,0.07341407787443752,3.5158446201052644
0.05,7.271971006888184e-08,1.4883995985454522e-06,1.1644187607227403,0.2214775386459219,3.2647292387948905
0.05,7.271971006888184e-08,1.4883995985454522e-06,0.9734580687797322,0.2214775386459219,8.439159348522551
0.05,7.271971006888184e-08,1.119554992120747e-06,0.9734580687797322,0.4089167291947911,9.599244146532527
0.05,7.271971006888184e-08,1.119554992120747e-06,0.9734580687797322,0.4089167291947911,9.599244146532527
0.05,7.271971006888184e-08,1.119554992120747e-06,0.9734580687797322,0.3252416706053916,9.599244146532527
0.05,7.271971006888184e-08,1.119554992120747e-06,0.9734580687797322,0.6415670072186523,9.599244146532527
0.05,7.271971006888184e-08,1.119554992120747e-06,1.3617439111435585,0.6415670072186523,9.63165684548425
0.05,7.271971006888184e-08,1.119554992120747e-06,1.3617439111435585,0.6415670072186523,9.63165684548425
0.05,7.271971006888184e-08,1.119554992120747e-06,1.3617439111435585,0.6415670072186523,9.477306907063575
0.05,5.64201894854684e-08,1.119554992120747e-06,0.942775408188868,0.6415670072186523,9.477306907063575
0.05,8.133690727574646e-08,1.119554992120747e-06,1.175351874285461,0.6415670072186523,9.943337393942981
0.05,8.133690727574646e-08,9.618697653812458e-08,1.175351874285461,0.4833350370859191,9.943337393942981
0.05,8.133690727574646e-08,1.0283087853619431e-07,1.175351874285461,0.48325938133043217,9.943337393942981
0.05,8.040027805168179e-08,1.1100181654352361e-07,1.175351874285461,0.48325938133043217,9.943337393942981
0.05,8.040027805168179e-08,5.070629969201168e-07,1.175351874285461,0.48325938133043217,9.943337393942981
0.05,5.5033875782970097e-08,1.1422151187470364e-07,1.175351874285461,0.48325938133043217,9.97585618673577
0.05,5.5033875782970097e-08,2.1088781014594407e-06,1.2451928636361156,0.48325938133043217,9.978161914287751
0.05,5.5033875782970097e-08,2.077178347607107e-06,1.2451928636361156,0.4538999171673764,4.454434370347818
0.05,5.5033875782970097e-08,2.077178347607107e-06,2.2347981276719704,0.4538999171673764,4.454434370347818
0.05,5.031224833682672e-08,2.077178347607107e-06,2.302392659668403,0.4538999171673764,2.9763068316395564
0.05,5.031224833682672e-08,1.4151368365131205e-06,2.302392659668403,0.39858369894629236,2.9763068316395564
0.05,5.608655400006007e-08,1.4151368365131205e-06,2.302392659668403,0.39858369894629236,2.9763068316395564
0.05,5.608655400006007e-08,1.4151368365131205e-06,2.302392659668403,0.39858369894629236,2.9763068316395564
0.05,5.608655400006007e-08,1.4151368365131205e-06,2.477276916646698,0.39858369894629236,7.58067827391418
0.05,5.608655400006007e-08,1.4151368365131205e-06,1.6265502916502745,0.39858369894629236,7.58067827391418
0.05,5.608655400006007e-08,5.355244770602858e-07,1.6265502916502745,0.39858369894629236,8.506801359164688
0.05,5.608655400006007e-08,5.662031042673702e-07,1.6265502916502745,0.39248634066404536,8.506801359164688
0.05,5.608655400006007e-08,5.662031042673702e-07,1.6265502916502745,0.41535459252973944,7.453433697682009
0.05,5.608655400006007e-08,2.9652117945607086e-07,1.6265502916502745,0.41535459252973944,7.453433697682009
0.05,5.608655400006007e-08,2.9652117945607086e-07,1.6265502916502745,0.41535459252973944,7.453433697682009
0.05,5.608655400006007e-08,1.8516671683986416e-06,1.8638953939744725,0.41535459252973944,8.117549137770013
0.05,5.608655400006007e-08,1.8516671683986416e-06,1.8638953939744725,0.41856121126301615,8.117549137770013
0.05,5.1669573203222175e-08,1.4401894645161642e-06,1.8638953939744725,0.41856121126301615,8.117549137770013
0.05,6.692615539785948e-08,1.4401894645161642e-06,1.8638953939744725,0.41856121126301615,5.1595942048310475
0.05,6.692615539785948e-08,2.0319871989395913e-06,1.8638953939744725,0.5007687340291536,5.1595942048310475
0.05,6.692615539785948e-08,2.0319871989395913e-06,1.8638953939744725,0.5007687340291536,5.1595942048310475
0.05,6.692615539785948e-08,2.0319871989395913e-06,1.8638953939744725,0.5007687340291536,5.1595942048310475
0.05,6.246068952783732e-08,2.0319871989395913e-06,0.7445267482172822,0.5007687340291536,5.1595942048310475
0.05,6.246068952783732e-08,2.0319871989395913e-06,0.7863988142396459,0.14160790994878755,5.1595942048310475
0.05,6.246068952783732e-08,2.0319871989395913e-06,0.7609069447245642,0.14160790994878755,5.1595942048310475
0.05,6.246068952783732e-08,2.0319871989395913e-06,0.7609069447245642,0.04612398348290533,3.429177642789117
0.05,7.046437923358556e-08,2.0319871989395913e-06,0.7609069447245642,0.2833837493807641,3.429177642789117
0.05,7.046437923358556e-08,2.0319871989395913e-06,0.7609069447245642,0.2833837493807641,3.429177642789117
0.05,6.65984980853343e-08,2.0319871989395913e-06,0.7609069447245642,0.2833837493807641,8.396548232354991
0.05,6.65984980853343e-08,2.0319871989395913e-06,0.7609069447245642,0.11826503190250683,8.396548232354991
0.05,6.65984980853343e-08,1.1330168859210642e-06,0.7609069447245642,0.11826503190250683,8.396548232354991
0.05,6.65984980853343e-08,1.1330168859210642e-06,0.7609069447245642,0.11826503190250683,8.396548232354991
0.05,6.65984980853343e-08,1.1330168859210642e-06,0.6502783612556677,0.32152485625832833,8.396548232354991
0.05,6.614719107569908e-08,6.676131685640874e-07,0.6502783612556677,0.3231886627929135,8.396548232354991
0.05,6.614719107569908e-08,6.676131685640874e-07,0.6502783612556677,0.3231886627929135,8.396548232354991
0.05,6.614719107569908e-08,6.676131685640874e-07,0.6502783612556677,0.3231886627929135,8.396548232354991
0.05,6.77475431551053e-08,6.676131685640874e-07,3.3008149292079603,0.47537676141825774,5.772915497267217
0.05,6.77475431551053e-08,6.676131685640874e-07,3.4494150256690297,0.3122930428595868,3.2084386537265894
0.05,5.038067880209975e-08,6.676131685640874e-07,3.4494150256690297,0.3122930428595868,3.3772052739800618
0.05,5.038067880209975e-08,6.676131685640874e-07,2.7527648718203093,0.3122930428595868,3.3772052739800618
0.05,5.038067880209975e-08,3.4770711358746104e-06,2.046396829730999,0.3122930428595868,2.3870899836395196
0.05,5.038067880209975e-08,3.4770711358746104e-06,2.046396829730999,0.5595788185326162,2.778239312118769
0.05,5.038067880209975e-08,2.0922450946385572e-07,2.046396829730999,0.5943738435457803,9.577485698125399
0.05,6.174580312532791e-08,2.0922450946385572e-07,1.3795575708380987,0.5943738435457803,9.567789252190948
0.05,6.174580312532791e-08,2.0922450946385572e-07,1.3795575708380987,0.5943738435457803,9.567789252190948
0.05,4.0139983255396486e-08,6.311089801581055e-07,1.3795575708380987,0.5943738435457803,9.057274175062254
0.05,4.0139983255396486e-08,6.311089801581055e-07,1.1816077794648585,0.5943738435457803,9.237333908428827
0.05,4.0139983255396486e-08,6.311089801581055e-07,1.1207571907089438,0.5943738435457803,9.237333908428827
0.05,4.0139983255396486e-08,1.7680608459143096e-06,1.5215307580238822,0.5943738435457803,9.237333908428827
0.05,4.0139983255396486e-08,1.7680608459143096e-06,1.5215307580238822,0.45052229374901,8.328853557747633
0.05,3.693572234080581e-08,1.7680608459143096e-06,2.4403307426373586,0.45052229374901,8.328853557747633
0.05,3.693572234080581e-08,1.7680608459143096e-06,2.4403307426373586,0.45052229374901,8.328853557747633
0.05,6.741570597999944e-08,1.7680608459143096e-06,2.4403307426373586,0.45052229374901,8.328853557747633
0.05,4.574348208584165e-08,1.7680608459143096e-06,0.922511687864608,0.45052229374901,8.484846565274477
0.05,4.574348208584165e-08,1.7680608459143096e-06,0.922511687864608,0.45052229374901,8.484846565274477
0.05,4.574348208584165e-08,1.7680608459143096e-06,0.922511687864608,0.45052229374901,5.640264597194693
0.05,9.213872440036498e-08,2.1028362580002322e-07,0.922511687864608,0.6815141622405012,5.640264597194693
0.05,9.213872440036498e-08,2.1028362580002322e-07,0.922511687864608,0.6815141622405012,9.397671090968313
0.05,9.213872440036498e-08,2.1028362580002322e-07,1.1291757053380742,0.3704344766666792,5.53854898088762
0.05,1.0255036119487437e-07,2.1028362580002322e-07,1.1291757053380742,0.27760178033140687,5.53854898088762
0.05,3.782309703531824e-08,2.3635013746479963e-07,2.1990117437780823,0.27760178033140687,5.53854898088762
0.05,3.782309703531824e-08,3.080940940105215e-06,2.1990117437780823,0.27760178033140687,3.0101116473304086
0.05,3.492232469207547e-08,3.080940940105215e-06,2.1990117437780823,0.27760178033140687,3.0101116473304086
0.05,6.133015068769612e-08,3.080940940105215e-06,2.589700197026155,0.27760178033140687,3.0101116473304086
0.05,6.133015068769612e-08,3.080940940105215e-06,2.589700197026155,0.27760178033140687,3.0101116473304086
0.05,6.133015068769612e-08,3.080940940105215e-06,2.6017063247664125,0.27760178033140687,3.0101116473304086
0.05,6.133015068769612e-08,6.99353194788262e-07,2.6222501178915048,0.2814669977680848,3.0101116473304086
0.05,6.133015068769612e-08,6.99353194788262e-07,2.6222501178915048,0.2814669977680848,3.0101116473304086
0.05,6.133015068769612e-08,6.99353194788262e-07,2.6222501178915048,0.2814669977680848,3.0101116473304086
0.05,6.133015068769612e-08,6.99353194788262e-07,1.865545386989297,0.2814669977680848,7.284481402680429
0.05,6.133015068769612e-08,3.3408388468697118e-06,1.865545386989297,0.2814669977680848,7.284481402680429
0.05,6.133015068769612e-08,3.3408388468697118e-06,1.865545386989297,0.2814669977680848,7.284481402680429
0.05,6.461651975623351e-08,3.3408388468697118e-06,1.865545386989297,0.2814669977680848,1.5578811290061545
0.05,4.240266758220953e-08,3.3408388468697118e-06,1.865545386989297,0.17933559908120497,1.5578811290061545
0.05,4.240266758220953e-08,3.3408388468697118e-06,2.2272380957162707,0.17933559908120497,1.5578811290061545
0.05,4.1671818325754206e-08,2.597328533591287e-06,2.00669246307232,0.17933559908120497,1.891337194190701
0.05,4.1671818325754206e-08,2.597328533591287e-06,2.00669246307232,0.3114711079900158,1.891337194190701
0.05,4.1671818325754206e-08,2.597328533591287e-06,2.00669246307232,0.29684977362181436,5.571203054185482
0.05,4.1671818325754206e-08,2.597328533591287e-06,2.988590441185589,0.15847999393965423,0.7745505819706575
0.05,4.1671818325754206e-08,2.597328533591287e-06,2.988590441185589,0.09242974779811464,0.789199948148096
0.05,4.1671818325754206e-08,2.597328533591287e-06,2.8422153201235067,0.05939992903944216,0.789199948148096
0.05,4.1671818325754206e-08,2.597328533591287e-06,3.418185915690963,0.08573829197930745,0.789199948148096
0.05,4.1671818325754206e-08,2.597328533591287e-06,3.418185915690963,0.08573829197930745,0.789199948148096
0.05,4.1671818325754206e-08,2.597328533591287e-06,3.7514162154594946,0.08573829197930745,1.0547354546711358
0.05,4.1671818325754206e-08,2.597328533591287e-06,2.149603088243724,0.08786593130958828,1.0547354546711358
0.05,4.1671818325754206e-08,2.597328533591287e-06,2.399839282481272,0.08786593130958828,1.0547354546711358
0.05,4.1671818325754206e-08,2.597328533591287e-06,2.399839282481272,0.29862901759498733,0.9175562343591003
0.05,4.1671818325754206e-08,2.597328533591287e-06,3.6751625767917337,0.29862901759498733,0.4812679849873855
0.05,6.783258222808479e-08,2.597328533591287e-06,2.9393913393997178,0.2329048112162264,0.4812679849873855
0.05,7.771387596745865e-08,2.597328533591287e-06,2.9393913393997178,0.2398273467840482,0.4812679849873855
0.05,7.771387596745865e-08,2.597328533591287e-06,2.9393913393997178,0.2398273467840482,0.4812679849873855
0.05,6.670716553432824e-08,2.597328533591287e-06,2.7689752697175445,0.2398273467840482,0.4812679849873855
0.05,6.970204315745828e-08,2.597328533591287e-06,2.887912216996604,0.1988907576283726,0.4812679849873855
0.05,6.970204315745828e-08,2.597328533591287e-06,2.887912216996604,0.1988907576283726,0.4812679849873855
0.05,6.970204315745828e-08,2.597328533591287e-06,2.5028873268834557,0.26729282732428683,1.0808428660351763
0.05,6.970204315745828e-08,7.867718766651823e-07,2.6711709881301866,0.26729282732428683,0.8176272981224328
0.05,6.970204315745828e-08,7.867718766651823e-07,3.3009848279564524,0.26729282732428683,0.8176272981224328
0.05,6.970204315745828e-08,2.1267607734284437e-06,2.0576720726962865,0.26729282732428683,0.8176272981224328
0.05,6.970204315745828e-08,2.1267607734284437e-06,3.6133906361940342,0.26729282732428683,0.8176272981224328
0.05,6.970204315745828e-08,2.1267607734284437e-06,3.1610440260832546,0.26729282732428683,0.8176272981224328
0.05,6.970204315745828e-08,2.1267607734284437e-06,2.5335164925095786,0.11913466870267793,1.3450107922197987
0.05,6.970204315745828e-08,2.1267607734284437e-06,2.5335164925095786,0.11913466870267793,1.3450107922197987
0.05,6.970204315745828e-08,2.1267607734284437e-06,2.5335164925095786,0.11913466870267793,1.3450107922197987
0.05,6.970204315745828e-08,2.1267607734284437e-06,2.5335164925095786,0.09284773912869132,1.3450107922197987
0.05,4.491598186909935e-08,2.1267607734284437e-06,2.5335164925095786,0.4171850667473282,1.3450107922197987
0.05,5.9639560077767e-08,2.1267607734284437e-06,2.5335164925095786,0.4171850667473282,1.4895584426942043
0.05,5.9639560077767e-08,1.4102789958777874e-06,2.5335164925095786,0.14472958788207715,1.4895584426942043
0.05,5.9639560077767e-08,1.49360626651935e-06,2.5335164925095786,0.14472958788207715,1.841591354724001
0.05,5.283491779222094e-08,1.49360626651935e-06,2.5335164925095786,0.26026157599033256,1.841591354724001
0.05,5.283491779222094e-08,1.49360626651935e-06,2.5335164925095786,0.26026157599033256,1.841591354724001
0.05,6.161614238853947e-08,1.49360626651935e-06,2.5335164925095786,0.2727082178053011,1.841591354724001
0.05,6.194522267256947e-08,1.49360626651935e-06,2.5335164925095786,0.24566464070085892,1.841591354724001
0.05,9.121318366838576e-08,1.49360626651935e-06,2.5335164925095786,0.24566464070085892,1.841591354724001
0.05,5.701667285313186e-08,1.49360626651935e-06,2.5335164925095786,0.24566464070085892,1.841591354724001
0.05,5.701667285313186e-08,1.49360626651935e-06,2.9159436264925227,0.24566464070085892,1.841591354724001
0.05,5.701667285313186e-08,1.49360626651935e-06,2.9159436264925227,0.24566464070085892,1.841591354724001
0.05,6.004936015323303e-08,1.49360626651935e-06,2.6751668651563456,0.24566464070085892,1.841591354724001
0.05,6.004936015323303e-08,1.49360626651935e-06,2.6751668651563456,0.24566464070085892,3.549809082451405
0.05,6.004936015323303e-08,1.49360626651935e-06,2.6751668651563456,0.24566464070085892,3.549809082451405
0.05,6.004936015323303e-08,8.722882419326886e-07,2.6751668651563456,0.11476764624367541,3.549809082451405
0.05,6.004936015323303e-08,1.2630097759377985e-07,2.6751668651563456,0.2763174135803497,1.5801618128449215
0.05,6.004936015323303e-08,2.630823099036666e-06,1.8861664073222202,0.2763174135803497,2.623053699529418
0.05,6.004936015323303e-08,2.630823099036666e-06,1.8861664073222202,0.1780413769758198,2.623053699529418
0.05,6.004936015323303e-08,1.315562404490131e-06,1.8861664073222202,0.1780413769758198,2.623053699529418
0.05,6.004936015323303e-08,1.315562404490131e-06,1.8861664073222202,0.1780413769758198,2.623053699529418
0.05,6.004936015323303e-08,1.315562404490131e-06,1.7838362036849036,0.1780413769758198,2.623053699529418
0.05,7.253375842502438e-08,1.315562404490131e-06,1.7838362036849036,0.1780413769758198,2.623053699529418
0.05,7.253375842502438e-08,1.352413800866642e-06,1.7838362036849036,0.1780413769758198,1.2765888650081898
0.05,7.253375842502438e-08,9.250978789684279e-07,1.7838362036849036,0.1780413769758198,1.2519482592367233
0.05,7.253375842502438e-08,9.250978789684279e-07,2.822565549404233,0.16772305721294958,1.2519482592367233
0.05,7.253375842502438e-08,3.0236046954105458e-06,1.3915500801431626,0.1405055446982976,1.4658108794571503
0.05,7.253375842502438e-08,3.0236046954105458e-06,1.3915500801431626,0.1405055446982976,8.358623822461485
0.05,5.257059703174578e-08,3.0236046954105458e-06,1.3915500801431626,0.1405055446982976,1.0480239072862623
0.05,5.257059703174578e-08,3.0236046954105458e-06,1.3915500801431626,0.1405055446982976,1.0480239072862623
0.05,5.303842517761029e-08,6.581095335467812e-07,1.3915500801431626,0.3642271023444056,0.9821437750225268
0.05,5.303842517761029e-08,6.581095335467812e-07,1.3915500801431626,0.3642271023444056,9.121963724973725
0.05,5.303842517761029e-08,6.581095335467812e-07,1.3915500801431626,0.3642271023444056,9.121963724973725
0.05,5.213153768983865e-08,1.6248906248806927e-06,1.2486846260843245,0.3642271023444056,9.121963724973725
0.05,5.213153768983865e-08,1.6248906248806927e-06,1.2486846260843245,0.3642271023444056,9.121963724973725
0.05,8.282635554753632e-08,5.460017498600539e-08,1.2486846260843245,0.3642271023444056,9.121963724973725
0.05,8.282635554753632e-08,5.460017498600539e-08,1.2880742761922153,0.3642271023444056,9.121963724973725
0.05,8.282635554753632e-08,5.460017498600539e-08,1.2880742761922153,0.3642271023444056,7.387402553579436
0.05,4.731579898299974e-08,1.321375730674969e-07,1.2880742761922153,0.3505962662261136,7.387402553579436
0.05,4.731579898299974e-08,1.321375730674969e-07,1.304520086247417,0.3505962662261136,7.387402553579436
0.05,4.731579898299974e-08,1.0767800586561192e-05,2.4585743131403963,0.3505962662261136,1.9283372901782017
0.05,4.731579898299974e-08,1.0767800586561192e-05,2.4585743131403963,0.3505962662261136,1.9283372901782017
0.05,5.519101193007131e-08,1.0767800586561192e-05,2.4585743131403963,0.3505962662261136,1.9283372901782017
0.05,5.565196766079045e-08,1.2959676081578833e-06,1.8042276097681649,0.23377956152599205,0.22808962219155676
0.05,5.565196766079045e-08,4.695661844633994e-06,1.8042276097681649,0.23377956152599205,0.17977758070804323
0.05,8.513823465467194e-08,1.2234904214493947e-06,1.8042276097681649,0.23377956152599205,0.1369868467082303
0.05,8.513823465467194e-08,1.2234904214493947e-06,2.1186707827016864,0.3210689958365099,0.6744602265968542
0.05,8.513823465467194e-08,1.5417051335227333e-06,2.1186707827016864,0.3210689958365099,0.6744602265968542
0.05,8.513823465467194e-08,1.5417051335227333e-06,2.1186707827016864,0.3210689958365099,0.6744602265968542
0.05,8.513823465467194e-08,8.60869060833319e-07,2.4900121430698916,0.3210689958365099,1.777643659700478
0.05,5.35110416019693e-08,8.60869060833319e-07,2.4900121430698916,0.1375116453549475,1.777643659700478
0.05,5.35110416019693e-08,7.98898722167921e-06,2.0840951609865863,0.1375116453549475,1.777643659700478
0.05,5.35110416019693e-08,2.0471841239225487e-06,2.0840951609865863,0.32913192040002737,1.9370176241289483
0.05,5.35110416019693e-08,2.0471841239225487e-06,2.0840951609865863,0.32913192040002737,1.9370176241289483
0.05,5.35110416019693e-08,2.0471841239225487e-06,2.0840951609865863,0.32913192040002737,1.9370176241289483
0.05,4.041948235253692e-08,2.0471841239225487e-06,2.4782716128527476,0.3488057028609448,7.347785451925412
0.05,4.041948235253692e-08,8.353699593064727e-07,2.6428389809067516,0.3488057028609448,6.14874675392017
0.05,3.6897648166940206e-08,1.1369992066285996e-06,1.4135747131334924,0.3488057028609448,6.14874675392017
0.05,8.973942628187571e-08,1.1369992066285996e-06,1.4135747131334924,0.3065656130446255,6.14874675392017
0.05,8.973942628187571e-08,1.1369992066285996e-06,2.5870466769916582,0.3065656130446255,6.14874675392017
0.05,8.973942628187571e-08,1.1369992066285996e-06,1.544926080818868,0.3065656130446255,6.14874675392017
0.05,8.973942628187571e-08,1.1369992066285996e-06,1.544926080818868,0.3065656130446255,6.14874675392017
0.05,8.973942628187571e-08,9.373696513114833e-07,1.16225313208222,0.3065656130446255,6.14874675392017
0.05,8.973942628187571e-08,2.2801289278655635e-07,1.238725609566659,0.3065656130446255,6.14874675392017
0.05,8.973942628187571e-08,2.2801289278655635e-07,0.8476728686600966,0.3065656130446255,8.156585055862726
0.05,8.973942628187571e-08,2.2801289278655635e-07,0.8476728686600966,0.24501878950207262,8.242619893284768
0.05,8.621726519261153e-08,8.933491605068264e-08,0.8476728686600966,0.24501878950207262,3.2207532759328865
0.05,9.474947452062544e-08,8.933491605068264e-08,0.8476728686600966,0.5889594282129357,9.331081046685597
0.05,9.474947452062544e-08,1.7811318382460458e-07,0.8476728686600966,0.37060164110401883,9.331081046685597
0.05,9.474947452062544e-08,1.7811318382460458e-07,1.5711507266134392,0.37060164110401883,8.78439976078097
0.05,9.474947452062544e-08,1.4808313762562667e-07,1.5711507266134392,0.37060164110401883,8.78439976078097
0.05,4.850253822415444e-08,1.4808313762562667e-07,1.5711507266134392,0.37060164110401883,8.78439976078097
0.05,4.5869988578829834e-08,2.1076302646147943e-06,1.5711507266134392,0.37060164110401883,9.658319499675855
0.05,5.685042909536517e-08,9.182789573980826e-06,1.5711507266134392,0.41997608692673316,9.658319499675855
0.05,5.685042909536517e-08,5.385572325513494e-07,1.5711507266134392,0.41997608692673316,9.658319499675855
0.05,5.685042909536517e-08,7.713586543773446e-06,1.5711507266134392,0.3750986514432251,9.658319499675855
0.05,3.9268755315936206e-08,7.713586543773446e-06,2.1384927919484955,0.3750986514432251,9.47075416574665
0.05,3.9268755315936206e-08,7.713586543773446e-06,2.1384927919484955,0.3750986514432251,9.47075416574665
0.05,4.041700458673648e-08,1.1101366036702007e-06,2.1384927919484955,0.3750986514432251,9.590028458668169
0.05,4.041700458673648e-08,1.1101366036702007e-06,2.1384927919484955,0.4296579757765653,9.514069321292487
0.05,4.041700458673648e-08,1.1101366036702007e-06,2.1384927919484955,0.4296579757765653,9.753560276137819
0.05,4.041700458673648e-08,1.1101366036702007e-06,2.710637320626574,0.4296579757765653,7.305194021381838
0.05,4.041700458673648e-08,1.1101366036702007e-06,2.710637320626574,0.4296579757765653,7.305194021381838
0.05,4.041700458673648e-08,1.1101366036702007e-06,2.710637320626574,0.4296579757765653,3.6949406072447633
0.05,7.734485755675867e-08,1.1101366036702007e-06,2.4489524574992694,0.35314399792540785,3.6949406072447633
0.05,7.734485755675867e-08,8.674944133704375e-07,2.4489524574992694,0.45209805323771035,3.6949406072447633
0.05,7.734485755675867e-08,8.674944133704375e-07,2.4489524574992694,0.14928003982073346,3.6949406072447633
0.05,5.434413868603386e-08,1.203694072755829e-07,2.4489524574992694,0.14928003982073346,3.6949406072447633
0.05,5.434413868603386e-08,1.1606607148548392e-06,2.4489524574992694,0.14928003982073346,3.6949406072447633
0.05,5.434413868603386e-08,8.690985821831588e-07,2.4489524574992694,0.27174723115698873,3.6949406072447633
0.05,5.434413868603386e-08,3.277516800510621e-06,1.4560263915802774,0.27174723115698873,3.6949406072447633
0.05,6.084907986134795e-08,3.277516800510621e-06,1.1379729821940363,0.35342180372990434,6.967687970737205
0.05,6.084907986134795e-08,3.277516800510621e-06,1.1379729821940363,0.5471384802837477,6.967687970737205
0.05,9.922672757070057e-08,2.9745478210454435e-06,1.1379729821940363,0.5471384802837477,6.967687970737205
0.05,9.922672757070057e-08,2.9745478210454435e-06,1.1379729821940363,0.6394157970893236,6.967687970737205
0.05,7.747899013716091e-08,8.052532768974943e-08,1.1422302744298423,0.6901462007482941,6.967687970737205
0.05,7.747899013716091e-08,8.052532768974943e-08,1.0770133671643372,0.6901462007482941,6.055066667000971
0.05,7.747899013716091e-08,8.052532768974943e-08,1.4804655397620121,0.6848238809829231,6.055066667000971
0.05,7.747899013716091e-08,2.017079794309598e-08,1.4804655397620121,0.6848238809829231,6.055066667000971
0.05,7.747899013716091e-08,2.017079794309598e-08,1.4804655397620121,0.7326561673643455,8.070986135906939
0.05,7.412916474254642e-08,3.758029274224713e-08,1.4804655397620121,0.7102261371213529,7.440738782759765
0.05,7.412916474254642e-08,3.437941955193722e-08,1.4804655397620121,0.7102261371213529,7.440738782759765
0.05,7.412916474254642e-08,3.437941955193722e-08,1.8239563096544464,0.47020289769757834,7.440738782759765
0.05,7.412916474254642e-08,3.437941955193722e-08,2.0719239941113945,0.47020289769757834,7.440738782759765
0.05,7.412916474254642e-08,3.437941955193722e-08,2.0719239941113945,0.47020289769757834,7.440738782759765
0.05,4.958969767621205e-08,1.2344116673806374e-07,2.1939689289338644,0.47020289769757834,7.440738782759765
0.05,4.958969767621205e-08,1.389257426002091e-06,2.1939689289338644,0.47020289769757834,7.440738782759765
0.05,4.958969767621205e-08,3.1201218228720257e-06,1.650281391967567,0.33904877309341225,4.901243553430108
0.05,7.601596255412349e-08,3.1201218228720257e-06,1.094902180986935,0.33904877309341225,4.901243553430108
0.05,5.655396392322513e-08,2.5857945101467523e-06,1.094902180986935,0.33904877309341225,4.901243553430108
0.05,5.655396392322513e-08,2.5857945101467523e-06,1.094902180986935,0.23720483082456228,4.901243553430108
0.05,5.655396392322513e-08,2.5857945101467523e-06,1.4529106492213908,0.02014640387607316,4.901243553430108
0.05,5.655396392322513e-08,1.0033075198787476e-06,1.415945123629654,0.014755123921088045,4.901243553430108
0.05,5.655396392322513e-08,1.0033075198787476e-06,0.9995569431102813,0.06200432709083637,5.85706097877299
0.05,5.655396392322513e-08,1.0033075198787476e-06,0.9995569431102813,0.06200432709083637,5.85706097877299
0.05,5.655396392322513e-08,1.0033075198787476e-06,0.8430095053209219,0.03619049993981786,8.347180248399434
0.05,5.655396392322513e-08,1.0033075198787476e-06,0.916063637965487,0.024177110142960295,8.760457921258789
0.05,5.655396392322513e-08,1.6078332713781995e-06,0.7890565576058612,0.11823982982625574,8.760457921258789
0.05,5.655396392322513e-08,1.6078332713781995e-06,0.8880158524909444,0.2706251944225512,8.760457921258789
0.05,5.655396392322513e-08,1.6078332713781995e-06,1.3825038094669497,0.5470497214877159,9.270504660793248
0.05,5.655396392322513e-08,4.0583356600470966e-07,1.3825038094669497,0.2700472808526441,9.270504660793248
0.05,5.655396392322513e-08,4.0583356600470966e-07,1.3825038094669497,0.6582326355283628,9.270504660793248
0.05,5.9595331425851513e-08,4.0583356600470966e-07,1.3825038094669497,0.4306992978565474,9.270504660793248
0.05,5.9595331425851513e-08,4.0583356600470966e-07,1.3825038094669497,0.5990056617406446,9.270504660793248
0.05,5.9595331425851513e-08,4.0583356600470966e-07,1.3825038094669497,0.5990056617406446,9.270504660793248
0.05,5.9595331425851513e-08,2.7967246256065308e-06,1.3825038094669497,0.5990056617406446,7.912157826399651
0.05,2.9667536475224056e-08,2.7967246256065308e-06,1.3825038094669497,0.5990056617406446,7.912157826399651
0.05,2.9667536475224056e-08,2.616662823988624e-06,1.5239369373400575,0.5990056617406446,9.242569278185734
0.05,5.457910138510559e-08,2.616662823988624e-06,1.5405005962577198,0.5990056617406446,9.242569278185734
0.05,5.5599038661347826e-08,2.616662823988624e-06,1.5405005962577198,0.5497748709509971,9.622859787810894
0.05,5.5599038661347826e-08,2.616662823988624e-06,1.5405005962577198,0.2938518928154086,9.345581038796244
0.05,5.5599038661347826e-08,2.616662823988624e-06,1.5405005962577198,0.2938518928154086,8.185875354814822
0.05,5.6710192478039314e-08,2.616662823988624e-06,0.8756220242777025,0.2938518928154086,9.05014735261912
0.05,5.6710192478039314e-08,2.616662823988624e-06,1.0321052103829296,0.121172455479458,1.6913058595291488
0.05,5.6710192478039314e-08,2.882782027837114e-06,1.0321052103829296,0.121172455479458,1.6913058595291488
0.05,4.6370576094323117e-08,6.472621638458577e-06,1.1218010270072483,0.1803734760179088,1.6913058595291488
0.05,4.855767816035195e-08,6.472621638458577e-06,1.569249440106255,0.1803734760179088,1.6913058595291488
0.05,4.855767816035195e-08,6.472621638458577e-06,1.5020874987061887,0.19257933888085,1.0635461329337206
0.05,4.855767816035195e-08,6.472621638458577e-06,2.116680881551803,0.19871936647481836,1.0635461329337206
0.05,4.855767816035195e-08,1.4362070974976976e-07,2.0150481671508773,0.19871936647481836,1.0635461329337206
0.05,6.516652889310744e-08,1.4362070974976976e-07,2.0150481671508773,0.10342574312306888,1.0635461329337206
0.05,6.516652889310744e-08,1.4362070974976976e-07,2.0150481671508773,0.2524006712673087,1.0635461329337206
0.05,7.535364096750572e-08,1.4362070974976976e-07,2.0150481671508773,0.2524006712673087,1.778883253627617
0.05,6.929443008440748e-08,2.3519100163054655e-07,1.921508171344365,0.2524006712673087,0.3949381242637201
0.05,6.929443008440748e-08,2.3519100163054655e-07,2.466700882879031,0.21533350270648188,0.3949381242637201
0.05,6.929443008440748e-08,2.3519100163054655e-07,2.466700882879031,0.21533350270648188,0.14964038552838224
0.05,6.929443008440748e-08,1.0331160167195267e-06,2.466700882879031,0.21533350270648188,0.14964038552838224
0.05,6.929443008440748e-08,1.0331160167195267e-06,2.466700882879031,0.2135953473854379,0.14964038552838224
0.05,6.929443008440748e-08,1.0331160167195267e-06,2.466700882879031,0.32054117520492154,0.14964038552838224
0.05,6.929443008440748e-08,1.0331160167195267e-06,2.4438141020520945,0.32054117520492154,0.04292939419967854
0.05,3.4548772940979046e-08,1.0331160167195267e-06,2.4438141020520945,0.1272035806615047,0.04292939419967854
0.05,5.5116822475279967e-08,1.0331160167195267e-06,2.956928537098106,0.1272035806615047,0.04292939419967854
0.05,5.5116822475279967e-08,1.0331160167195267e-06,2.7878318287822488,0.10714144881224086,0.04292939419967854
0.05,5.6135699130556934e-08,5.450108878066338e-06,2.840353235441575,0.21357262105975203,0.04470376202220823
0.05,8.846302637233169e-08,5.450108878066338e-06,2.840353235441575,0.21357262105975203,0.04470376202220823
0.05,8.846302637233169e-08,5.450108878066338e-06,2.840353235441575,0.21357262105975203,0.04470376202220823
0.05,8.846302637233169e-08,6.1849514747308116e-06,1.9530341491635583,0.21357262105975203,0.3334987853080288
0.05,7.497445063608701e-08,6.1849514747308116e-06,2.1589375547089134,0.21357262105975203,6.0738962365638285
0.05,4.687724377523014e-08,1.1227074466003454e-06,2.1589375547089134,0.5345395230774994,6.0738962365638285
0.05,4.687724377523014e-08,3.935915917276189e-06,2.1589375547089134,0.5345395230774994,6.0738962365638285
0.05,5.959891940628404e-08,9.84276433672425e-07,2.1149932508243134,0.5345395230774994,6.957745715772202
0.05,5.959891940628404e-08,9.84276433672425e-07,1.5159497957405144,0.5345395230774994,6.957745715772202
0.05,5.959891940628404e-08,9.84276433672425e-07,1.099667144590334,0.7297504237088774,6.957745715772202
0.05,5.959891940628404e-08,1.0342747435340686e-06,1.099667144590334,0.7297504237088774,6.957745715772202
0.05,5.928754114748168e-08,1.0342747435340686e-06,1.099667144590334,0.7297504237088774,9.62626064279376
0.05,5.928754114748168e-08,1.0342747435340686e-06,1.099667144590334,0.5533058348096185,9.62626064279376
0.05,5.928754114748168e-08,1.0342747435340686e-06,1.099667144590334,0.7518157522308441,9.650005033634676
0.05,5.928754114748168e-08,1.0342747435340686e-06,1.099667144590334,0.7578035500334032,9.902112888554866
0.05,5.928754114748168e-08,1.0342747435340686e-06,0.9398299149493049,0.7811600209508289,9.902112888554866
0.05,5.928754114748168e-08,1.0342747435340686e-06,0.9398299149493049,0.7811600209508289,9.021340563348614
0.05,5.928754114748168e-08,1.0342747435340686e-06,0.9398299149493049,0.7476971097936167,9.021340563348614
0.05,5.928754114748168e-08,1.0342747435340686e-06,1.108583693812712,0.7344394623019698,9.621165580392393
0.05,6.812069135088531e-08,1.0342747435340686e-06,1.108583693812712,0.6841161101490397,9.128349807454724
0.05,6.812069135088531e-08,1.0342747435340686e-06,1.2495971369151984,0.6841161101490397,9.128349807454724
0.05,6.812069135088531e-08,1.0342747435340686e-06,1.2495971369151984,0.6841161101490397,8.677692695706426
0.05,6.812069135088531e-08,1.0342747435340686e-06,1.2495971369151984,0.5798039504047107,8.677692695706426
0.05,6.812069135088531e-08,1.2173646129020303e-06,1.2495971369151984,0.44481978655518356,8.677692695706426
0.05,6.348088766031209e-08,1.1780079062686694e-06,1.217577161738358,0.4499273706536092,9.28237034506613
0.05,6.348088766031209e-08,1.1780079062686694e-06,1.217577161738358,0.15087076502116456,3.0935975442800934
0.05,6.348088766031209e-08,3.1049960951741185e-06,1.3056978983711094,0.12608999270821492,1.9733395617181064
0.05,6.348088766031209e-08,4.47871432066838e-06,1.3056978983711094,0.12608999270821492,1.9733395617181064
0.05,6.348088766031209e-08,4.47871432066838e-06,1.3056978983711094,0.12608999270821492,1.9733395617181064
0.05,6.348088766031209e-08,4.47871432066838e-06,1.6971503882766892,0.19783209442436306,1.5185131409361674
0.05,6.348088766031209e-08,4.47871432066838e-06,1.6971503882766892,0.4010910625518092,5.303298282299745
0.05,6.348088766031209e-08,3.03880455992855e-07,1.6971503882766892,0.4010910625518092,5.303298282299745
0.05,6.348088766031209e-08,2.1610417748052724e-06,1.3790380113801348,0.4010910625518092,5.303298282299745
0.05,6.348088766031209e-08,2.1010779714691977e-06,1.3790380113801348,0.4010910625518092,5.303298282299745
0.05,6.348088766031209e-08,3.527475952019949e-06,1.3790380113801348,0.17399610927843237,5.303298282299745
0.05,6.795997314197112e-08,3.527475952019949e-06,1.3790380113801348,0.17399610927843237,9.371148207451883
0.05,6.795997314197112e-08,3.527475952019949e-06,3.241754789237989,0.17399610927843237,1.4140806752352368
0.05,6.795997314197112e-08,1.602897733706415e-07,2.0391078813554198,0.17399610927843237,2.002274363134231
0.05,6.795997314197112e-08,1.602897733706415e-07,1.324175774549391,0.17399610927843237,2.002274363134231
0.05,6.795997314197112e-08,1.602897733706415e-07,2.42619764281162,0.3370452937981,2.1499520881866756
0.05,5.367436404549466e-08,1.602897733706415e-07,2.42619764281162,0.2728947493881436,3.672869630455166
0.05,5.367436404549466e-08,1.602897733706415e-07,2.3806609717986533,0.46711898487075554,5.250170203585536
0.05,5.367436404549466e-08,1.602897733706415e-07,2.1584964593707596,0.46711898487075554,7.084363838089978
0.05,5.367436404549466e-08,2.7199054564869875e-06,2.0222631219964797,0.46711898487075554,7.084363838089978
0.05,5.367436404549466e-08,2.7199054564869875e-06,2.0222631219964797,0.6428864997292406,7.363385182652898
0.05,7.07435267004568e-08,3.2727947453088474e-06,2.0222631219964797,0.6428864997292406,7.363385182652898
0.05,5.3400187069316126e-08,3.2727947453088474e-06,2.0222631219964797,0.6428864997292406,7.013823745425732
0.05,4.71858752224716e-08,3.0876016522288934e-07,2.0222631219964797,0.5800075394053246,7.013823745425732
0.05,4.71858752224716e-08,3.0876016522288934e-07,2.0222631219964797,0.5800075394053246,7.013823745425732
0.05,4.71858752224716e-08,3.0876016522288934e-07,2.0222631219964797,0.5800075394053246,7.013823745425732
0.05,4.71858752224716e-08,3.0876016522288934e-07,1.9101570782374608,0.5800075394053246,7.013823745425732
0.05,6.578335651759922e-08,3.0876016522288934e-07,1.8656950349252797,0.3284488352647482,7.013823745425732
0.05,6.578335651759922e-08,3.0876016522288934e-07,1.8656950349252797,0.3284488352647482,7.013823745425732
0.05,6.578335651759922e-08,3.0876016522288934e-07,1.6214863470261052,0.27711920918653776,7.013823745425732
0.05,6.578335651759922e-08,3.0876016522288934e-07,1.6214863470261052,0.27711920918653776,7.013823745425732
0.05,6.342514290274784e-08,3.326253229650815e-06,1.9361332907132491,0.27711920918653776,7.013823745425732
0.05,6.342514290274784e-08,1.4870610978347883e-07,1.9361332907132491,0.27711920918653776,7.013823745425732
0.05,6.40337918871288e-08,1.3720621476565003e-06,1.5083201079319744,0.27711920918653776,6.8142022323731135
0.05,6.40337918871288e-08,1.3720621476565003e-06,0.8270545616244009,0.27711920918653776,6.8142022323731135
0.05,6.40337918871288e-08,4.6278847512869524e-08,0.8270545616244009,0.27711920918653776,6.8142022323731135
0.05,6.40337918871288e-08,4.6278847512869524e-08,0.8270545616244009,0.27711920918653776,6.8142022323731135
0.05,6.40337918871288e-08,4.6278847512869524e-08,0.8210782528870302,0.27711920918653776,8.70568014014746
0.05,6.40337918871288e-08,4.6278847512869524e-08,0.8210782528870302,0.41377116512515727,8.70568014014746
0.05,6.40337918871288e-08,1.2497230983788472e-07,0.8210782528870302,0.3313468968763115,8.70568014014746
0.05,6.40337918871288e-08,2.2452695985445773e-06,0.8210782528870302,0.6659827292999745,8.70568014014746
0.05,6.40337918871288e-08,7.939596336288455e-07,0.8210782528870302,0.6659827292999745,8.70568014014746
0.05,7.463156268847094e-08,5.460931687876138e-07,1.3258069775258234,0.6659827292999745,8.70568014014746
0.05,7.463156268847094e-08,5.460931687876138e-07,1.3258069775258234,0.6659827292999745,8.70568014014746
0.05,7.463156268847094e-08,3.819268139778035e-07,1.3258069775258234,0.6659827292999745,9.217817310949881
0.05,4.165614835351895e-08,3.819268139778035e-07,1.3258069775258234,0.6320425041431814,9.217817310949881
0.05,4.786727629325051e-08,7.167015680472336e-07,1.3258069775258234,0.6320425041431814,8.692014663385784
0.05,4.786727629325051e-08,7.167015680472336e-07,1.3258069775258234,0.6320425041431814,8.692014663385784
0.05,4.786727629325051e-08,7.167015680472336e-07,1.3258069775258234,0.6320425041431814,8.692014663385784
0.05,4.8797095133178584e-08,7.167015680472336e-07,1.3258069775258234,0.6360742142084939,8.692014663385784
0.05,4.8797095133178584e-08,7.167015680472336e-07,1.3258069775258234,0.6360742142084939,8.16161339028455
0.05,4.8797095133178584e-08,7.167015680472336e-07,1.3258069775258234,0.6360742142084939,8.16161339028455
0.05,7.426465231644183e-08,7.167015680472336e-07,1.3258069775258234,0.6360742142084939,8.16161339028455
0.05,7.426465231644183e-08,7.167015680472336e-07,1.3258069775258234,0.6360742142084939,8.16161339028455
0.05,7.426465231644183e-08,7.167015680472336e-07,1.3258069775258234,0.5063229273601095,7.49891094694121
0.05,5.805797978751089e-08,7.167015680472336e-07,1.3258069775258234,0.5063229273601095,7.49891094694121
0.05,8.15919265336352e-08,7.167015680472336e-07,1.3258069775258234,0.5901054051999499,7.49891094694121
0.05,8.365937355109653e-08,2.169523063607828e-06,1.3258069775258234,0.5901054051999499,7.49891094694121
0.05,8.365937355109653e-08,2.169523063607828e-06,1.365602150071528,0.5901054051999499,7.49891094694121
0.05,7.470269671984899e-08,2.169523063607828e-06,1.365602150071528,0.2706179006171296,7.49891094694121
0.05,7.470269671984899e-08,2.169523063607828e-06,1.924304064742027,0.40999358756807375,8.390967207255226
0.05,7.470269671984899e-08,1.5229367904238774e-06,1.7301719053301343,0.40999358756807375,8.390967207255226
0.05,7.470269671984899e-08,1.5229367904238774e-06,1.7368377355263929,0.40999358756807375,8.390967207255226
0.05,7.470269671984899e-08,1.5229367904238774e-06,1.7368377355263929,0.24797689394556052,8.732576458064951
0.05,5.250761776019148e-08,1.5229367904238774e-06,1.7368377355263929,0.12877462101587347,8.732576458064951
0.05,5.250761776019148e-08,1.5229367904238774e-06,2.4297401160680856,0.1414963133505484,0.46887003179472037
0.05,5.250761776019148e-08,1.5229367904238774e-06,2.4297401160680856,0.1414963133505484,0.46887003179472037
0.05,4.597037188603948e-08,1.5229367904238774e-06,2.4297401160680856,0.1414963133505484,0.46887003179472037
0.05,6.163234056499838e-08,1.5229367904238774e-06,2.4297401160680856,0.3073487686487316,0.46887003179472037
0.05,6.163234056499838e-08,2.626926647619503e-06,2.568115857926077,0.3073487686487316,0.46887003179472037
0.05,6.163234056499838e-08,2.626926647619503e-06,2.568115857926077,0.3073487686487316,1.286080882672186
0.05,6.163234056499838e-08,2.626926647619503e-06,3.303816768253744,0.1592277760683996,1.286080882672186
0.05,7.339791292439063e-08,2.626926647619503e-06,2.3004375796717063,0.1592277760683996,2.329199866369175
0.05,7.339791292439063e-08,2.626926647619503e-06,2.3004375796717063,0.389237904424528,2.329199866369175
0.05,4.19431895280441e-08,2.626926647619503e-06,0.7294918424300821,0.46667412013921034,6.849578772093458
0.05,4.19431895280441e-08,1.4861863795062683e-06,0.7294918424300821,0.24132238707202353,6.849578772093458
0.05,4.19431895280441e-08,1.4861863795062683e-06,0.7294918424300821,0.1704680039277772,6.849578772093458
0.05,4.19431895280441e-08,1.4861863795062683e-06,1.7592468280952436,0.1704680039277772,1.191904762616553
0.05,9.43903284809031e-08,1.4861863795062683e-06,1.7592468280952436,0.1704680039277772,8.149428886886326
0.05,9.43903284809031e-08,2.545979967540115e-06,1.7592468280952436,0.1704680039277772,0.4015965984487815
0.05,9.43903284809031e-08,5.350966839663688e-06,1.1528222200581564,0.1704680039277772,2.571904611160474
0.05,4.3811023834563754e-08,5.350966839663688e-06,1.1528222200581564,0.14589307934105938,2.944316470779097
0.05,4.3811023834563754e-08,3.631879461011288e-06,1.1528222200581564,0.14589307934105938,7.788676483187642
0.05,7.979142517955895e-08,3.631879461011288e-06,1.1528222200581564,0.14589307934105938,7.788676483187642
0.05,7.979142517955895e-08,3.631879461011288e-06,1.161545334282363,0.3834550054804636,7.788676483187642
0.05,7.979142517955895e-08,2.1284870658377058e-07,1.0994881699555807,0.3834550054804636,7.788676483187642
0.05,7.979142517955895e-08,2.1284870658377058e-07,1.0994881699555807,0.3834550054804636,7.788676483187642
0.05,7.979142517955895e-08,8.970625927384017e-07,1.0994881699555807,0.461355001715668,7.788676483187642
0.05,7.235358477221807e-08,8.970625927384017e-07,1.2874020773862296,0.32539702763512307,7.788676483187642
0.05,7.235358477221807e-08,9.424072056679634e-07,1.342362852726955,0.32539702763512307,9.819709695054328
0.05,7.235358477221807e-08,9.424072056679634e-07,0.6628228247319128,0.5230528425756898,9.819709695054328
0.05,7.235358477221807e-08,9.424072056679634e-07,0.6628228247319128,0.5230528425756898,9.819709695054328
0.05,7.235358477221807e-08,9.424072056679634e-07,0.6628228247319128,0.5230528425756898,9.737607234614158
0.05,7.235358477221807e-08,4.0630729976136476e-07,0.6628228247319128,0.5230528425756898,9.737607234614158
0.05,7.235358477221807e-08,4.0630729976136476e-07,1.685421056229571,0.5230528425756898,9.737607234614158
0.05,6.870710806024858e-08,4.0630729976136476e-07,0.8278402047969403,0.4643819470631679,9.737607234614158
0.05,8.578838421662153e-08,4.0630729976136476e-07,0.7533102567874186,0.4643819470631679,9.688938585787461
0.05,8.578838421662153e-08,8.68635904018792e-08,1.253457257084258,0.4913403003832821,9.688938585787461
0.05,8.578838421662153e-08,8.68635904018792e-08,1.0770976555306326,0.4913403003832821,8.82680085817091
0.05,6.386892927857141e-08,3.511140098699661e-06,1.031371240172159,0.4913403003832821,8.82680085817091
0.05,6.386892927857141e-08,3.511140098699661e-06,1.9886730719123047,0.14618649989315183,3.3181698278795424
0.05,6.386892927857141e-08,3.511140098699661e-06,1.1516780255454149,0.14618649989315183,3.3181698278795424
0.05,5.8432393628552716e-08,3.511140098699661e-06,1.1516780255454149,0.09685996814771138,3.3181698278795424
0.05,5.8432393628552716e-08,3.511140098699661e-06,1.1516780255454149,0.08370701266227981,3.3181698278795424
0.05,6.835498358867338e-08,3.511140098699661e-06,1.4046835661805013,0.08370701266227981,3.3181698278795424
0.05,6.835498358867338e-08,3.821297413515668e-06,1.1718043650802044,0.40039062731551156,3.3181698278795424
0.05,6.835498358867338e-08,3.821297413515668e-06,1.1718043650802044,0.07761125692943119,3.3181698278795424
0.05,6.522220758924594e-08,3.821297413515668e-06,1.281516769537561,0.16179558304853509,3.3181698278795424
0.05,6.522220758924594e-08,3.821297413515668e-06,1.281516769537561,0.2441650110423498,7.304652409404538
0.05,6.522220758924594e-08,3.821297413515668e-06,0.6636710265096535,0.2441650110423498,7.304652409404538
0.05,6.522220758924594e-08,3.821297413515668e-06,0.8686101725476886,0.2441650110423498,7.304652409404538
0.05,6.522220758924594e-08,3.821297413515668e-06,0.6904947993520378,0.2441650110423498,7.658704868654347
0.05,6.522220758924594e-08,3.821297413515668e-06,0.6888077194430382,0.19036898618584272,7.658704868654347
0.05,6.522220758924594e-08,3.821297413515668e-06,0.6888077194430382,0.19036898618584272,7.658704868654347
0.05,5.727017037816349e-08,3.821297413515668e-06,0.6888077194430382,0.19036898618584272,7.658704868654347
0.05,5.727017037816349e-08,3.821297413515668e-06,0.6888077194430382,0.19036898618584272,7.3618305679630955
0.05,5.727017037816349e-08,3.821297413515668e-06,0.6888077194430382,0.19036898618584272,7.3618305679630955
0.05,5.727017037816349e-08,8.687115575651201e-07,0.6888077194430382,0.39111146531340857,7.3618305679630955
0.05,5.727017037816349e-08,8.687115575651201e-07,0.8461009237461486,0.39111146531340857,7.3618305679630955
0.05,7.024926987674885e-08,8.687115575651201e-07,3.231869024275895,0.2446928605103749,4.914524330371199
0.05,3.838801351075672e-08,8.687115575651201e-07,2.8485517046059057,0.2446928605103749,0.7490091687032538
0.05,3.838801351075672e-08,8.687115575651201e-07,2.8485517046059057,0.2446928605103749,0.7490091687032538
0.05,6.891377460141837e-08,9.166990369638456e-06,2.8485517046059057,0.2446928605103749,0.7490091687032538
0.05,6.891377460141837e-08,1.3947258931044734e-06,2.020571078179741,0.2446928605103749,0.7490091687032538
0.05,6.891377460141837e-08,1.3947258931044734e-06,2.020571078179741,0.2446928605103749,1.0119502890829544
0.05,6.891377460141837e-08,1.3947258931044734e-06,2.020571078179741,0.2446928605103749,1.1963409482085365
0.05,6.891377460141837e-08,1.3947258931044734e-06,1.3853828377091857,0.2629391647820099,2.158462428514236
0.05,6.891377460141837e-08,1.3947258931044734e-06,1.3853828377091857,0.12013381845078035,2.408989158200182
0.05,6.891377460141837e-08,1.3947258931044734e-06,1.3853828377091857,0.12013381845078035,0.18522788830814776
0.05,6.891377460141837e-08,1.3947258931044734e-06,2.4026637163526603,0.15400173712805343,0.2535555089195935
0.05,6.891377460141837e-08,1.0257369294100764e-06,2.4026637163526603,0.15400173712805343,0.2535555089195935
0.05,6.891377460141837e-08,7.280895996303377e-06,2.4026637163526603,0.15400173712805343,0.048717938810687415
0.05,6.891377460141837e-08,7.280895996303377e-06,2.4026637163526603,0.15400173712805343,1.924490470722537
0.05,6.891377460141837e-08,7.280895996303377e-06,1.915594898642822,0.13860334552194564,1.2332951390445726
0.05,7.820748711327328e-08,7.280895996303377e-06,1.915594898642822,0.13860334552194564,1.2332951390445726
0.05,7.820748711327328e-08,7.320180416650095e-07,3.0006675146652633,0.25535730175215876,1.2332951390445726
0.05,7.820748711327328e-08,7.320180416650095e-07,3.0006675146652633,0.15244439231360846,2.022047869693923
0.05,7.820748711327328e-08,7.320180416650095e-07,1.2717061164012762,0.15244439231360846,0.7059629970680942
0.05,7.820748711327328e-08,2.7885198285596016e-06,1.2964655933414821,0.20386205227605944,0.7059629970680942
0.05,7.820748711327328e-08,2.7885198285596016e-06,1.7301021082758796,0.20386205227605944,0.7059629970680942
0.05,6.264056531403685e-08,2.7885198285596016e-06,1.7301021082758796,0.0718350922130934,0.7059629970680942
0.05,6.264056531403685e-08,2.7885198285596016e-06,1.7301021082758796,0.06872807816716912,0.7829890827955499
0.05,6.264056531403685e-08,7.396766810195928e-07,2.0746245811632296,0.20422824571423093,5.116115666648956
0.05,6.264056531403685e-08,7.396766810195928e-07,1.7904907899026576,0.29911935630659264,5.116115666648956
0.05,6.264056531403685e-08,7.396766810195928e-07,1.5445721783361022,0.29911935630659264,5.116115666648956
0.05,6.264056531403685e-08,7.396766810195928e-07,2.426421203520099,0.29911935630659264,0.8888442499652096
0.05,6.264056531403685e-08,7.396766810195928e-07,2.426421203520099,0.29911935630659264,0.6453315895862082
0.05,7.699659805614002e-08,7.396766810195928e-07,2.426421203520099,0.29911935630659264,0.6453315895862082
0.05,6.964212693801505e-08,7.396766810195928e-07,2.426421203520099,0.29911935630659264,0.6453315895862082
0.05,6.964212693801505e-08,7.396766810195928e-07,2.426421203520099,0.31667337861661304,2.6112297536171973
0.05,4.491708728068302e-08,1.4667764826468663e-06,2.426421203520099,0.20810840295213887,2.6112297536171973
0.05,4.491708728068302e-08,2.244750761561835e-06,2.426421203520099,0.27761023530468465,2.6112297536171973
0.05,4.491708728068302e-08,2.244750761561835e-06,2.426421203520099,0.27761023530468465,2.80134154070487
0.05,4.491708728068302e-08,2.244750761561835e-06,2.426421203520099,0.27761023530468465,2.80134154070487
0.05,4.491708728068302e-08,3.287587793990479e-06,2.426421203520099,0.20038828828961866,2.80134154070487
0.05,4.192304260195482e-08,3.287587793990479e-06,2.426421203520099,0.22733782748860834,2.80134154070487
0.05,6.495792390865931e-08,4.2467630047738776e-07,2.426421203520099,0.15865844694745204,0.8128325540376101
0.05,6.495792390865931e-08,2.437368352833884e-07,2.426421203520099,0.21448411193015882,0.8128325540376101
0.05,6.495792390865931e-08,1.6304959729917502e-07,2.426421203520099,0.4191251216615475,3.5323846490954223
0.05,6.495792390865931e-08,1.6304959729917502e-07,2.426421203520099,0.2974688181899889,3.5323846490954223
0.05,6.495792390865931e-08,1.2224692589820227e-06,2.426421203520099,0.2974688181899889,3.5323846490954223
0.05,6.495792390865931e-08,1.2224692589820227e-06,2.426421203520099,0.2974688181899889,4.195205720308237
0.05,6.495792390865931e-08,1.2224692589820227e-06,2.472699370672509,0.2974688181899889,4.195205720308237
0.05,6.495792390865931e-08,1.1907250724325712e-06,2.869801304019755,0.2974688181899889,4.195205720308237
0.05,5.063693312363777e-08,1.1907250724325712e-06,2.869801304019755,0.2974688181899889,2.415595405424816
0.05,5.063693312363777e-08,1.1907250724325712e-06,2.869801304019755,0.2974688181899889,2.415595405424816
0.05,5.063693312363777e-08,1.1907250724325712e-06,2.869801304019755,0.33078600250873225,2.415595405424816
0.05,5.063693312363777e-08,1.1907250724325712e-06,2.869801304019755,0.2246932321204479,2.415595405424816
0.05,5.063693312363777e-08,1.1907250724325712e-06,2.3038474716251405,0.2246932321204479,1.2114551569735492
0.05,5.063693312363777e-08,2.195347091148985e-06,2.3038474716251405,0.20025133134509415,1.2114551569735492
0.05,5.063693312363777e-08,5.1622837586980105e-06,1.6266208232329493,0.20025133134509415,1.2114551569735492
0.05,5.063693312363777e-08,5.1622837586980105e-06,2.664468556774553,0.20025133134509415,1.2114551569735492
0.05,5.063693312363777e-08,2.196321690522563e-06,2.478429786233122,0.20025133134509415,1.2114551569735492
0.05,5.063693312363777e-08,7.044007949753852e-07,2.478429786233122,0.20025133134509415,1.2114551569735492
0.05,8.201938830271198e-08,1.7649319249164829e-06,2.478429786233122,0.20025133134509415,1.2114551569735492
0.05,8.201938830271198e-08,1.7649319249164829e-06,3.313466663460514,0.20025133134509415,1.2114551569735492
0.05,8.201938830271198e-08,1.7649319249164829e-06,3.313466663460514,0.20025133134509415,1.2114551569735492
0.05,6.527545876776893e-08,1.366451093149657e-06,3.313466663460514,0.20025133134509415,1.2114551569735492
0.05,6.527545876776893e-08,1.366451093149657e-06,3.313466663460514,0.20025133134509415,1.2114551569735492
0.05,5.483497253231407e-08,1.366451093149657e-06,3.0273978455006993,0.20025133134509415,1.6221334495329118
0.05,5.483497253231407e-08,1.366451093149657e-06,3.0273978455006993,0.20025133134509415,1.6221334495329118
0.05,5.483497253231407e-08,1.366451093149657e-06,3.0273978455006993,0.20025133134509415,1.6221334495329118
0.05,5.483497253231407e-08,1.366451093149657e-06,2.434251804521713,0.20025133134509415,1.6221334495329118
0.05,5.483497253231407e-08,1.366451093149657e-06,2.434251804521713,0.1485108128353166,3.4038436152852336
0.05,5.483497253231407e-08,1.366451093149657e-06,2.434251804521713,0.18174534717145463,3.12180436586234
0.05,8.00754930468194e-08,1.366451093149657e-06,2.434251804521713,0.1309708127117106,3.12180436586234
0.05,8.00754930468194e-08,1.1591901886953637e-06,1.3706156674751788,0.1309708127117106,3.12180436586234
0.05,8.00754930468194e-08,2.440064088412417e-06,1.3706156674751788,0.45003049809413337,3.12180436586234
0.05,8.00754930468194e-08,2.440064088412417e-06,1.3706156674751788,0.21351772793737894,3.12180436586234
0.05,8.00754930468194e-08,2.440064088412417e-06,1.3706156674751788,0.21351772793737894,3.12180436586234
0.05,8.00754930468194e-08,2.440064088412417e-06,1.3706156674751788,0.21351772793737894,3.12180436586234
0.05,7.254953575169861e-08,1.0279709965090915e-06,3.086631569170529,0.21351772793737894,3.12180436586234
0.05,5.257394268951279e-08,1.0279709965090915e-06,2.867901792703095,0.21351772793737894,3.12180436586234
0.05,5.257394268951279e-08,1.346481798837729e-06,2.99528888750278,0.21351772793737894,3.12180436586234
0.05,5.257394268951279e-08,1.346481798837729e-06,2.99528888750278,0.4599485145899232,3.12180436586234
0.05,8.83139021839931e-08,1.346481798837729e-06,1.7059622525601492,0.4599485145899232,3.12180436586234
0.05,8.83139021839931e-08,1.346481798837729e-06,1.7059622525601492,0.17875899298854817,3.12180436586234
0.05,8.83139021839931e-08,9.201617911579448e-08,1.7059622525601492,0.22967428376910448,3.12180436586234
0.05,8.83139021839931e-08,9.201617911579448e-08,1.7059622525601492,0.22967428376910448,3.12180436586234
0.05,8.83139021839931e-08,3.890319519362818e-06,1.7059622525601492,0.22967428376910448,3.12180436586234
0.05,8.83139021839931e-08,3.890319519362818e-06,1.7059622525601492,0.03420429280065476,5.127045904864039
0.05,6.333566528630076e-08,3.890319519362818e-06,1.7059622525601492,0.03420429280065476,0.7205756126851586
0.05,6.333566528630076e-08,3.890319519362818e-06,1.7059622525601492,0.003216948384253345,0.7205756126851586
0.05,7.442750314460179e-08,3.890319519362818e-06,1.7059622525601492,0.021332094908806352,0.7205756126851586
0.05,7.442750314460179e-08,3.890319519362818e-06,1.7059622525601492,0.06414068603621975,0.7205756126851586
0.05,5.616240638669523e-08,3.890319519362818e-06,1.7059622525601492,0.055700920791944296,0.7205756126851586
0.05,6.366499021077099e-08,3.890319519362818e-06,2.9985659186746005,0.2201859771527091,0.8237682299580495
0.05,6.366499021077099e-08,6.870375214832067e-07,3.129963114391944,0.2201859771527091,0.8237682299580495
0.05,6.366499021077099e-08,6.870375214832067e-07,3.6612137259252213,0.21883737391217045,1.070822639809882
0.05,6.251753515936374e-08,6.870375214832067e-07,2.405060198492631,0.21883737391217045,1.070822639809882
0.05,6.251753515936374e-08,2.800254423674028e-07,2.405060198492631,0.21883737391217045,1.8046676633601633
0.05,6.251753515936374e-08,1.604178469209051e-06,2.405060198492631,0.21883737391217045,1.8046676633601633
0.05,5.084556073273476e-08,1.604178469209051e-06,2.405060198492631,0.21883737391217045,1.8046676633601633
0.05,5.084556073273476e-08,1.604178469209051e-06,2.405060198492631,0.21883737391217045,5.323620937056443
0.05,5.084556073273476e-08,3.209783017672619e-06,2.3935322425251497,0.548540901665585,5.684522440973038
0.05,7.800287286000846e-08,1.249197091526412e-06,2.3935322425251497,0.3483919411674141,5.684522440973038
0.05,7.800287286000846e-08,1.5441204593155113e-06,2.3935322425251497,0.3483919411674141,5.684522440973038
0.05,7.800287286000846e-08,1.5441204593155113e-06,2.3935322425251497,0.3483919411674141,2.34460818757716
0.05,5.203277449478725e-08,1.5441204593155113e-06,2.3935322425251497,0.3483919411674141,0.9108755919217143
0.05,5.203277449478725e-08,1.5441204593155113e-06,2.3935322425251497,0.3483919411674141,0.9108755919217143
0.05,9.219882205915594e-08,1.0110693817505937e-06,2.4325852869984024,0.3483919411674141,5.943800516618973
0.05,8.973857680942683e-08,1.0110693817505937e-06,2.4325852869984024,0.3483919411674141,3.5562898612329445
0.05,4.2110364131550544e-08,2.9948581853829895e-06,2.4325852869984024,0.3483919411674141,3.5562898612329445
0.05,4.2110364131550544e-08,2.9948581853829895e-06,2.4325852869984024,0.3483919411674141,2.3932053290265958
0.05,4.8837718813439845e-08,3.0495160872403e-06,2.381102028461407,0.3483919411674141,2.3932053290265958
0.05,4.8837718813439845e-08,3.0495160872403e-06,3.434125363807425,0.3483919411674141,2.3932053290265958
0.05,4.8837718813439845e-08,1.0481091994806925e-06,3.434125363807425,0.3483919411674141,2.3932053290265958
0.05,4.8837718813439845e-08,1.0481091994806925e-06,2.898604167270988,0.3483919411674141,2.3932053290265958
0.05,4.8837718813439845e-08,1.1010548234207666e-06,2.898604167270988,0.3634259325026337,2.3932053290265958
0.05,6.197536511099283e-08,1.6010616565720838e-06,2.177796832777561,0.3634259325026337,2.607527419531968
0.05,6.197536511099283e-08,1.6010616565720838e-06,2.177796832777561,0.3634259325026337,3.5189965892929416
0.05,6.197536511099283e-08,1.6010616565720838e-06,2.177796832777561,0.38510366159859255,3.5189965892929416
0.05,5.214998143430849e-08,2.9197367069067925e-07,2.177796832777561,0.38510366159859255,7.142421273089054
0.05,5.214998143430849e-08,3.276272261777813e-06,2.177796832777561,0.38510366159859255,5.85929614953767
0.05,5.214998143430849e-08,3.276272261777813e-06,2.177796832777561,0.38510366159859255,5.85929614953767
0.05,5.214998143430849e-08,3.276272261777813e-06,3.06918857488849,0.38510366159859255,5.85929614953767
0.05,5.214998143430849e-08,3.276272261777813e-06,3.06918857488849,0.38510366159859255,5.85929614953767
0.05,5.214998143430849e-08,3.276272261777813e-06,2.6020784344975607,0.18881051931220832,1.3607681747905653
0.05,5.214998143430849e-08,3.276272261777813e-06,2.6020784344975607,0.18881051931220832,1.3607681747905653
0.05,5.214998143430849e-08,3.276272261777813e-06,3.115446481877428,0.18881051931220832,1.3607681747905653
0.05,5.551709828395381e-08,3.276272261777813e-06,3.115446481877428,0.18881051931220832,1.3607681747905653
0.05,5.551709828395381e-08,3.276272261777813e-06,1.923266925734279,0.18881051931220832,0.855344920214617
0.05,5.551709828395381e-08,3.276272261777813e-06,1.923266925734279,0.18881051931220832,0.855344920214617
0.05,5.551709828395381e-08,6.749903593706232e-06,1.923266925734279,0.18881051931220832,2.4653180615401284
0.05,5.615559318524103e-08,6.749903593706232e-06,1.923266925734279,0.18881051931220832,2.4653180615401284
0.05,5.615559318524103e-08,6.749903593706232e-06,1.923266925734279,0.1507565620864075,2.4653180615401284
0.05,6.706631739225672e-08,8.51431293331481e-08,0.9784650205249548,0.1507565620864075,2.4653180615401284
0.05,6.706631739225672e-08,8.51431293331481e-08,0.9784650205249548,0.12111960918599281,0.23002592858067322
0.05,7.443522041842368e-08,8.51431293331481e-08,1.2853235646890102,0.1479602418204435,0.23002592858067322
0.05,5.415923826181468e-08,8.51431293331481e-08,1.2853235646890102,0.1479602418204435,2.7838476263686824
0.05,5.415923826181468e-08,1.4409349649440824e-06,1.1954461892585657,0.27474280759348063,2.7838476263686824
0.05,5.5502072933649874e-08,1.4409349649440824e-06,1.1954461892585657,0.27474280759348063,6.293922732087712
0.05,4.6312948067529876e-08,7.91197483230359e-08,1.1954461892585657,0.27474280759348063,6.293922732087712
0.05,4.6312948067529876e-08,2.6413351676436086e-07,1.1954461892585657,0.3536637981590912,6.293922732087712
0.05,7.546666370905274e-08,2.6413351676436086e-07,1.6207768339321338,0.3356828950264001,6.293922732087712
0.05,7.546666370905274e-08,2.6413351676436086e-07,1.6207768339321338,0.3356828950264001,6.293922732087712
0.05,7.546666370905274e-08,2.6413351676436086e-07,2.035729215910437,0.3356828950264001,6.293922732087712
0.05,7.546666370905274e-08,2.6413351676436086e-07,2.2518913263169367,0.3022138979735795,2.3862300302343824
0.05,7.87138420741078e-08,2.3889305775468186e-06,1.6708299915127989,0.3022138979735795,2.3862300302343824
0.05,7.87138420741078e-08,2.3889305775468186e-06,1.5045787615340207,0.3022138979735795,2.3862300302343824
0.05,7.87138420741078e-08,2.3889305775468186e-06,1.5045787615340207,0.3022138979735795,2.3433480223239025
0.05,7.87138420741078e-08,2.3889305775468186e-06,1.5737584689576554,0.3022138979735795,2.3433480223239025
0.05,7.87138420741078e-08,2.3889305775468186e-06,2.0310172977615597,0.35132856048916156,2.3433480223239025
0.05,3.146889041705952e-08,2.3889305775468186e-06,2.314609614317285,0.35132856048916156,2.3433480223239025
0.05,4.113420624842649e-08,2.3889305775468186e-06,2.314609614317285,0.35132856048916156,2.3433480223239025
0.05,4.113420624842649e-08,2.3889305775468186e-06,2.314609614317285,0.22627484670237027,2.3433480223239025
0.05,8.753973661799673e-08,2.3889305775468186e-06,2.314609614317285,0.3306124382128321,2.3433480223239025
0.05,8.008080377699178e-08,2.3889305775468186e-06,1.3283809533807969,0.3306124382128321,2.669361389560363
0.05,7.304005382509119e-08,2.3889305775468186e-06,1.3283809533807969,0.18770631176048086,2.669361389560363
0.05,7.304005382509119e-08,1.5246759321956294e-06,0.9449062725177149,0.18770631176048086,2.669361389560363
0.05,7.304005382509119e-08,1.5246759321956294e-06,0.9449062725177149,0.18770631176048086,9.81179215538201
0.05,7.304005382509119e-08,1.5246759321956294e-06,0.9449062725177149,0.09764014056072283,9.81179215538201
0.05,7.304005382509119e-08,6.761959563423261e-09,0.9449062725177149,0.028180872135670873,9.81179215538201
0.05,7.304005382509119e-08,6.761959563423261e-09,0.9449062725177149,0.026718048960684776,9.193934062648932
0.05,7.304005382509119e-08,1.2593647666881355e-08,0.9449062725177149,0.10519129427729418,2.2973768492483835
0.05,7.304005382509119e-08,5.218372523265262e-08,0.9449062725177149,0.2255381614172102,9.544028419899469
0.05,7.304005382509119e-08,5.218372523265262e-08,0.9449062725177149,0.25387039556733,9.544028419899469
0.05,7.304005382509119e-08,5.218372523265262e-08,1.1982601167284685,0.25387039556733,9.833080605175489
0.05,7.304005382509119e-08,5.218372523265262e-08,1.1982601167284685,0.25387039556733,8.63081152796025
0.05,7.304005382509119e-08,5.218372523265262e-08,1.1982601167284685,0.12336541841205606,8.63081152796025
0.05,5.406901466460947e-08,5.218372523265262e-08,1.1982601167284685,0.19523044781477197,7.84197659442354
0.05,5.406901466460947e-08,5.218372523265262e-08,1.1982601167284685,0.6668623744645629,7.84197659442354
0.05,5.406901466460947e-08,5.218372523265262e-08,2.4823125012173235,0.6668623744645629,7.9479506849444554
0.05,7.102418548601983e-08,1.0333439937906058e-07,1.486578302045557,0.6668623744645629,8.67682252217842
0.05,7.102418548601983e-08,1.0333439937906058e-07,1.486578302045557,0.6791111752468788,8.67682252217842
0.05,7.102418548601983e-08,2.575874840321814e-07,1.0635939257687934,0.6791111752468788,7.054924308850063
0.05,7.102418548601983e-08,2.575874840321814e-07,1.5815207030397247,0.7360051126178185,7.054924308850063
0.05,7.102418548601983e-08,2.896853032853284e-07,1.5815207030397247,0.7681984629267381,7.054924308850063
0.05,7.102418548601983e-08,2.6563825680209866e-07,1.5815207030397247,0.5385508071088163,9.931236596697394
0.05,7.102418548601983e-08,4.4641549328584906e-07,1.5815207030397247,0.5385508071088163,9.931236596697394
0.05,7.102418548601983e-08,1.957397596851537e-06,0.9378268366121119,0.6073377916606755,9.793390047651728
0.05,7.899586267455785e-08,5.873573060098543e-08,1.3976160256705912,0.403640489800477,9.40775634999761
0.05,5.521632158358323e-08,5.873573060098543e-08,1.3976160256705912,0.403640489800477,9.944284362509105
0.05,5.521632158358323e-08,1.3677733211428411e-07,1.1725012151204284,0.403640489800477,9.94877916009001
0.05,5.521632158358323e-08,2.1756937257748854e-06,1.1725012151204284,0.4374438825110668,9.607627906007611
0.05,5.521632158358323e-08,1.2807119713203386e-07,1.1725012151204284,0.595751773760155,9.607627906007611
0.05,6.40935172912686e-08,1.2807119713203386e-07,1.1725012151204284,0.595751773760155,7.206966779638789
0.05,6.40935172912686e-08,1.2807119713203386e-07,1.1725012151204284,0.3667096237383181,9.7665601863105
0.05,5.089274455004943e-08,1.2807119713203386e-07,1.5672140957934866,0.3667096237383181,7.084792018861171
0.05,5.089274455004943e-08,6.451605988916483e-07,1.5672140957934866,0.5739761296826583,7.084792018861171
0.05,5.089274455004943e-08,6.451605988916483e-07,1.5672140957934866,0.5739761296826583,6.648574534047935
0.05,5.089274455004943e-08,6.675524695347167e-07,1.5672140957934866,0.5585346833992103,6.648574534047935
0.05,5.089274455004943e-08,2.9989210080656804e-06,1.5672140957934866,0.36489986108264993,6.648574534047935
0.05,5.089274455004943e-08,1.4177584838607772e-06,1.5672140957934866,0.3860801957471712,5.8095578578711145
0.05,5.089274455004943e-08,1.4177584838607772e-06,1.5672140957934866,0.3860801957471712,5.37308913122918
0.05,5.089274455004943e-08,1.4177584838607772e-06,1.8614953135076027,0.4612697531451511,7.705722112583107
0.05,5.089274455004943e-08,1.4177584838607772e-06,1.8614953135076027,0.4612697531451511,8.084733777830087
0.05,5.089274455004943e-08,1.4177584838607772e-06,1.266625747296675,0.4612697531451511,8.084733777830087
0.05,5.42449427218461e-08,1.4177584838607772e-06,1.5079582009582884,0.3347890827462703,9.190475248934883
0.05,5.42449427218461e-08,1.4177584838607772e-06,1.5079582009582884,0.037130398897531586,2.5321952773019873
0.05,8.221608115290503e-08,1.4177584838607772e-06,1.5079582009582884,0.05063462932209597,2.5321952773019873
0.05,8.221608115290503e-08,1.4177584838607772e-06,1.5079582009582884,0.05063462932209597,2.5321952773019873
0.05,8.221608115290503e-08,1.4177584838607772e-06,1.5079582009582884,0.05063462932209597,2.5321952773019873
0.05,8.221608115290503e-08,1.7635361448595129e-06,1.5079582009582884,0.04657547535624031,2.9647998996654956
0.05,8.221608115290503e-08,1.2827255120867817e-06,1.5079582009582884,0.04657547535624031,2.9647998996654956
0.05,8.221608115290503e-08,1.2827255120867817e-06,1.5079582009582884,0.11807633080438865,2.9647998996654956
0.05,8.221608115290503e-08,7.538627704188746e-08,1.5079582009582884,0.26294768327442614,1.5692484130551443
0.05,8.221608115290503e-08,1.5224198830078262e-07,1.5079582009582884,0.3141819247178352,8.981807958564442
0.05,8.221608115290503e-08,1.5224198830078262e-07,1.2760135693457872,0.3141819247178352,8.513850363913264
0.05,8.221608115290503e-08,1.5224198830078262e-07,1.2760135693457872,0.32223591621578596,5.834775145793756
0.05,5.970467491649346e-08,3.598331731128719e-07,1.2760135693457872,0.32223591621578596,6.533989122261611
0.05,5.970467491649346e-08,2.8428633539412195e-07,1.2038987757466697,0.42561007864933387,6.533989122261611
0.05,5.970467491649346e-08,2.8428633539412195e-07,1.2038987757466697,0.08239421312421479,4.742387715663129
0.05,5.970467491649346e-08,2.8428633539412195e-07,1.2038987757466697,0.04849991299875164,4.742387715663129
0.05,5.970467491649346e-08,1.256416386102991e-06,1.086203618119018,0.04849991299875164,4.742387715663129
0.05,5.970467491649346e-08,1.256416386102991e-06,1.4270710484970317,0.2846698024379592,4.832137115176199
0.05,5.970467491649346e-08,1.256416386102991e-06,3.422297671400734,0.2846698024379592,1.4367227281571135
0.05,5.970467491649346e-08,1.256416386102991e-06,2.8349783087986795,0.2846698024379592,1.4367227281571135
0.05,5.970467491649346e-08,1.256416386102991e-06,2.8349783087986795,0.2846698024379592,1.4367227281571135
0.05,4.904073210247314e-08,1.256416386102991e-06,2.8349783087986795,0.2846698024379592,1.4367227281571135
0.05,4.904073210247314e-08,1.256416386102991e-06,2.8349783087986795,0.14977470445798133,0.9956096446415663
0.05,4.904073210247314e-08,1.3331172350282803e-06,3.711065512391105,0.1376525609835732,0.9956096446415663
0.05,4.904073210247314e-08,1.3331172350282803e-06,2.217734922614476,0.1376525609835732,2.7295399024821982
0.05,4.904073210247314e-08,1.3331172350282803e-06,2.5839557712093635,0.10446324091561009,1.4519297717106605
0.05,4.904073210247314e-08,1.3331172350282803e-06,2.5839557712093635,0.10569701766132607,1.4519297717106605
0.05,4.904073210247314e-08,4.527273006203322e-06,1.7455162618570177,0.10569701766132607,1.4519297717106605
0.05,4.904073210247314e-08,4.527273006203322e-06,1.8954525566920712,0.10569701766132607,1.4519297717106605
0.05,4.904073210247314e-08,4.527273006203322e-06,1.8954525566920712,0.2778125051452743,1.4519297717106605
0.05,4.904073210247314e-08,4.527273006203322e-06,3.384832928295649,0.2778125051452743,1.4519297717106605
0.05,4.904073210247314e-08,8.547850087625702e-07,3.384832928295649,0.2778125051452743,1.986067168335091
0.05,4.904073210247314e-08,8.547850087625702e-07,3.215284248049012,0.2778125051452743,1.986067168335091
0.05,5.810753716780441e-08,5.1823191094030235e-06,3.215284248049012,0.2345618765884353,1.986067168335091
0.05,5.810753716780441e-08,5.1823191094030235e-06,1.2007327421041976,0.2345618765884353,1.986067168335091
0.05,5.081624158227626e-08,5.1823191094030235e-06,3.148816443535382,0.2345618765884353,0.729878949112076
0.05,5.081624158227626e-08,5.1823191094030235e-06,3.148816443535382,0.2345618765884353,0.729878949112076
0.05,5.081624158227626e-08,5.1823191094030235e-06,2.1601559027548407,0.2345618765884353,1.4168426946814392
0.05,5.081624158227626e-08,5.1823191094030235e-06,2.1601559027548407,0.2345618765884353,1.4168426946814392
0.05,5.081624158227626e-08,1.3514591872545446e-06,2.529423680625275,0.2345618765884353,0.9600345651009355
0.05,5.081624158227626e-08,1.3514591872545446e-06,2.5084777061267376,0.2345618765884353,0.4776466019210154
0.05,5.081624158227626e-08,1.3514591872545446e-06,2.5084777061267376,0.2345618765884353,0.4776466019210154
0.05,5.081624158227626e-08,1.3514591872545446e-06,2.5084777061267376,0.2345618765884353,3.12411266488248
0.05,5.081624158227626e-08,1.3514591872545446e-06,2.1108262712341554,0.2345618765884353,3.12411266488248
0.05,5.081624158227626e-08,1.3514591872545446e-06,2.1108262712341554,0.2676684321204839,3.12411266488248
0.05,5.1986843223426765e-08,1.3514591872545446e-06,1.8632593875860584,0.2676684321204839,3.12411266488248
0.05,5.1986843223426765e-08,1.476238819619009e-06,1.8632593875860584,0.41612802109876684,3.12411266488248
0.05,5.1986843223426765e-08,1.476238819619009e-06,1.8632593875860584,0.41612802109876684,8.560945626880265
0.05,5.1986843223426765e-08,1.476238819619009e-06,2.4293611713583507,0.33206313773778057,2.1088112634542164
0.05,5.1986843223426765e-08,1.476238819619009e-06,2.4293611713583507,0.33206313773778057,2.1088112634542164
0.05,5.1986843223426765e-08,1.476238819619009e-06,2.4293611713583507,0.33206313773778057,2.1088112634542164
0.05,5.1986843223426765e-08,5.664373740276407e-06,2.176803263728708,0.33206313773778057,2.1088112634542164
0.05,5.1986843223426765e-08,5.664373740276407e-06,2.176803263728708,0.22588211921906645,2.1088112634542164
0.05,5.1986843223426765e-08,2.0548376307874365e-07,2.176803263728708,0.22588211921906645,2.1088112634542164
0.05,6.056272380707881e-08,1.424379589534203e-06,2.118263341643688,0.22588211921906645,2.1088112634542164
0.05,6.056272380707881e-08,1.38927158025186e-07,2.311499458300375,0.22588211921906645,2.1088112634542164
0.05,6.056272380707881e-08,4.716896565758912e-07,2.311499458300375,0.22588211921906645,2.1088112634542164
0.05,6.056272380707881e-08,3.794680766093315e-06,2.311499458300375,0.22588211921906645,2.1088112634542164
0.05,6.056272380707881e-08,2.975739078621436e-06,2.340106168361655,0.22588211921906645,0.8312829353562406
0.05,6.056272380707881e-08,2.975739078621436e-06,2.340106168361655,0.22588211921906645,0.8312829353562406
0.05,9.306326340526927e-08,2.975739078621436e-06,2.340106168361655,0.22588211921906645,0.8312829353562406
0.05,9.306326340526927e-08,4.186725989059759e-06,2.1454292091501395,0.22588211921906645,1.359907534039135
0.05,9.306326340526927e-08,4.186725989059759e-06,2.1454292091501395,0.22588211921906645,1.359907534039135
0.05,9.306326340526927e-08,4.080185079517967e-06,2.839011067865248,0.22588211921906645,1.2055944195042603
0.05,9.18548639694835e-08,4.080185079517967e-06,2.839011067865248,0.22588211921906645,1.9591897472588826
0.05,9.18548639694835e-08,4.080185079517967e-06,1.9806860726822046,0.22588211921906645,1.7978171336202267
0.05,9.02419375620771e-08,4.080185079517967e-06,1.2331833183932774,0.22588211921906645,1.7978171336202267
0.05,9.02419375620771e-08,4.080185079517967e-06,1.2382065465501533,0.22588211921906645,5.480388977488488
0.05,7.581394120477369e-08,3.2320560997405316e-07,1.6588246625511673,0.22588211921906645,5.480388977488488
0.05,7.581394120477369e-08,3.2320560997405316e-07,0.9634332167762958,0.3266615261469054,3.9095214994358556
0.05,7.27767671117686e-08,2.063536633734169e-06,0.7419164256583687,0.3266615261469054,3.9095214994358556
0.05,7.27767671117686e-08,1.5498265673136678e-06,2.571447569180103,0.3266615261469054,3.9095214994358556
0.05,7.27767671117686e-08,1.5498265673136678e-06,2.571447569180103,0.3266615261469054,3.9095214994358556
0.05,8.976135155815408e-08,1.5498265673136678e-06,3.680964214997104,0.16867785037508906,0.21873817506569232
0.05,4.509102736571521e-08,4.151182642691885e-06,3.680964214997104,0.16867785037508906,0.21873817506569232
0.05,4.509102736571521e-08,4.151182642691885e-06,3.680964214997104,0.16867785037508906,0.8260102244457019
0.05,3.606257413584304e-08,2.713431045001389e-06,2.1005652093502376,0.16867785037508906,0.2678238100309783
0.05,3.606257413584304e-08,2.713431045001389e-06,2.1005652093502376,0.16867785037508906,0.2678238100309783
0.05,3.606257413584304e-08,4.989120369948583e-06,2.1005652093502376,0.16867785037508906,2.688201809410602
0.05,3.606257413584304e-08,2.05365801451381e-06,2.1005652093502376,0.18529732552582961,2.688201809410602
0.05,3.606257413584304e-08,2.05365801451381e-06,2.1005652093502376,0.2775783288400868,2.688201809410602
0.05,5.871579589951409e-08,2.05365801451381e-06,2.1005652093502376,0.2775783288400868,2.688201809410602
0.05,5.871579589951409e-08,2.05365801451381e-06,2.8467014507521,0.2775783288400868,2.688201809410602
0.05,5.871579589951409e-08,2.05365801451381e-06,1.7901512214799034,0.2604321644041149,2.688201809410602
0.05,5.871579589951409e-08,2.05365801451381e-06,1.2653265579061586,0.4378018870253281,5.404344923827447
0.05,5.871579589951409e-08,2.05365801451381e-06,1.4423778447863391,0.5254725503685013,5.404344923827447
0.05,5.871579589951409e-08,2.05365801451381e-06,1.4423778447863391,0.29972187544122614,5.404344923827447
0.05,5.871579589951409e-08,2.05365801451381e-06,1.9103171759679927,0.24028510181370905,6.95181192274487
0.05,5.871579589951409e-08,2.05365801451381e-06,1.2133049204516158,0.24028510181370905,4.436689251106371
0.05,7.593498398593256e-08,2.2996672144802495e-06,1.2133049204516158,0.24028510181370905,4.436689251106371
0.05,7.593498398593256e-08,2.2996672144802495e-06,1.3000704234030995,0.09321062238688185,4.436689251106371
0.05,7.593498398593256e-08,2.2996672144802495e-06,1.3000704234030995,0.09321062238688185,4.436689251106371
0.05,7.593498398593256e-08,2.2996672144802495e-06,1.4368446501258196,0.09321062238688185,4.436689251106371
0.05,7.593498398593256e-08,2.2996672144802495e-06,1.3279629116147045,0.02475266300718098,4.436689251106371
0.05,7.593498398593256e-08,4.542166661730678e-06,1.3279629116147045,0.023169592626288975,4.436689251106371
0.05,7.593498398593256e-08,4.542166661730678e-06,3.4966848645583526,0.11633593463705914,0.047460515661366984
0.05,7.593498398593256e-08,9.258943909770929e-07,2.3855925356507552,0.24760053661858686,0.047460515661366984
0.05,7.593498398593256e-08,5.594014607503875e-07,2.3855925356507552,0.24760053661858686,0.7207953097604369
0.05,7.593498398593256e-08,5.594014607503875e-07,2.3855925356507552,0.39062321194692634,3.142596685012271
0.05,7.593498398593256e-08,6.995761372299286e-07,2.3855925356507552,0.39062321194692634,4.616011923004292
0.05,7.593498398593256e-08,6.995761372299286e-07,2.3855925356507552,0.2203686483579315,4.616011923004292
0.05,7.593498398593256e-08,6.995761372299286e-07,3.0181061289710396,0.1502129016545087,0.4952777346900542
0.05,4.210556380630045e-08,6.995761372299286e-07,3.0181061289710396,0.1502129016545087,0.4952777346900542
0.05,7.307585851458713e-08,6.995761372299286e-07,2.4993460207588174,0.15904978453216181,0.4952777346900542
0.05,7.307585851458713e-08,6.995761372299286e-07,2.4993460207588174,0.15904978453216181,0.43726412409105847
0.05,7.307585851458713e-08,6.995761372299286e-07,2.4993460207588174,0.15904978453216181,0.43726412409105847
0.05,4.5284902628922605e-08,6.503818051441103e-06,2.4993460207588174,0.15904978453216181,0.15941823729823082
0.05,7.219925718516663e-08,6.503818051441103e-06,2.4993460207588174,0.15904978453216181,0.15941823729823082
0.05,7.219925718516663e-08,6.503818051441103e-06,3.6616899540755594,0.30813308502953635,0.15941823729823082
0.05,7.219925718516663e-08,3.9541094100676514e-07,3.6616899540755594,0.30813308502953635,2.292317175461239
0.05,7.219925718516663e-08,3.683145806075978e-07,1.928288001169631,0.30813308502953635,2.292317175461239
0.05,7.219925718516663e-08,1.0488051958989488e-06,1.928288001169631,0.38565607000302216,2.292317175461239
0.05,5.329777365388946e-08,1.0488051958989488e-06,1.928288001169631,0.38565607000302216,1.6205604078717142
0.05,5.329777365388946e-08,7.107645716966812e-07,3.3230206073936963,0.11256838115777898,1.6205604078717142
0.05,5.329777365388946e-08,7.107645716966812e-07,2.1853610925658624,0.11256838115777898,1.6205604078717142
0.05,7.388737820015981e-08,1.91489090380409e-06,2.1853610925658624,0.11256838115777898,1.6205604078717142
0.05,7.388737820015981e-08,1.91489090380409e-06,2.1853610925658624,0.24619658084252416,1.6205604078717142
0.05,7.388737820015981e-08,1.91489090380409e-06,2.2914872994564512,0.24619658084252416,1.6205604078717142
0.05,7.388737820015981e-08,1.91489090380409e-06,2.847832666825388,0.24619658084252416,1.6205604078717142
0.05,7.388737820015981e-08,1.91489090380409e-06,2.290696190783157,0.24619658084252416,1.6205604078717142
0.05,5.053000897937908e-08,1.91489090380409e-06,1.827365118031941,0.2637963502360276,1.6205604078717142
0.05,5.053000897937908e-08,9.369885044472092e-07,3.1541008472757004,0.2637963502360276,1.6205604078717142
0.05,5.053000897937908e-08,9.369885044472092e-07,3.1541008472757004,0.2743740290038883,1.6205604078717142
0.05,5.1532826771189405e-08,2.1370130320288536e-06,3.314325999757235,0.2743740290038883,0.7642579032869978
0.05,5.1532826771189405e-08,2.1370130320288536e-06,3.314325999757235,0.2743740290038883,0.43395698998725113
0.05,5.1532826771189405e-08,6.60724361307457e-07,3.314325999757235,0.2743740290038883,0.43395698998725113
0.05,5.1532826771189405e-08,6.60724361307457e-07,2.747221195546945,0.2743740290038883,0.43395698998725113
0.05,5.1532826771189405e-08,6.60724361307457e-07,2.410460229954193,0.1856319026412628,0.43395698998725113
0.05,5.1532826771189405e-08,2.1615615781206638e-07,2.410460229954193,0.09459870729143381,0.43395698998725113
0.05,6.817844823360412e-08,2.1615615781206638e-07,2.410460229954193,0.14346112190228083,0.19387530527938368
0.05,6.817844823360412e-08,2.1615615781206638e-07,1.6985517011464677,0.14346112190228083,5.3991241940747345
0.05,6.817844823360412e-08,4.154737033288149e-06,1.6985517011464677,0.1252182036797457,0.8832848485842162
0.05,6.817844823360412e-08,1.6456359096369538e-06,1.6985517011464677,0.1252182036797457,0.2636868226076099
0.05,6.817844823360412e-08,1.6456359096369538e-06,1.8728042581941078,0.030064623802830086,0.2636868226076099
0.05,6.817844823360412e-08,1.6456359096369538e-06,1.8728042581941078,0.030064623802830086,0.2636868226076099
0.05,5.8603099952034997e-08,8.785449500685272e-07,1.8728042581941078,0.030064623802830086,3.118454869575524
0.05,7.562036608612406e-08,8.785449500685272e-07,1.8728042581941078,0.030064623802830086,3.118454869575524
0.05,7.562036608612406e-08,8.785449500685272e-07,1.8728042581941078,0.10877323126449344,3.118454869575524
0.05,7.562036608612406e-08,2.3671017433871972e-07,1.8728042581941078,0.10877323126449344,1.6854043459317554
0.05,9.43756113977928e-08,1.6591404928567867e-07,1.4674766143388165,0.09179565029003392,1.6854043459317554
0.05,9.43756113977928e-08,1.6591404928567867e-07,2.0078759792827974,0.24753856010346428,1.6854043459317554
0.05,9.43756113977928e-08,2.0844818889223444e-08,2.0078759792827974,0.24753856010346428,1.7613905259069722
0.05,9.43756113977928e-08,1.057666793050055e-06,2.1589305136632393,0.24753856010346428,1.7613905259069722
0.05,1.0228952096854193e-07,1.057666793050055e-06,2.1251446542533676,0.32031006808185597,1.7613905259069722
0.05,1.0228952096854193e-07,1.057666793050055e-06,2.2338667999456545,0.32031006808185597,1.7613905259069722
0.05,4.121505427344114e-08,1.057666793050055e-06,1.624489074168359,0.32031006808185597,3.737971243480443
0.05,5.828049416617509e-08,1.057666793050055e-06,1.624489074168359,0.32031006808185597,2.576506883934286
0.05,4.789952617232711e-08,7.104824960258752e-07,1.624489074168359,0.31123670633191175,2.576506883934286
0.05,4.5219338354142223e-08,7.104824960258752e-07,1.0794930396797067,0.41080797643729944,5.4977450527781855
0.05,4.5219338354142223e-08,7.104824960258752e-07,1.1314544077098445,0.41080797643729944,5.4977450527781855
0.05,4.5219338354142223e-08,7.104824960258752e-07,1.1314544077098445,0.41080797643729944,5.4977450527781855
0.05,4.5219338354142223e-08,7.104824960258752e-07,1.1314544077098445,0.41080797643729944,8.121827016767185
0.05,4.5219338354142223e-08,4.3305268317508935e-07,1.1314544077098445,0.41080797643729944,8.121827016767185
0.05,4.5219338354142223e-08,4.3305268317508935e-07,1.1314544077098445,0.41080797643729944,8.121827016767185
0.05,5.437529997962926e-08,4.3305268317508935e-07,1.1314544077098445,0.359277076459564,8.121827016767185
0.05,5.437529997962926e-08,4.3305268317508935e-07,1.1314544077098445,0.359277076459564,8.121827016767185
0.05,6.714810229939421e-08,4.3305268317508935e-07,1.5635876966360631,0.359277076459564,8.121827016767185
0.05,3.8166188340277996e-08,4.3305268317508935e-07,1.966321255150193,0.465820299042621,4.825912306829909
0.05,4.270209523129148e-08,4.3305268317508935e-07,1.966321255150193,0.465820299042621,2.3925119002730346
0.05,7.312394129808875e-08,1.893958269866829e-07,1.966321255150193,0.3454058729644727,7.047758410914585
0.05,7.312394129808875e-08,1.893958269866829e-07,1.966321255150193,0.3454058729644727,4.598517672342209
0.05,6.415312379445478e-08,6.568994788153531e-07,1.966321255150193,0.3454058729644727,4.598517672342209
0.05,6.415312379445478e-08,6.568994788153531e-07,2.3194665630727855,0.3454058729644727,4.598517672342209
0.05,6.415312379445478e-08,6.568994788153531e-07,2.2122799737100114,0.3454058729644727,4.598517672342209
0.05,6.415312379445478e-08,6.568994788153531e-07,1.1258767912037355,0.3454058729644727,6.853178004405384
0.05,6.415312379445478e-08,1.3100264777232352e-06,1.1258767912037355,0.3454058729644727,6.853178004405384
0.05,7.788013905583882e-08,1.3100264777232352e-06,2.339635925484888,0.3454058729644727,6.853178004405384
0.05,7.788013905583882e-08,1.3100264777232352e-06,2.339635925484888,0.3454058729644727,6.853178004405384
0.05,7.788013905583882e-08,1.3100264777232352e-06,2.339635925484888,0.3454058729644727,6.853178004405384
0.05,7.788013905583882e-08,1.3100264777232352e-06,2.339635925484888,0.3454058729644727,1.3024786909406028
0.05,5.249462921442915e-08,5.33323436439291e-07,2.0001824319594443,0.3454058729644727,1.3024786909406028
0.05,5.249462921442915e-08,5.33323436439291e-07,2.0001824319594443,0.3454058729644727,6.092833228791136
0.05,5.249462921442915e-08,5.33323436439291e-07,2.0001824319594443,0.3454058729644727,6.092833228791136
0.05,5.249462921442915e-08,5.33323436439291e-07,2.0001824319594443,0.4929112645313495,6.092833228791136
0.05,7.479236012988106e-08,5.33323436439291e-07,2.0001824319594443,0.4929112645313495,6.092833228791136
0.05,7.479236012988106e-08,5.33323436439291e-07,2.0001824319594443,0.4929112645313495,6.092833228791136
0.05,7.479236012988106e-08,5.33323436439291e-07,2.0001824319594443,0.47295456458684537,5.228019496505421
0.05,5.373093855189884e-08,2.5266253000359497e-07,2.697578466749899,0.3491767073420532,5.228019496505421
0.05,6.224201704933955e-08,2.1346944550224164e-07,2.697578466749899,0.3491767073420532,5.228019496505421
0.05,6.224201704933955e-08,2.1217742206497825e-06,1.5864876743484866,0.3491767073420532,5.228019496505421
0.05,6.224201704933955e-08,2.1217742206497825e-06,1.5864876743484866,0.3491767073420532,5.228019496505421
0.05,6.224201704933955e-08,2.1217742206497825e-06,1.5864876743484866,0.3491767073420532,5.228019496505421
0.05,8.740730417255672e-08,2.1217742206497825e-06,1.5864876743484866,0.3491767073420532,5.533209680039505
0.05,8.740730417255672e-08,2.1217742206497825e-06,1.5864876743484866,0.2355198994491464,5.533209680039505
0.05,4.969534251584505e-08,2.1217742206497825e-06,1.5864876743484866,0.2355198994491464,4.987409361604266
0.05,4.969534251584505e-08,2.1217742206497825e-06,2.3400446013780254,0.2355198994491464,4.946398164130228
0.05,4.969534251584505e-08,2.1217742206497825e-06,2.469211004500812,0.46783120690268387,4.946398164130228
0.05,6.262322072780543e-08,2.1217742206497825e-06,2.469211004500812,0.3575653584219012,4.946398164130228
0.05,6.262322072780543e-08,6.307064733498518e-07,2.469211004500812,0.3575653584219012,4.946398164130228
0.05,6.262322072780543e-08,1.822429111648548e-06,2.469211004500812,0.33715629204118697,5.632948268532624
0.05,7.341028435704017e-08,9.316814986940382e-07,2.469211004500812,0.33715629204118697,5.632948268532624
0.05,8.373862387763109e-08,9.316814986940382e-07,2.469211004500812,0.15914935905260172,1.874195552687726
0.05,4.089348369615924e-08,4.889944782442815e-06,2.469211004500812,0.15914935905260172,2.8036789284495685
0.05,4.089348369615924e-08,4.889944782442815e-06,2.085443728365963,0.15914935905260172,2.8036789284495685
0.05,4.089348369615924e-08,4.889944782442815e-06,2.085443728365963,0.15914935905260172,2.8036789284495685
0.05,4.089348369615924e-08,4.889944782442815e-06,2.085443728365963,0.15914935905260172,2.8036789284495685
0.05,4.089348369615924e-08,4.889944782442815e-06,3.601700898721666,0.3334145455216208,2.8036789284495685
0.05,5.96557636946151e-08,4.889944782442815e-06,3.601700898721666,0.3334145455216208,2.8712713027821257
0.05,5.96557636946151e-08,4.889944782442815e-06,2.0793254621640864,0.3334145455216208,1.2964781582145388
0.05,5.96557636946151e-08,5.277581468028133e-06,2.0793254621640864,0.3334145455216208,1.2964781582145388
0.05,5.96557636946151e-08,5.277581468028133e-06,2.0793254621640864,0.3334145455216208,1.2964781582145388
0.05,5.051681217776796e-08,5.277581468028133e-06,2.0793254621640864,0.3334145455216208,4.395611460155924
0.05,5.051681217776796e-08,5.277581468028133e-06,2.407259862735884,0.3334145455216208,3.4932064453737772
0.05,5.051681217776796e-08,5.277581468028133e-06,2.407259862735884,0.3334145455216208,3.4932064453737772
0.05,5.051681217776796e-08,2.0152341687142974e-06,1.9320603455643568,0.40662770348657495,1.8444177142194245
0.05,7.65298779112982e-08,2.0152341687142974e-06,1.9320603455643568,0.19096383011023213,1.8444177142194245
0.05,7.65298779112982e-08,6.659014366358012e-07,1.9320603455643568,0.19096383011023213,1.8444177142194245
0.05,7.65298779112982e-08,9.343065980402179e-07,1.9320603455643568,0.19096383011023213,1.51088345217848
0.05,6.945587808793941e-08,9.343065980402179e-07,1.9320603455643568,0.23537139020426545,3.4968557511529017
0.05,6.568832780174881e-08,3.6316889642701044e-07,1.6768183407701125,0.23537139020426545,4.072354974019917
0.05,6.82933163862303e-08,3.6316889642701044e-07,1.6768183407701125,0.23537139020426545,4.072354974019917
0.05,6.82933163862303e-08,2.596196859594705e-07,2.8820754290051083,0.23537139020426545,4.072354974019917
0.05,6.541940877848754e-08,2.596196859594705e-07,2.8820754290051083,0.23537139020426545,0.1486081987524805
0.05,8.113321907483153e-08,4.278409293612359e-06,2.8820754290051083,0.23537139020426545,0.1181603180854828
0.05,8.113321907483153e-08,7.938618085255716e-06,2.949729243853618,0.23537139020426545,0.1181603180854828
0.05,8.113321907483153e-08,8.945933074847926e-06,2.632131575238179,0.2726718510791607,0.1181603180854828
0.05,7.351435796241872e-08,8.945933074847926e-06,2.632131575238179,0.25845292508735757,0.1181603180854828
0.05,7.351435796241872e-08,8.945933074847926e-06,1.8651640490989174,0.12249811306321993,0.1181603180854828
0.05,7.351435796241872e-08,8.945933074847926e-06,1.8651640490989174,0.12249811306321993,0.1181603180854828
0.05,7.351435796241872e-08,6.486265975671372e-06,2.676170247771645,0.12249811306321993,0.305247340192738
0.05,4.185406824808547e-08,6.486265975671372e-06,2.6909154500683172,0.2934555263943859,0.305247340192738
0.05,3.965023990994637e-08,5.509470129606505e-06,2.6909154500683172,0.18148490895962593,1.384503597960668
0.05,3.965023990994637e-08,5.509470129606505e-06,2.6909154500683172,0.2118800896742711,1.384503597960668
0.05,6.106847631950703e-08,6.158494342094009e-07,2.6909154500683172,0.2118800896742711,1.384503597960668
0.05,7.275648033615123e-08,1.3213282463085786e-07,2.6909154500683172,0.2118800896742711,1.384503597960668
0.05,6.179605030995846e-08,1.2665468529803614e-06,2.6909154500683172,0.2118800896742711,1.384503597960668
0.05,6.179605030995846e-08,1.2665468529803614e-06,1.3489255005536807,0.2118800896742711,1.384503597960668
0.05,6.179605030995846e-08,1.2665468529803614e-06,2.8011904500111617,0.2118800896742711,1.83570268923538
0.05,6.179605030995846e-08,1.2195917360772325e-07,2.046601744337959,0.17403805630665062,1.83570268923538
0.05,5.991360625865967e-08,1.0814588410731136e-06,2.046601744337959,0.17403805630665062,1.83570268923538
0.05,5.991360625865967e-08,1.0814588410731136e-06,2.1586428398552786,0.17403805630665062,3.3833409613761747
0.05,5.991360625865967e-08,1.0814588410731136e-06,2.1586428398552786,0.17403805630665062,3.3833409613761747
0.05,5.991360625865967e-08,1.0814588410731136e-06,2.1586428398552786,0.17403805630665062,3.3833409613761747
0.05,6.875992814358057e-08,1.0814588410731136e-06,2.1586428398552786,0.17403805630665062,3.5810399973251696
0.05,6.875992814358057e-08,1.0814588410731136e-06,2.1586428398552786,0.17403805630665062,3.5810399973251696
0.05,6.875992814358057e-08,1.0814588410731136e-06,3.6207647268752226,0.17403805630665062,0.5391806755456603
0.05,6.875992814358057e-08,1.0814588410731136e-06,3.344461460913779,0.17403805630665062,0.5391806755456603
0.05,6.875992814358057e-08,1.0814588410731136e-06,1.918374525452152,0.20658993087216482,0.5391806755456603
0.05,6.875992814358057e-08,1.0814588410731136e-06,1.918374525452152,0.20658993087216482,0.5391806755456603
0.05,6.875992814358057e-08,1.0814588410731136e-06,2.051881872649193,0.20658993087216482,0.5391806755456603
0.05,5.683118563203356e-08,2.860455476784117e-06,2.051881872649193,0.2938203283648382,0.5391806755456603
0.05,5.987652579179009e-08,4.598703130600134e-06,1.9644435883996534,0.2938203283648382,0.5391806755456603
0.05,5.987652579179009e-08,4.598703130600134e-06,1.9644435883996534,0.2938203283648382,3.9627784641152557
0.05,5.987652579179009e-08,2.245244832475611e-06,1.9644435883996534,0.2938203283648382,0.7070780152904688
0.05,5.987652579179009e-08,3.895332235074458e-06,1.9644435883996534,0.19252021641445202,0.7070780152904688
0.05,5.309821709185803e-08,3.895332235074458e-06,3.1338210985844666,0.19252021641445202,0.7070780152904688
0.05,5.309821709185803e-08,3.895332235074458e-06,3.1338210985844666,0.19252021641445202,0.07469517604517659
0.05,3.9060179759016954e-08,3.895332235074458e-06,3.1338210985844666,0.19252021641445202,0.0769529716963661
0.05,3.9060179759016954e-08,3.895332235074458e-06,3.1338210985844666,0.19252021641445202,0.0769529716963661
0.05,3.9060179759016954e-08,3.895332235074458e-06,3.1338210985844666,0.2577543883814238,0.0769529716963661
0.05,3.9060179759016954e-08,3.895332235074458e-06,3.1338210985844666,0.2577543883814238,1.6025159777610907
0.05,9.679933593744087e-08,5.1900761374996925e-06,2.3676596191157757,0.2577543883814238,1.6025159777610907
0.05,9.679933593744087e-08,5.1900761374996925e-06,2.3676596191157757,0.2577543883814238,1.6025159777610907
0.05,9.679933593744087e-08,5.1900761374996925e-06,2.3676596191157757,0.358903446070207,1.6025159777610907
0.05,8.481784386892987e-08,5.1900761374996925e-06,2.3676596191157757,0.358903446070207,3.972865432912795
0.05,6.21286083640033e-08,1.6037547378716804e-06,2.3676596191157757,0.358903446070207,0.5382379365073473
0.05,6.21286083640033e-08,2.109546323678068e-06,1.6736510997707352,0.26249245310266633,4.413761662040926
0.05,6.21286083640033e-08,2.109546323678068e-06,1.3211221250514944,0.2946686819328087,4.413761662040926
0.05,3.890587607957385e-08,2.109546323678068e-06,1.4562342176101448,0.17778681422412704,5.099141749457471
0.05,3.890587607957385e-08,2.109546323678068e-06,1.4562342176101448,0.17778681422412704,5.099141749457471
0.05,3.890587607957385e-08,1.2010958613912214e-06,1.4562342176101448,0.5350070233842221,4.65430095363112
0.05,3.890587607957385e-08,1.2010958613912214e-06,2.3206825753100864,0.5350070233842221,3.9542344635607147
0.05,3.890587607957385e-08,1.2010958613912214e-06,2.0483274102027775,0.5350070233842221,3.9542344635607147
0.05,8.607397374999507e-08,1.6848487983322293e-06,2.0483274102027775,0.25251617754871947,3.9542344635607147
0.05,8.607397374999507e-08,1.6848487983322293e-06,2.0483274102027775,0.25251617754871947,3.9542344635607147
0.05,7.405461237983352e-08,1.6848487983322293e-06,2.356446448368852,0.38700205075989513,3.9542344635607147
0.05,7.405461237983352e-08,1.6848487983322293e-06,2.356446448368852,0.38700205075989513,3.9542344635607147
0.05,7.405461237983352e-08,1.6848487983322293e-06,1.8040307091697176,0.38700205075989513,6.417861940746552
0.05,7.405461237983352e-08,7.572241616634188e-07,1.5774391222647919,0.38700205075989513,6.417861940746552
0.05,6.552145590985655e-08,7.572241616634188e-07,1.5774391222647919,0.38700205075989513,3.4359208367634055
0.05,6.552145590985655e-08,7.572241616634188e-07,1.5774391222647919,0.38700205075989513,3.4359208367634055
0.05,4.999519488978341e-08,7.572241616634188e-07,1.5774391222647919,0.38700205075989513,3.4359208367634055
0.05,4.999519488978341e-08,3.5040213429968917e-06,2.3527259983255293,0.38700205075989513,4.460376645746193
0.05,4.999519488978341e-08,2.6998582120132525e-06,1.5075012261756406,0.4471337315219323,4.460376645746193
0.05,4.999519488978341e-08,2.6998582120132525e-06,1.5075012261756406,0.3097318237543691,4.460376645746193
0.05,6.676940090561211e-08,2.6998582120132525e-06,2.671366277465333,0.4868588277049955,9.112435713646038
0.05,6.933483991660727e-08,2.6998582120132525e-06,2.671366277465333,0.3337008924700845,7.057339809824534
0.05,6.933483991660727e-08,2.6998582120132525e-06,2.671366277465333,0.3337008924700845,7.057339809824534
0.05,6.933483991660727e-08,2.6998582120132525e-06,1.0233514935758223,0.3337008924700845,7.057339809824534
0.05,6.933483991660727e-08,2.6998582120132525e-06,1.0233514935758223,0.3337008924700845,7.057339809824534
0.05,6.57284490610479e-08,2.6998582120132525e-06,1.0233514935758223,0.3337008924700845,7.057339809824534
0.05,6.57284490610479e-08,2.6998582120132525e-06,1.0233514935758223,0.3337008924700845,7.057339809824534
0.05,6.57284490610479e-08,2.6998582120132525e-06,1.0233514935758223,0.3337008924700845,9.047379643623586
0.05,6.57284490610479e-08,2.6998582120132525e-06,1.7180296413993337,0.4548825614748573,9.047379643623586
0.05,7.51230460023195e-08,2.6998582120132525e-06,1.8439225292673198,0.4548825614748573,4.776112044454649
0.05,7.51230460023195e-08,2.6998582120132525e-06,1.8439225292673198,0.3902821350937459,4.776112044454649
0.05,7.51230460023195e-08,2.6998582120132525e-06,1.8439225292673198,0.24397816086624058,4.776112044454649
0.05,7.51230460023195e-08,4.5374689133310395e-06,1.8439225292673198,0.24397816086624058,2.606713331583807
0.05,7.748588733646454e-08,4.5374689133310395e-06,1.9160773243449265,0.24397816086624058,2.606713331583807
0.05,7.748588733646454e-08,4.5374689133310395e-06,1.9160773243449265,0.24397816086624058,2.5935571912720405
0.05,7.748588733646454e-08,4.5374689133310395e-06,1.9160773243449265,0.22251418312399196,2.5935571912720405
0.05,7.748588733646454e-08,2.1190695759038098e-07,1.9160773243449265,0.22251418312399196,2.5935571912720405
0.05,7.748588733646454e-08,2.1190695759038098e-07,1.4302871712146938,0.0529832660445594,2.5935571912720405
0.05,7.748588733646454e-08,4.047958116811381e-06,1.4302871712146938,0.0529832660445594,2.5935571912720405
0.05,7.748588733646454e-08,4.047958116811381e-06,1.4302871712146938,0.2009345908863722,2.5935571912720405
0.05,6.88638499955318e-08,4.047958116811381e-06,1.4302871712146938,0.2009345908863722,3.1413136173045424
0.05,6.88638499955318e-08,4.047958116811381e-06,1.0033523864814846,0.1187001675454814,0.19419759232580283
0.05,6.88638499955318e-08,4.047958116811381e-06,1.5062468365558885,0.09173813812328359,0.19419759232580283
0.05,6.88638499955318e-08,4.047958116811381e-06,2.6004029169127962,0.11039795463112154,0.19419759232580283
0.05,6.88638499955318e-08,4.047958116811381e-06,2.6004029169127962,0.11039795463112154,0.1896495599873929
0.05,6.88638499955318e-08,1.1164297260846714e-06,2.6004029169127962,0.1155658974300402,3.370195852007887
0.05,6.88638499955318e-08,2.8375780618419767e-06,2.6004029169127962,0.1155658974300402,3.370195852007887
0.05,6.88638499955318e-08,2.8375780618419767e-06,1.9570281801729992,0.1155658974300402,0.3508678747531063
0.05,6.88638499955318e-08,3.592482360908651e-06,1.9570281801729992,0.1155658974300402,0.3508678747531063
0.05,6.88638499955318e-08,6.338837945538097e-07,3.998971858759125,0.1155658974300402,0.3508678747531063
0.05,6.88638499955318e-08,6.338837945538097e-07,3.998971858759125,0.1155658974300402,0.3508678747531063
0.05,6.88638499955318e-08,2.1443890504810656e-06,3.998971858759125,0.1155658974300402,0.3508678747531063
0.05,6.88638499955318e-08,2.2391140440553416e-07,2.8118714414702013,0.23604693008394645,0.3508678747531063
0.05,6.88638499955318e-08,7.2247176214740165e-06,2.8118714414702013,0.23604693008394645,0.3508678747531063
0.05,5.311510769591404e-08,5.881957942546728e-07,2.834616560888837,0.23604693008394645,0.4507303133598662
0.05,5.311510769591404e-08,5.881957942546728e-07,2.834616560888837,0.23604693008394645,1.6617566258563745
0.05,5.311510769591404e-08,5.881957942546728e-07,2.834616560888837,0.2503784487774475,1.6617566258563745
0.05,5.311510769591404e-08,5.881957942546728e-07,2.834616560888837,0.19877692659089843,1.6617566258563745
0.05,5.311510769591404e-08,5.881957942546728e-07,2.834616560888837,0.19877692659089843,2.7231711080038763
0.05,5.311510769591404e-08,5.881957942546728e-07,2.312316331490352,0.19877692659089843,2.7231711080038763
0.05,5.311510769591404e-08,1.2554040770567357e-07,1.3134744700895626,0.36164648080844924,2.7231711080038763
0.05,5.7061432574273094e-08,1.7585029086711226e-07,1.3134744700895626,0.15804655109791305,2.7231711080038763
0.05,7.589789807335644e-08,1.8983431423972867e-07,1.184808928477975,0.650754344676792,7.6225559292176905
0.05,7.589789807335644e-08,7.862805987748476e-07,1.3950173883195744,0.37890927505155075,9.008992447108655
0.05,6.943961666339965e-08,7.862805987748476e-07,1.3033648008404262,0.37890927505155075,9.008992447108655
0.05,6.943961666339965e-08,7.862805987748476e-07,1.3033648008404262,0.37890927505155075,9.008992447108655
0.05,6.943961666339965e-08,6.217357400937069e-07,1.3665748552759085,0.37890927505155075,9.008992447108655
0.05,6.943961666339965e-08,1.3108219029929272e-05,1.3665748552759085,0.25101509734114485,1.7135098719046404
0.05,5.204926430406248e-08,1.3108219029929272e-05,1.3665748552759085,0.25101509734114485,1.7135098719046404
0.05,5.632651439346938e-08,1.3108219029929272e-05,1.3665748552759085,0.03403158643669716,1.7135098719046404
0.05,5.632651439346938e-08,1.3108219029929272e-05,1.1556960458740073,0.18551569430862502,0.5499215935841907
0.05,5.632651439346938e-08,1.3108219029929272e-05,1.1556960458740073,0.18551569430862502,0.5499215935841907
0.05,6.119471401957101e-08,9.347950729788931e-06,1.1556960458740073,0.18551569430862502,0.5499215935841907
0.05,6.119471401957101e-08,1.0540281858054617e-05,1.5307147089520061,0.1269906124667996,0.5499215935841907
0.05,6.119471401957101e-08,2.815496867223307e-06,1.5307147089520061,0.1269906124667996,0.5499215935841907
0.05,6.751243672977531e-08,2.853490715232708e-06,1.6637194630114203,0.1269906124667996,0.5499215935841907
0.05,6.751243672977531e-08,5.224755484055952e-06,1.6637194630114203,0.22318128385967992,4.213352732257084
0.05,5.061609616218212e-08,7.097254501674911e-07,1.6637194630114203,0.2758615195248534,4.213352732257084
0.05,7.519890454929427e-08,7.097254501674911e-07,2.3235772784202786,0.27642330343002186,5.985728953789841
0.05,7.519890454929427e-08,7.097254501674911e-07,2.3235772784202786,0.27642330343002186,0.5710733715314289
0.05,7.519890454929427e-08,7.097254501674911e-07,2.3235772784202786,0.27642330343002186,0.9818569829904135
0.05,7.519890454929427e-08,7.097254501674911e-07,2.3235772784202786,0.27642330343002186,0.9818569829904135
0.05,7.519890454929427e-08,7.097254501674911e-07,1.6148239263771582,0.27642330343002186,0.9818569829904135
0.05,7.519890454929427e-08,7.097254501674911e-07,1.6148239263771582,0.27642330343002186,0.9818569829904135
0.05,7.519890454929427e-08,7.097254501674911e-07,1.6148239263771582,0.27642330343002186,3.970293547329859
0.05,7.519890454929427e-08,7.097254501674911e-07,1.6148239263771582,0.27642330343002186,5.298599712216962
0.05,7.519890454929427e-08,7.097254501674911e-07,1.6148239263771582,0.27642330343002186,2.1374194097932304
0.05,7.086584390475776e-08,1.4378901590083352e-06,1.6148239263771582,0.27642330343002186,2.1374194097932304
0.05,5.975074809744764e-08,1.4378901590083352e-06,1.6148239263771582,0.27642330343002186,2.1474634467483327
0.05,5.975074809744764e-08,4.6219377598489015e-06,1.6148239263771582,0.27642330343002186,2.1474634467483327
0.05,5.975074809744764e-08,3.6086834708260666e-06,1.4270500292758186,0.11826022772323486,2.1474634467483327
0.05,5.975074809744764e-08,7.864759464848002e-07,1.4270500292758186,0.11826022772323486,2.1474634467483327
0.05,5.975074809744764e-08,7.864759464848002e-07,2.027863369257905,0.11826022772323486,2.1474634467483327
0.05,5.975074809744764e-08,7.864759464848002e-07,1.128932040470724,0.11826022772323486,2.1474634467483327
0.05,5.975074809744764e-08,7.864759464848002e-07,1.128932040470724,0.11826022772323486,2.093281992758753
0.05,5.975074809744764e-08,4.987640516659469e-06,1.128932040470724,0.11826022772323486,2.093281992758753
0.05,5.975074809744764e-08,4.987640516659469e-06,1.128932040470724,0.11826022772323486,2.7614096916604423
0.05,5.975074809744764e-08,5.642329009493175e-06,1.128932040470724,0.11826022772323486,2.7614096916604423
0.05,5.975074809744764e-08,1.130652667090299e-06,3.1968924421823797,0.29923436875724574,2.7614096916604423
0.05,5.1427753761554035e-08,6.050881183467723e-06,3.1968924421823797,0.2479044454229098,2.7614096916604423
0.05,4.3129810424844326e-08,3.270759538932633e-07,3.188904410794184,0.2088432921948749,2.7614096916604423
0.05,4.3129810424844326e-08,3.008360051571964e-07,3.188904410794184,0.2088432921948749,1.627250793672521
0.05,4.3129810424844326e-08,3.008360051571964e-07,3.188904410794184,0.2088432921948749,2.947965220946989
0.05,8.83289917902497e-08,3.759012413314636e-07,2.775990358517524,0.2088432921948749,0.10998925882458221
0.05,8.624884184806876e-08,3.759012413314636e-07,2.775990358517524,0.29454123423514134,0.10998925882458221
0.05,8.624884184806876e-08,9.747423711937111e-08,2.775990358517524,0.2954114008139087,1.4011295594861881
0.05,8.624884184806876e-08,9.747423711937111e-08,1.9266400290970298,0.2954114008139087,1.4011295594861881
0.05,8.624884184806876e-08,9.747423711937111e-08,2.147131664714607,0.3261644114652218,1.037110564148368
0.05,8.624884184806876e-08,9.747423711937111e-08,2.147131664714607,0.3261644114652218,1.037110564148368
0.05,6.799057904729927e-08,9.747423711937111e-08,2.147131664714607,0.18860940965225131,1.037110564148368
0.05,6.799057904729927e-08,2.3569729827576234e-07,2.147131664714607,0.18860940965225131,1.037110564148368
0.05,6.799057904729927e-08,1.370657377294295e-07,2.147131664714607,0.18434688769301538,1.037110564148368
0.05,6.799057904729927e-08,1.2970262087965913e-07,2.4529182914704046,0.18434688769301538,1.3347536925720804
0.05,6.799057904729927e-08,1.0231366040750928e-05,2.4529182914704046,0.18434688769301538,1.3347536925720804
0.05,6.799057904729927e-08,3.5370361596041197e-06,2.4529182914704046,0.08217291473254096,2.6374785358021273
0.05,6.799057904729927e-08,2.846528012507024e-06,2.4529182914704046,0.08217291473254096,1.0801257446344144
0.05,6.799057904729927e-08,2.846528012507024e-06,2.4529182914704046,0.08217291473254096,1.0801257446344144
0.05,6.799057904729927e-08,7.450777408694195e-07,2.4529182914704046,0.06377908065916431,1.0801257446344144
0.05,6.799057904729927e-08,1.5753177115015703e-06,2.4165318015705735,0.06377908065916431,1.0801257446344144
0.05,6.799057904729927e-08,2.2359851323900245e-06,2.4165318015705735,0.06377908065916431,0.16030494745427443
0.05,6.799057904729927e-08,2.2359851323900245e-06,1.0289140492221516,0.07027162491288591,0.8564880211761373
0.05,6.799057904729927e-08,2.2359851323900245e-06,1.054678803967554,0.07027162491288591,8.25048020023491
0.05,6.799057904729927e-08,6.434649085334909e-07,1.054678803967554,0.07027162491288591,8.25048020023491
0.05,6.799057904729927e-08,4.218418356161413e-07,1.054678803967554,0.07027162491288591,0.17089697653079888
0.05,6.799057904729927e-08,4.218418356161413e-07,1.054678803967554,0.29085215061105163,6.850841583399319
0.05,6.799057904729927e-08,4.218418356161413e-07,1.054678803967554,0.03144431254996481,6.850841583399319
0.05,5.783080150056493e-08,4.218418356161413e-07,1.541279172847886,0.11320292697575506,2.692447849154862
0.05,5.783080150056493e-08,4.218418356161413e-07,1.6074921529386552,0.36259942833038417,6.523369933984048
0.05,5.783080150056493e-08,4.218418356161413e-07,1.6074921529386552,0.36259942833038417,6.523369933984048
0.05,6.117302446873057e-08,4.218418356161413e-07,1.5647112226126905,0.36259942833038417,6.523369933984048
0.05,6.117302446873057e-08,3.9219121773187064e-06,1.5647112226126905,0.36259942833038417,6.523369933984048
0.05,6.117302446873057e-08,3.9219121773187064e-06,1.5647112226126905,0.36259942833038417,6.523369933984048
0.05,6.117302446873057e-08,1.2818241642291874e-06,1.5647112226126905,0.36259942833038417,6.523369933984048
0.05,6.117302446873057e-08,1.2818241642291874e-06,1.5647112226126905,0.1803758437686062,6.523369933984048
0.05,6.117302446873057e-08,1.2818241642291874e-06,1.5647112226126905,0.16251907360469034,7.957926560382167
0.05,6.117302446873057e-08,1.2818241642291874e-06,1.072524905611942,0.22507648163449206,7.957926560382167
0.05,6.117302446873057e-08,2.5007210416588112e-06,1.072524905611942,0.6561564604512792,7.957926560382167
0.05,4.6501128086750416e-08,2.5007210416588112e-06,1.072524905611942,0.6459231450265666,7.957926560382167
0.05,4.6501128086750416e-08,2.5007210416588112e-06,1.072524905611942,0.6459231450265666,7.957926560382167
0.05,4.6501128086750416e-08,2.5007210416588112e-06,0.6939758977266354,0.6459231450265666,9.137950198957137
0.05,6.934286036962285e-08,2.5007210416588112e-06,0.6939758977266354,0.6858050850259595,9.241956191499014
0.05,6.934286036962285e-08,1.6888444261910365e-06,0.6939758977266354,0.6858050850259595,9.241956191499014
0.05,6.934286036962285e-08,1.4435627031587238e-06,0.6939758977266354,0.30667311504868133,9.241956191499014
0.05,6.823836402566358e-08,1.4435627031587238e-06,2.102196274726555,0.30667311504868133,9.241956191499014
0.05,6.823836402566358e-08,1.4435627031587238e-06,2.102196274726555,0.5157724753411604,9.241956191499014
0.05,6.823836402566358e-08,2.1006188202085e-06,2.1494551030468116,0.49779128914965687,9.241956191499014
0.05,6.823836402566358e-08,9.815274939438958e-07,2.1494551030468116,0.49779128914965687,9.241956191499014
0.05,6.823836402566358e-08,9.815274939438958e-07,2.1494551030468116,0.4485775776438064,9.134444295818742
0.05,6.823836402566358e-08,9.815274939438958e-07,2.087975534162936,0.4485775776438064,3.022122033058143
0.05,5.877454079096249e-08,1.1937599168778262e-06,1.437059292837295,0.47621971469496394,8.240874687027478
0.05,5.877454079096249e-08,1.4821386146844889e-06,1.9494505174873216,0.47621971469496394,9.574709730943663
0.05,5.877454079096249e-08,2.2439673140103712e-07,1.9494505174873216,0.47621971469496394,9.574709730943663
0.05,5.08457655988094e-08,1.0910771835531127e-06,1.9494505174873216,0.441584470485464,9.574709730943663
0.05,5.08457655988094e-08,6.257318788705312e-06,2.1746546908697892,0.441584470485464,2.0564775083686153
0.05,5.08457655988094e-08,8.49381118404831e-07,1.8635685815757206,0.36532699728210244,2.0564775083686153
0.05,5.08457655988094e-08,1.697593504396942e-06,1.8635685815757206,0.1833120570943404,4.383267969355477
0.05,5.08457655988094e-08,1.697593504396942e-06,1.8635685815757206,0.1833120570943404,4.383267969355477
0.05,5.08457655988094e-08,1.697593504396942e-06,2.0167100949796497,0.43389017827460435,4.383267969355477
0.05,5.08457655988094e-08,1.697593504396942e-06,2.0167100949796497,0.43389017827460435,4.383267969355477
0.05,5.08457655988094e-08,1.697593504396942e-06,1.226786828235747,0.43389017827460435,4.383267969355477
0.05,5.08457655988094e-08,1.697593504396942e-06,1.226786828235747,0.43389017827460435,2.027170399540414
0.05,5.08457655988094e-08,1.697593504396942e-06,1.226786828235747,0.43389017827460435,2.027170399540414
0.05,5.08457655988094e-08,1.697593504396942e-06,1.226786828235747,0.43389017827460435,2.027170399540414
0.05,4.297922909860806e-08,1.697593504396942e-06,1.8651334559388117,0.20120249031906848,3.3161168214694543
0.05,4.297922909860806e-08,1.697593504396942e-06,3.644591466136898,0.20854238365794148,3.3161168214694543
0.05,4.297922909860806e-08,1.697593504396942e-06,3.644591466136898,0.20854238365794148,0.6162806256125254
0.05,4.297922909860806e-08,1.697593504396942e-06,3.644591466136898,0.20854238365794148,0.6162806256125254
0.05,4.297922909860806e-08,7.200938292448476e-06,3.644591466136898,0.20854238365794148,0.7481007996483957
0.05,4.297922909860806e-08,8.111623362870488e-07,3.644591466136898,0.20854238365794148,0.7481007996483957
0.05,4.297922909860806e-08,3.7670284664205076e-06,3.644591466136898,0.16461237271278162,1.2012810631396273
0.05,4.297922909860806e-08,3.7670284664205076e-06,2.8062170661400465,0.16461237271278162,1.2012810631396273
0.05,4.297922909860806e-08,5.060489273282978e-06,1.7102058353048384,0.16461237271278162,1.2012810631396273
0.05,4.297922909860806e-08,5.060489273282978e-06,1.7102058353048384,0.14576701167765999,1.2012810631396273
0.05,4.297922909860806e-08,1.4486398544331766e-06,1.7102058353048384,0.14576701167765999,1.2012810631396273
0.05,6.754239366809069e-08,9.38574848690274e-07,1.7102058353048384,0.1864132403208068,6.092504337120919
0.05,6.754239366809069e-08,1.942333045888929e-06,1.7102058353048384,0.12378443453458421,3.4989998016215633
0.05,6.754239366809069e-08,1.942333045888929e-06,1.7102058353048384,0.12378443453458421,3.4989998016215633
0.05,6.754239366809069e-08,1.942333045888929e-06,1.7102058353048384,0.0957520789969735,0.45140075890744924
0.05,6.754239366809069e-08,7.066502105500285e-07,1.0577999057914171,0.051083166006410476,2.475828974223692
0.05,6.754239366809069e-08,4.6907436937770695e-06,2.7586154826840663,0.3353666440569187,4.553521164836488
0.05,6.754239366809069e-08,4.6907436937770695e-06,1.5107734354355473,0.3353666440569187,4.553521164836488
0.05,6.754239366809069e-08,7.017712697609725e-07,1.7342575360401933,0.3353666440569187,8.584253776283424
0.05,7.83447728045744e-08,7.017712697609725e-07,1.7342575360401933,0.3353666440569187,1.249300881556871
0.05,6.552312615762339e-08,6.727448538227195e-08,1.7342575360401933,0.3353666440569187,2.3029989639098534
0.05,6.552312615762339e-08,6.727448538227195e-08,2.279501000638578,0.3353666440569187,2.3029989639098534
0.05,6.552312615762339e-08,6.727448538227195e-08,2.279501000638578,0.3353666440569187,2.3029989639098534
0.05,6.552312615762339e-08,1.5652647305314996e-08,2.279501000638578,0.3353666440569187,2.3029989639098534
0.05,6.552312615762339e-08,2.4815820577068523e-07,2.158183961935235,0.31963005234040465,2.3029989639098534
0.05,6.552312615762339e-08,1.207809332988196e-07,2.158183961935235,0.31963005234040465,1.324685696588398
0.05,5.8202509567475163e-08,1.207809332988196e-07,2.158183961935235,0.31963005234040465,0.5237893297574041
0.05,5.8202509567475163e-08,9.245180220058068e-08,2.158183961935235,0.31963005234040465,0.5237893297574041
0.05,5.8202509567475163e-08,9.245180220058068e-08,2.3980124859659777,0.31963005234040465,8.349256891338984
0.05,5.8202509567475163e-08,9.245180220058068e-08,2.4026882089513415,0.31963005234040465,8.349256891338984
0.05,5.8202509567475163e-08,1.850642034635789e-07,3.5968834914198085,0.15350282811868327,0.48380307865854455
0.05,5.8202509567475163e-08,1.850642034635789e-07,3.4019479632379386,0.15350282811868327,0.48380307865854455
0.05,5.8202509567475163e-08,1.850642034635789e-07,1.927625402127417,0.18194233147954958,0.48380307865854455
0.05,5.8202509567475163e-08,1.850642034635789e-07,3.185609091766228,0.0488546231019696,0.48380307865854455
0.05,7.767222619552226e-08,1.5264875689866987e-07,3.185609091766228,0.0488546231019696,0.48380307865854455
0.05,7.767222619552226e-08,1.5264875689866987e-07,2.966644728989995,0.2759008820704024,0.48380307865854455
0.05,7.767222619552226e-08,1.5264875689866987e-07,2.966644728989995,0.2759008820704024,0.48380307865854455
0.05,7.767222619552226e-08,1.5264875689866987e-07,2.966644728989995,0.2759008820704024,0.5632095958913399
0.05,7.767222619552226e-08,2.0477795889316804e-07,2.966644728989995,0.2759008820704024,1.1551277293329745
0.05,7.767222619552226e-08,1.983603230559043e-08,1.5464347349376713,0.2759008820704024,0.158545144770656
0.05,7.767222619552226e-08,1.705823842191302e-07,1.5464347349376713,0.0918346917363203,0.158545144770656
0.05,7.767222619552226e-08,1.705823842191302e-07,1.5443414234061366,0.1293974319008142,0.158545144770656
0.05,7.767222619552226e-08,1.705823842191302e-07,1.335983332322264,0.05412621373406654,0.07831187306096427
0.05,7.767222619552226e-08,1.074922862019944e-06,2.2083732569910213,0.021226561754071796,0.38711970554150366
0.05,7.767222619552226e-08,2.084107269285365e-06,2.2083732569910213,0.2232588610427554,0.38711970554150366
0.05,7.767222619552226e-08,2.084107269285365e-06,2.2083732569910213,0.1927026319699965,0.38711970554150366
0.05,7.767222619552226e-08,2.084107269285365e-06,2.82726734933618,0.1927026319699965,0.38711970554150366
0.05,7.039951340241751e-08,2.084107269285365e-06,2.82726734933618,0.1927026319699965,0.38711970554150366
0.05,7.039951340241751e-08,1.0313259707993825e-07,2.82726734933618,0.1927026319699965,0.10210703791920761
0.05,7.039951340241751e-08,1.0313259707993825e-07,2.82726734933618,0.1927026319699965,0.01073264733390089
0.05,6.901623581361294e-08,1.0313259707993825e-07,2.82726734933618,0.1927026319699965,0.0133317680671065
0.05,6.283225167745867e-08,8.4794279656611e-06,2.243727319900493,0.15509231362493378,0.0133317680671065
0.05,6.283225167745867e-08,1.0414865274369795e-06,1.5829335514666185,0.15486242676237913,0.034704314653707956
0.05,6.283225167745867e-08,1.0414865274369795e-06,1.918380232125083,0.15486242676237913,0.034704314653707956
0.05,7.577110638523114e-08,4.445509555878893e-07,1.918380232125083,0.15486242676237913,0.0774847484617516
0.05,7.577110638523114e-08,3.099380569830417e-07,1.918380232125083,0.11547204189722274,0.03068510037615646
0.05,7.577110638523114e-08,9.56900474140414e-07,2.1001624614613545,0.11547204189722274,2.1896371067103115
0.05,7.577110638523114e-08,9.56900474140414e-07,2.981400061793296,0.25020945546790696,0.6124986182315943
0.05,7.577110638523114e-08,1.218644899733143e-06,3.8725573582285975,0.25020945546790696,0.7226244927674074
0.05,7.577110638523114e-08,1.325156048181723e-06,3.8725573582285975,0.25020945546790696,0.7226244927674074
0.05,7.577110638523114e-08,1.325156048181723e-06,3.8725573582285975,0.323118093410173,0.12853666146805637
0.05,7.577110638523114e-08,1.325156048181723e-06,3.8725573582285975,0.323118093410173,1.8308423717256683
0.05,7.577110638523114e-08,1.325156048181723e-06,3.8725573582285975,0.3850910646860686,1.8308423717256683
0.05,6.728768661795786e-08,1.325156048181723e-06,2.20117898886411,0.19413970561935662,1.8308423717256683
0.05,6.728768661795786e-08,3.91350608788896e-06,2.20117898886411,0.19413970561935662,1.8308423717256683
0.05,6.728768661795786e-08,3.91350608788896e-06,1.7357664561625408,0.24560127010392313,0.21492050598187695
0.05,6.728768661795786e-08,3.91350608788896e-06,1.7357664561625408,0.24560127010392313,0.21492050598187695
0.05,6.728768661795786e-08,9.116495679265952e-06,1.8990943410927994,0.24560127010392313,0.6400211792255205
0.05,6.728768661795786e-08,1.3731869255878313e-06,2.9514338981003934,0.2483792535283784,0.6400211792255205
0.05,5.315899191319216e-08,1.9607808382581528e-07,2.9514338981003934,0.2483792535283784,0.6400211792255205
0.05,5.315899191319216e-08,1.9607808382581528e-07,2.9514338981003934,0.2483792535283784,1.2699814731919392
0.05,5.315899191319216e-08,1.3490491846190483e-06,1.3151325314775206,0.2483792535283784,1.2699814731919392
0.05,5.315899191319216e-08,1.3490491846190483e-06,1.9648278436306112,0.4341001634190596,1.2699814731919392
0.05,5.315899191319216e-08,1.3490491846190483e-06,2.0102233771811058,0.4341001634190596,6.887941785490962
0.05,5.315899191319216e-08,1.3490491846190483e-06,2.0102233771811058,0.4153560298443963,9.784889048811888
0.05,4.372392238692376e-08,2.4115854750931087e-06,2.0102233771811058,0.4153560298443963,6.449799862379231
0.05,5.277155199730643e-08,5.039530161904394e-07,2.1714159645794875,0.5133976148344278,6.223685846814469
0.05,5.277155199730643e-08,3.5669712129919824e-06,0.8877569756063598,0.2326309518886789,6.223685846814469
0.05,5.277155199730643e-08,3.5669712129919824e-06,0.5401875756439568,0.2607910783959041,6.223685846814469
0.05,5.277155199730643e-08,3.5669712129919824e-06,1.074771628450371,0.2607910783959041,8.35962410016215
0.05,6.535293329797335e-08,3.5669712129919824e-06,1.074771628450371,0.15956610140820054,8.35962410016215
0.05,6.535293329797335e-08,3.5669712129919824e-06,2.31998155619289,0.03852666373095567,4.068465845734906
0.05,6.535293329797335e-08,3.5669712129919824e-06,2.06158723336143,0.5640008102859047,3.9604570538117163
0.05,4.998285373417029e-08,3.5669712129919824e-06,2.06158723336143,0.5415494416712993,3.9604570538117163
0.05,4.998285373417029e-08,3.5669712129919824e-06,1.1984965601178386,0.5415494416712993,4.6568514274997455
0.05,4.998285373417029e-08,3.606878114702163e-06,1.1984965601178386,0.5415494416712993,5.842294834489014
0.05,4.696360084196651e-08,3.606878114702163e-06,1.1984965601178386,0.35183935322947624,7.451130687930355
0.05,4.696360084196651e-08,3.606878114702163e-06,2.1756572625264434,0.23966544902319475,7.451130687930355
0.05,4.696360084196651e-08,3.606878114702163e-06,0.9645498727030771,0.23966544902319475,7.620313994842078
0.05,4.696360084196651e-08,1.6967264085699086e-06,0.9645498727030771,0.23966544902319475,7.778584786289292
0.05,5.391238785541508e-08,1.6967264085699086e-06,0.9645498727030771,0.23966544902319475,7.778584786289292
0.05,6.496941940355972e-08,3.0875006128092453e-06,1.0870095456949374,0.18720391468892356,4.957242309356362
0.05,6.496941940355972e-08,3.0875006128092453e-06,1.204896332564259,0.37899488193658176,4.957242309356362
0.05,6.496941940355972e-08,3.0875006128092453e-06,1.204896332564259,0.37899488193658176,9.786901917426595
0.05,6.496941940355972e-08,3.0875006128092453e-06,1.204896332564259,0.37899488193658176,9.786901917426595
0.05,6.496941940355972e-08,5.959370970069089e-07,1.204896332564259,0.06415225907090191,1.6341115385087406
0.05,6.496941940355972e-08,5.959370970069089e-07,1.2042882664454266,0.3783938057340822,1.6341115385087406
0.05,6.496941940355972e-08,6.773854332091691e-07,1.2042882664454266,0.3783938057340822,9.750560768159186
0.05,6.496941940355972e-08,2.3627050724959948e-07,0.8187412341717238,0.4329494327872755,9.634788588243206
0.05,6.496941940355972e-08,2.3627050724959948e-07,0.8187412341717238,0.4329494327872755,9.602450431208688
0.05,6.496941940355972e-08,2.3627050724959948e-07,0.8187412341717238,0.4329494327872755,9.602450431208688
0.05,6.496941940355972e-08,2.3627050724959948e-07,1.0374995025869458,0.4329494327872755,9.602450431208688
0.05,6.496941940355972e-08,2.644686203256402e-09,1.0374995025869458,0.4329494327872755,9.602450431208688
0.05,5.523183923733469e-08,2.2241680525612668e-07,0.9432472920241354,0.4329494327872755,9.602450431208688
0.05,5.523183923733469e-08,2.320888454839762e-06,0.9432472920241354,0.4329494327872755,9.602450431208688
0.05,5.498825252596463e-08,1.4792690260114022e-06,0.9145880329737345,0.5565251629836103,9.602450431208688
0.05,5.498825252596463e-08,1.4792690260114022e-06,0.9145880329737345,0.5565251629836103,9.602450431208688
0.05,5.498825252596463e-08,7.025987326303742e-08,0.7689576152288475,0.2721718430478804,6.954396734433784
0.05,5.498825252596463e-08,7.866975550691041e-08,0.7689576152288475,0.3185319913846046,6.954396734433784
0.05,5.498825252596463e-08,7.866975550691041e-08,2.3671129821716335,0.18999319328573208,6.024944868018922
0.05,5.498825252596463e-08,4.061783982664638e-08,2.516310300804654,0.18999319328573208,5.264836783737596
0.05,5.498825252596463e-08,2.21937154953358e-08,2.516310300804654,0.22292112249362475,5.264836783737596
0.05,5.069924182444376e-08,2.21937154953358e-08,2.516310300804654,0.17082340063179788,5.264836783737596
0.05,5.069924182444376e-08,2.21937154953358e-08,2.516310300804654,0.17082340063179788,4.346155207957799
0.05,8.810814756779039e-08,2.21937154953358e-08,1.2521475732388523,0.17082340063179788,4.346155207957799
0.05,8.810814756779039e-08,2.21937154953358e-08,1.2521475732388523,0.17082340063179788,4.346155207957799
0.05,8.810814756779039e-08,2.21937154953358e-08,1.2521475732388523,0.4530812043115478,4.346155207957799
0.05,8.810814756779039e-08,2.21937154953358e-08,1.2521475732388523,0.39885730636750166,5.3436133839461615
0.05,8.810814756779039e-08,2.21937154953358e-08,0.7859488808111069,0.39885730636750166,5.3436133839461615
0.05,7.29837679209852e-08,3.0613782948168066e-07,3.092791773467633,0.39885730636750166,5.3436133839461615
0.05,7.29837679209852e-08,3.0613782948168066e-07,3.092791773467633,0.30148253495826993,4.2680381923428845
0.05,7.29837679209852e-08,6.346007600882341e-07,2.6285480613298278,0.26455552178360753,0.5495542898553036
0.05,7.29837679209852e-08,6.346007600882341e-07,2.6285480613298278,0.26455552178360753,0.5495542898553036
0.05,7.29837679209852e-08,1.7544598732777155e-06,2.6285480613298278,0.26455552178360753,1.7840879879433458
0.05,7.29837679209852e-08,1.7544598732777155e-06,3.537346462664556,0.28140492288253444,1.1766397622916644
0.05,7.29837679209852e-08,1.7544598732777155e-06,3.537346462664556,0.28140492288253444,1.1766397622916644
0.05,7.29837679209852e-08,1.7544598732777155e-06,3.0109362458377293,0.10913049247125578,1.1766397622916644
0.05,7.29837679209852e-08,1.7544598732777155e-06,1.1900642252955664,0.10913049247125578,1.1766397622916644
0.05,6.178059057206039e-08,8.744925484602928e-08,2.243055839994575,0.10913049247125578,1.1766397622916644
0.05,6.178059057206039e-08,8.744925484602928e-08,2.243055839994575,0.10913049247125578,1.1766397622916644
0.05,6.178059057206039e-08,8.744925484602928e-08,2.243055839994575,0.14247576830458947,0.7345497471241378
0.05,6.178059057206039e-08,1.3145715519331925e-07,2.29889340957772,0.0953093469942095,0.7345497471241378
0.05,6.178059057206039e-08,1.307442631534037e-06,2.29889340957772,0.12673045615440756,0.7345497471241378
0.05,6.178059057206039e-08,9.94763472437432e-07,2.29889340957772,0.12673045615440756,0.7345497471241378
0.05,7.89729929761842e-08,9.94763472437432e-07,2.29889340957772,0.13123969023260731,0.7345497471241378
0.05,6.007546762154117e-08,9.94763472437432e-07,2.29889340957772,0.13123969023260731,0.7345497471241378
0.05,6.007546762154117e-08,9.94763472437432e-07,2.29889340957772,0.13123969023260731,0.7345497471241378
0.05,6.007546762154117e-08,9.94763472437432e-07,2.29889340957772,0.3064050148384272,0.7345497471241378
0.05,6.375087720860012e-08,9.94763472437432e-07,1.1996481853008887,0.31328096833453833,4.278769141665839
0.05,6.375087720860012e-08,9.94763472437432e-07,0.8937734436127207,0.3941895431901022,4.278769141665839
0.05,6.375087720860012e-08,2.5440524822113255e-06,0.8937734436127207,0.24588582062173772,9.76683663385019
0.05,6.375087720860012e-08,2.5440524822113255e-06,1.237222062676046,0.24588582062173772,9.033921061355505
0.05,6.35647119579636e-08,8.396520679819423e-07,1.237222062676046,0.39103611277306644,9.033921061355505
0.05,6.35647119579636e-08,8.396520679819423e-07,1.237222062676046,0.39103611277306644,8.553237501101181
0.05,6.35647119579636e-08,8.396520679819423e-07,1.4742054778114668,0.39103611277306644,9.874490871471561
0.05,6.746093925560154e-08,8.396520679819423e-07,0.9830631282248878,0.39103611277306644,9.598879230261348
0.05,6.746093925560154e-08,8.396520679819423e-07,1.337767327156926,0.4271530268750245,2.030008397938857
0.05,6.746093925560154e-08,8.396520679819423e-07,1.389183924413814,0.4271530268750245,2.030008397938857
0.05,6.746093925560154e-08,8.396520679819423e-07,2.728314844133513,0.4271530268750245,1.6456662668728215
0.05,6.746093925560154e-08,7.442034952242875e-07,2.701367196048832,0.4274916560462201,5.055303729400848
0.05,6.746093925560154e-08,2.863395080970054e-06,2.701367196048832,0.4274916560462201,5.055303729400848
0.05,6.746093925560154e-08,2.863395080970054e-06,2.3784889309199757,0.4274916560462201,5.055303729400848
0.05,6.746093925560154e-08,1.0731504701723528e-06,1.3922047645213773,0.4274916560462201,5.055303729400848
0.05,6.746093925560154e-08,1.0731504701723528e-06,1.3922047645213773,0.2131260475103763,4.033376063907628
0.05,6.746093925560154e-08,1.0731504701723528e-06,1.3922047645213773,0.2131260475103763,4.033376063907628
0.05,6.746093925560154e-08,7.566116846825649e-07,3.5447286865370993,0.294867069914392,1.4880114004986813
0.05,6.097965022158432e-08,7.566116846825649e-07,1.4828295391357678,0.294867069914392,1.4880114004986813
0.05,6.097965022158432e-08,4.420966440321852e-07,1.4132648621953265,0.294867069914392,5.934069603683718
0.05,6.097965022158432e-08,2.849212679211818e-07,2.7047261020999103,0.294867069914392,3.1976157586129177
0.05,6.097965022158432e-08,2.849212679211818e-07,2.7047261020999103,0.294867069914392,3.1976157586129177
0.05,6.097965022158432e-08,2.849212679211818e-07,2.7047261020999103,0.294867069914392,5.277861878684881
0.05,6.097965022158432e-08,3.0060774577230055e-06,2.7047261020999103,0.294867069914392,3.9099593216588917
0.05,8.998627814435178e-08,3.0060774577230055e-06,2.7047261020999103,0.36803442869964603,3.9099593216588917
0.05,8.998627814435178e-08,3.0060774577230055e-06,2.7047261020999103,0.36803442869964603,3.9099593216588917
0.05,8.998627814435178e-08,3.1559706607771737e-06,2.7047261020999103,0.2863307751329006,6.33351431299769
0.05,8.998627814435178e-08,3.1559706607771737e-06,1.0940265183843898,0.44960350796499426,6.33351431299769
0.05,8.998627814435178e-08,3.1559706607771737e-06,1.0940265183843898,0.15812076966835922,6.33351431299769
0.05,5.8283829413451243e-08,3.1559706607771737e-06,1.0940265183843898,0.15812076966835922,6.015102026605942
0.05,5.8283829413451243e-08,3.1559706607771737e-06,1.1063363025640796,0.19518296107756003,5.510284670804284
0.05,5.8283829413451243e-08,2.2109090851832633e-06,1.1063363025640796,0.19518296107756003,5.510284670804284
0.05,5.8283829413451243e-08,2.2109090851832633e-06,1.905464931676192,0.5203396042927052,5.510284670804284
0.05,5.8283829413451243e-08,2.2109090851832633e-06,2.2520884484931107,0.5203396042927052,5.510284670804284
0.05,5.8283829413451243e-08,2.2109090851832633e-06,1.5487392141630016,0.5203396042927052,5.510284670804284
0.05,7.627422610140987e-08,3.99323784259587e-08,1.5487392141630016,0.5203396042927052,5.510284670804284
0.05,7.627422610140987e-08,3.99323784259587e-08,2.2235140521222942,0.4848515419219552,5.510284670804284
0.05,7.627422610140987e-08,3.99323784259587e-08,1.1005242522379446,0.4848515419219552,5.510284670804284
0.05,7.627422610140987e-08,3.99323784259587e-08,1.297430235496044,0.4848515419219552,5.510284670804284
0.05,7.627422610140987e-08,3.99323784259587e-08,1.3467862486065416,0.4848515419219552,5.510284670804284
0.05,7.627422610140987e-08,4.79983153573167e-07,1.3467862486065416,0.6134166805054908,5.510284670804284
0.05,7.627422610140987e-08,4.79983153573167e-07,1.8418618956223287,0.46123716751568583,5.510284670804284
0.05,7.627422610140987e-08,4.79983153573167e-07,1.8418618956223287,0.46123716751568583,5.510284670804284
0.05,7.627422610140987e-08,7.379053723895007e-07,2.198151694137554,0.40820611567346937,5.558058723918573
0.05,7.627422610140987e-08,7.379053723895007e-07,2.198151694137554,0.40820611567346937,6.266693419733519
0.05,7.627422610140987e-08,7.379053723895007e-07,2.198151694137554,0.40820611567346937,6.266693419733519
0.05,7.627422610140987e-08,8.557157333582287e-07,2.198151694137554,0.4683898578571144,6.266693419733519
0.05,7.627422610140987e-08,8.557157333582287e-07,1.6309721524751983,0.4683898578571144,6.266693419733519
0.05,7.627422610140987e-08,3.2920713291544784e-07,1.6309721524751983,0.5276392529107871,6.266693419733519
0.05,7.627422610140987e-08,3.2920713291544784e-07,1.6309721524751983,0.5276392529107871,6.266693419733519
0.05,7.627422610140987e-08,8.279949647896227e-07,1.6309721524751983,0.5276392529107871,4.431065119089841
0.05,7.627422610140987e-08,2.855947931286062e-07,2.3315657047920744,0.5276392529107871,4.431065119089841
0.05,7.668827868578831e-08,1.8507333594642934e-06,1.785001468883862,0.5276392529107871,4.431065119089841
0.05,7.668827868578831e-08,1.8507333594642934e-06,1.785001468883862,0.34930270513398687,4.431065119089841
0.05,8.252732299218128e-08,5.572220976542784e-07,1.7487392129019645,0.34930270513398687,4.303642067798758
0.05,4.5425356607998124e-08,5.572220976542784e-07,1.7487392129019645,0.34930270513398687,3.6985096562444713
0.05,7.432141737466115e-08,5.572220976542784e-07,1.7487392129019645,0.34930270513398687,3.6985096562444713
0.05,7.432141737466115e-08,7.632487164343504e-07,1.3760884043134567,0.34930270513398687,3.6985096562444713
0.05,7.432141737466115e-08,4.974372882717216e-06,1.3760884043134567,0.34930270513398687,3.6985096562444713
0.05,7.432141737466115e-08,4.974372882717216e-06,1.3760884043134567,0.34930270513398687,3.6985096562444713
0.05,7.11114015370684e-08,4.974372882717216e-06,1.3760884043134567,0.34930270513398687,0.9610250423369484
0.05,7.11114015370684e-08,4.624194828232785e-06,2.0998166537694747,0.23660063805595885,0.9610250423369484
0.05,7.11114015370684e-08,4.624194828232785e-06,3.9837778018134884,0.23660063805595885,0.9610250423369484
0.05,7.11114015370684e-08,2.417511846761078e-07,3.9837778018134884,0.23660063805595885,0.9610250423369484
0.05,7.11114015370684e-08,5.810125467146235e-08,3.9837778018134884,0.23660063805595885,0.9610250423369484
0.05,7.11114015370684e-08,1.1801890560658005e-08,2.0280961725719884,0.23660063805595885,0.9610250423369484
0.05,7.11114015370684e-08,1.7553231146298323e-06,4.444161283080149,0.17437859019984125,0.9610250423369484
0.05,4.7373601223469566e-08,1.7553231146298323e-06,4.444161283080149,0.17437859019984125,0.9610250423369484
0.05,4.871174649977454e-08,1.7553231146298323e-06,2.5864029391987176,0.12930335085334205,0.06606049363615035
0.05,4.871174649977454e-08,1.3526979665377215e-06,2.5864029391987176,0.1745407510212822,0.17699812507880178
0.05,4.8756119730770606e-08,1.3526979665377215e-06,1.9048344406224993,0.11980344493070248,0.7815247197827073
0.05,5.117358826085082e-08,5.32610816350402e-07,2.5486526921339223,0.08149460646999669,0.7815247197827073
0.05,8.367277512928902e-08,5.32610816350402e-07,2.5486526921339223,0.11924758285723754,0.7815247197827073
0.05,6.387807319625453e-08,1.2776374655200897e-07,2.5486526921339223,0.14946463395610457,0.7815247197827073
0.05,6.387807319625453e-08,1.2776374655200897e-07,2.5486526921339223,0.14946463395610457,0.6077148948199322
0.05,6.387807319625453e-08,1.2776374655200897e-07,2.3025360755637827,0.14946463395610457,0.6077148948199322
0.05,6.246111419124067e-08,2.5263920183820134e-07,2.5745715487205407,0.2935876205468776,0.6077148948199322
0.05,6.246111419124067e-08,2.5263920183820134e-07,2.5745715487205407,0.2935876205468776,0.9970171707428608
0.05,6.246111419124067e-08,2.5263920183820134e-07,2.5745715487205407,0.2455826944720858,0.9970171707428608
0.05,6.246111419124067e-08,6.745695985262246e-07,1.6670667394267276,0.2432222463857592,0.9970171707428608
0.05,5.2011261684153655e-08,6.745695985262246e-07,2.354977472629381,0.2432222463857592,4.117663849815341
0.05,5.2011261684153655e-08,5.45813846509472e-07,2.354977472629381,0.19531747185027049,4.798172418109981
0.05,5.2011261684153655e-08,1.5453467750882204e-06,1.6647243642311407,0.28758391809340184,4.231989588129407
0.05,5.2011261684153655e-08,1.5453467750882204e-06,1.6647243642311407,0.28758391809340184,4.231989588129407
0.05,8.885436071873075e-08,4.1297608390749814e-07,1.6647243642311407,0.28758391809340184,4.231989588129407
0.05,8.885436071873075e-08,1.6517613183207791e-07,1.6647243642311407,0.14721776094450564,1.3027491980709045
0.05,8.885436071873075e-08,1.6517613183207791e-07,1.6647243642311407,0.2585909175442918,1.3027491980709045
0.05,6.250327155249066e-08,3.1655837758311468e-06,3.4215168257039648,0.2585909175442918,0.8172078191381185
0.05,6.250327155249066e-08,3.1655837758311468e-06,2.383936536455655,0.2585909175442918,0.5218942282964809
0.05,6.250327155249066e-08,3.1655837758311468e-06,2.383936536455655,0.2585909175442918,0.5218942282964809
0.05,6.250327155249066e-08,3.1655837758311468e-06,2.44020817311734,0.2585909175442918,4.920841546865003
0.05,6.250327155249066e-08,3.1655837758311468e-06,3.768750806183601,0.2585909175442918,0.19151083286746862
0.05,4.4217494301951136e-08,3.1655837758311468e-06,3.768750806183601,0.2585909175442918,0.19151083286746862
0.05,8.770774175471081e-08,3.1655837758311468e-06,1.897344331524806,0.2616856262572513,0.19151083286746862
0.05,7.950098584505367e-08,3.1655837758311468e-06,2.330016553673895,0.2616856262572513,0.19151083286746862
0.05,7.950098584505367e-08,3.1655837758311468e-06,2.2433641772995316,0.2616856262572513,0.19151083286746862
0.05,7.950098584505367e-08,3.1655837758311468e-06,2.2433641772995316,0.2616856262572513,0.19151083286746862
0.05,7.950098584505367e-08,3.1655837758311468e-06,1.8556709582402362,0.2616856262572513,0.19151083286746862
0.05,1.0223512126738035e-07,3.1655837758311468e-06,1.8556709582402362,0.2233606980182429,0.19151083286746862
0.05,7.63341710647133e-08,1.0672556459434626e-06,1.8815394241328212,0.2233606980182429,0.19151083286746862
0.05,5.329586008675158e-08,2.97117243321199e-06,2.0991703982992687,0.09171519814888875,0.19151083286746862
0.05,5.329586008675158e-08,2.97117243321199e-06,2.2646424592772196,0.09171519814888875,0.24636130643904525
0.05,5.329586008675158e-08,2.97117243321199e-06,2.2646424592772196,0.09171519814888875,0.8034113029909263
0.05,5.329586008675158e-08,2.0606856976236887e-06,1.7933298351874942,0.30897811202397424,0.8034113029909263
0.05,5.329586008675158e-08,2.0606856976236887e-06,1.7933298351874942,0.2559550930758415,3.2175912699291285
0.05,5.329586008675158e-08,2.0606856976236887e-06,1.9562405288834017,0.1937965700071807,3.2175912699291285
0.05,5.329586008675158e-08,2.0606856976236887e-06,2.859563043575217,0.18863567930825137,3.2175912699291285
0.05,5.329586008675158e-08,2.0606856976236887e-06,1.9733482400465794,0.2873561919272648,3.2175912699291285
0.05,5.329586008675158e-08,2.0606856976236887e-06,1.9733482400465794,0.2873561919272648,3.072164072544809
0.05,5.329586008675158e-08,1.3142809478918589e-06,1.9733482400465794,0.2873561919272648,2.103420148945831
0.05,7.215497351237324e-08,1.3142809478918589e-06,2.3998885871381095,0.2873561919272648,2.103420148945831
0.05,7.215497351237324e-08,1.3142809478918589e-06,2.3998885871381095,0.3202210143863767,2.103420148945831
0.05,8.818851988464644e-08,9.55560079288507e-07,2.3998885871381095,0.3202210143863767,0.3886079699695303
0.05,8.818851988464644e-08,3.0835181301416473e-06,2.3998885871381095,0.3202210143863767,0.3886079699695303
0.05,8.818851988464644e-08,2.919486846656692e-06,3.8017985441499897,0.3202210143863767,0.3886079699695303
0.05,8.818851988464644e-08,2.919486846656692e-06,2.103842609134279,0.3202210143863767,0.48308260314832785
0.05,8.818851988464644e-08,8.699656563774794e-07,2.103842609134279,0.3422432448380686,0.48308260314832785
0.05,8.818851988464644e-08,8.699656563774794e-07,1.5516398713108734,0.3422432448380686,5.006729063757879
0.05,8.818851988464644e-08,8.699656563774794e-07,1.5516398713108734,0.3422432448380686,5.006729063757879
0.05,8.818851988464644e-08,8.699656563774794e-07,1.5819798553768671,0.3422432448380686,5.006729063757879
0.05,6.62596326550626e-08,8.699656563774794e-07,1.8736344516659096,0.3422432448380686,5.006729063757879
0.05,6.62596326550626e-08,8.699656563774794e-07,1.4497519559620722,0.3422432448380686,2.699338626629408
0.05,5.7667841059649254e-08,9.006330020086277e-07,1.4497519559620722,0.5088722454289288,1.86594316378038
0.05,5.7667841059649254e-08,9.006330020086277e-07,1.4497519559620722,0.5088722454289288,6.420740191645881
0.05,6.723122673487125e-08,9.006330020086277e-07,1.4220318062282198,0.5151257973328004,6.420740191645881
0.05,6.723122673487125e-08,9.006330020086277e-07,1.4220318062282198,0.4694948640860821,7.113317061480231
0.05,6.547230252301501e-08,1.5506352885198677e-06,1.4220318062282198,0.4694948640860821,7.021237788031394
0.05,6.547230252301501e-08,1.5506352885198677e-06,1.4220318062282198,0.4694948640860821,7.021237788031394
0.05,5.036123888619427e-08,1.5506352885198677e-06,1.4220318062282198,0.3730447364001447,7.021237788031394
0.05,5.036123888619427e-08,1.5506352885198677e-06,1.4220318062282198,0.3681773773681264,3.9165409554030144
0.05,5.036123888619427e-08,1.5506352885198677e-06,2.0362297820139794,0.3681773773681264,3.9165409554030144
0.05,5.036123888619427e-08,1.5506352885198677e-06,2.1901230722520086,0.3681773773681264,3.3354538665752846
0.05,5.552554866326906e-08,1.157909904125822e-06,2.1901230722520086,0.3681773773681264,3.3354538665752846
0.05,5.552554866326906e-08,1.157909904125822e-06,2.7689338301093933,0.3681773773681264,3.3354538665752846
0.05,5.552554866326906e-08,1.157909904125822e-06,2.8815098404601116,0.3681773773681264,3.3354538665752846
0.05,5.732451447791191e-08,1.157909904125822e-06,2.8815098404601116,0.3681773773681264,3.3354538665752846
0.05,5.732451447791191e-08,1.157909904125822e-06,2.8815098404601116,0.3681773773681264,3.350693532798779
0.05,5.732451447791191e-08,1.157909904125822e-06,2.8815098404601116,0.3681773773681264,2.4841128331165656
0.05,5.732451447791191e-08,1.157909904125822e-06,1.5721903364635588,0.3681773773681264,2.4841128331165656
0.05,5.732451447791191e-08,1.157909904125822e-06,2.196269390982267,0.3681773773681264,2.4841128331165656
0.05,5.732451447791191e-08,8.739372430289217e-07,2.196269390982267,0.3681773773681264,2.4841128331165656
0.05,5.732451447791191e-08,8.739372430289217e-07,2.196269390982267,0.3681773773681264,2.4841128331165656
0.05,4.2779618860368734e-08,8.739372430289217e-07,2.6212127866882513,0.28363086321256814,2.4841128331165656
0.05,4.2779618860368734e-08,8.739372430289217e-07,2.6212127866882513,0.28363086321256814,2.4841128331165656
0.05,4.2779618860368734e-08,8.739372430289217e-07,2.6212127866882513,0.28363086321256814,2.4841128331165656
0.05,4.209788115836816e-08,8.739372430289217e-07,2.152555286663254,0.27920306578123044,2.4841128331165656
0.05,4.209788115836816e-08,6.362324331339608e-07,1.8890739144088855,0.207779905067284,2.0541636976784363
0.05,4.209788115836816e-08,6.362324331339608e-07,1.8890739144088855,0.207779905067284,2.0541636976784363
0.05,4.209788115836816e-08,6.362324331339608e-07,1.8890739144088855,0.207779905067284,2.0541636976784363
0.05,6.035599022113171e-08,1.684216947916248e-06,3.4698630939127577,0.3280033803716632,1.7550775684201436
0.05,6.035599022113171e-08,1.684216947916248e-06,3.4698630939127577,0.3280033803716632,1.7550775684201436
0.05,6.665708216223785e-08,9.95340853082096e-06,3.4698630939127577,0.3280033803716632,1.7550775684201436
0.05,6.665708216223785e-08,3.039503627482748e-07,2.3175894396567918,0.3280033803716632,1.7550775684201436
0.05,7.710534394851369e-08,1.018047404297933e-06,1.434836348288324,0.3280033803716632,5.38807311433231
0.05,7.710534394851369e-08,7.334707276624781e-08,1.434836348288324,0.3280033803716632,5.38807311433231
0.05,7.710534394851369e-08,7.334707276624781e-08,0.7931989557632323,0.3280033803716632,5.38807311433231
0.05,7.710534394851369e-08,7.334707276624781e-08,0.7931989557632323,0.3280033803716632,5.38807311433231
0.05,7.710534394851369e-08,3.795381002802452e-06,1.4336772093813777,0.2591358096885013,2.3744018374873592
0.05,7.710534394851369e-08,3.795381002802452e-06,1.4336772093813777,0.2591358096885013,2.3744018374873592
0.05,7.710534394851369e-08,2.5051987077331263e-06,1.4016811066896735,0.2591358096885013,2.3744018374873592
0.05,7.693537646101562e-08,2.5051987077331263e-06,1.4016811066896735,0.2591358096885013,3.5041389057734165
0.05,7.693537646101562e-08,2.5051987077331263e-06,1.1286708274849357,0.2591358096885013,4.431045032707243
0.05,7.693537646101562e-08,2.5051987077331263e-06,1.4668626256217747,0.2591358096885013,4.431045032707243
0.05,6.402416571415744e-08,2.5051987077331263e-06,1.8495783136154806,0.27661422604061714,4.431045032707243
0.05,6.402416571415744e-08,2.5051987077331263e-06,1.8495783136154806,0.3998419886479736,4.431045032707243
0.05,6.038201295465729e-08,5.616591281209363e-07,2.070082194106036,0.3998419886479736,4.631892502177524
0.05,6.038201295465729e-08,5.616591281209363e-07,2.070082194106036,0.28691279364127337,4.631892502177524
0.05,6.038201295465729e-08,5.616591281209363e-07,2.070082194106036,0.28691279364127337,4.631892502177524
0.05,6.038201295465729e-08,5.616591281209363e-07,2.070082194106036,0.28691279364127337,4.631892502177524
0.05,6.038201295465729e-08,5.616591281209363e-07,2.6877587557970637,0.28691279364127337,3.040083204155094
0.05,6.038201295465729e-08,5.616591281209363e-07,2.6877587557970637,0.28691279364127337,3.040083204155094
0.05,6.038201295465729e-08,8.761521287508985e-07,2.6877587557970637,0.28691279364127337,3.040083204155094
0.05,6.038201295465729e-08,8.761521287508985e-07,2.6877587557970637,0.2003995262615558,3.040083204155094
0.05,6.038201295465729e-08,8.761521287508985e-07,2.6877587557970637,0.2003995262615558,3.040083204155094
0.05,6.038201295465729e-08,8.761521287508985e-07,2.6877587557970637,0.2003995262615558,0.44048559797324627
0.05,6.038201295465729e-08,8.761521287508985e-07,2.6877587557970637,0.2003995262615558,0.44048559797324627
0.05,5.48756890060534e-08,8.761521287508985e-07,3.314213641224109,0.2003995262615558,0.44048559797324627
0.05,5.48756890060534e-08,1.466569484389066e-07,2.5946473750804104,0.2003995262615558,2.1631782090592395
0.05,5.080908502149836e-08,1.466569484389066e-07,2.5946473750804104,0.2003995262615558,2.1631782090592395
0.05,6.164607281261116e-08,2.437712900751812e-07,2.4405520640142924,0.2003995262615558,2.1631782090592395
0.05,5.322998845406432e-08,3.914406539399287e-06,3.3789451116835667,0.2003995262615558,2.1631782090592395
0.05,5.322998845406432e-08,2.1296232991231195e-06,3.3789451116835667,0.2003995262615558,3.921741633837366
0.05,4.0456593558344176e-08,2.1296232991231195e-06,3.4423627085304016,0.2003995262615558,3.921741633837366
0.05,4.0456593558344176e-08,2.1296232991231195e-06,3.4423627085304016,0.4493766510413536,4.824062471449853
0.05,5.451842631466493e-08,2.1296232991231195e-06,3.924650199176173,0.4493766510413536,4.824062471449853
0.05,5.451842631466493e-08,2.1296232991231195e-06,1.8728526456768075,0.47197294338740525,4.824062471449853
0.05,5.611761660285387e-08,2.1296232991231195e-06,1.8728526456768075,0.26971286742138617,4.824062471449853
0.05,5.611761660285387e-08,2.1296232991231195e-06,1.8728526456768075,0.26971286742138617,4.824062471449853
0.05,5.611761660285387e-08,2.1296232991231195e-06,1.8728526456768075,0.26971286742138617,5.190169630033285
0.05,5.611761660285387e-08,2.1296232991231195e-06,1.4053715099476514,0.26971286742138617,4.195083869816156
0.05,5.611761660285387e-08,2.1296232991231195e-06,1.4053715099476514,0.26971286742138617,9.031238226343136
0.05,5.611761660285387e-08,2.1296232991231195e-06,1.4053715099476514,0.26971286742138617,5.92712167358645
0.05,4.802466730531227e-08,2.1296232991231195e-06,1.4053715099476514,0.26971286742138617,2.7277163165514633
0.05,4.802466730531227e-08,2.1296232991231195e-06,1.4053715099476514,0.19823265858545946,1.388672102456106
0.05,5.330621655726916e-08,7.350729282372717e-07,1.4053715099476514,0.10575414420841764,1.388672102456106
0.05,5.330621655726916e-08,5.003621077314699e-06,1.4053715099476514,0.38343349222546097,2.5816661938274876
0.05,5.330621655726916e-08,5.003621077314699e-06,1.4053715099476514,0.38343349222546097,4.6191045614346375
0.05,6.170814019981571e-08,5.003621077314699e-06,1.4916769261666374,0.38343349222546097,4.6191045614346375
0.05,6.170814019981571e-08,5.003621077314699e-06,1.4916769261666374,0.38343349222546097,4.6191045614346375
0.05,6.170814019981571e-08,5.003621077314699e-06,2.1862113876560043,0.46055058457902426,4.6191045614346375
0.05,6.170814019981571e-08,2.3624269714484125e-07,1.6089141758935743,0.47248063126216394,4.6191045614346375
0.05,5.176697915068367e-08,1.3556326267482965e-08,1.6089141758935743,0.47248063126216394,4.6191045614346375
0.05,5.176697915068367e-08,2.0282063914774017e-06,1.2726962423300558,0.47248063126216394,4.6191045614346375
0.05,5.176697915068367e-08,7.009295285969618e-08,1.8334237644815814,0.3598357683290821,4.6191045614346375
0.05,5.176697915068367e-08,3.8442779822579925e-07,1.8334237644815814,0.3598357683290821,9.579815366252339
0.05,5.176697915068367e-08,3.8442779822579925e-07,1.8334237644815814,0.4471813530593855,9.579815366252339
0.05,5.176697915068367e-08,3.8442779822579925e-07,1.8542721787855674,0.4471813530593855,9.823382657766855
0.05,5.176697915068367e-08,4.803607864089813e-06,2.1821757486829876,0.15207201732268655,1.9904877195530335
0.05,5.176697915068367e-08,4.803607864089813e-06,2.1821757486829876,0.15207201732268655,1.9904877195530335
0.05,5.176697915068367e-08,4.803607864089813e-06,2.1821757486829876,0.4202373828563886,1.9904877195530335
0.05,4.071410557771868e-08,1.3084751979884978e-05,2.1821757486829876,0.3220926347448027,1.6690678007171733
0.05,6.702091715957819e-08,1.3084751979884978e-05,2.5029716301047107,0.3220926347448027,1.6690678007171733
0.05,5.4133337268471775e-08,4.027010669478431e-07,2.5029716301047107,0.3220926347448027,1.6690678007171733
0.05,5.4133337268471775e-08,4.027010669478431e-07,2.5029716301047107,0.3220926347448027,1.3284711005993826
0.05,7.633421225315308e-08,1.6152538306448193e-06,2.5029716301047107,0.3220926347448027,1.3284711005993826
0.05,7.633421225315308e-08,1.6152538306448193e-06,2.5029716301047107,0.3220926347448027,6.314128318229962
0.05,7.18173774819543e-08,1.6152538306448193e-06,2.1273267439075587,0.32940299400628376,6.314128318229962
0.05,7.18173774819543e-08,1.6152538306448193e-06,2.1273267439075587,0.32940299400628376,6.314128318229962
0.05,7.18173774819543e-08,2.4089191195633704e-06,2.1273267439075587,0.3784031951750698,2.144334268465741
0.05,7.18173774819543e-08,1.5576478606290846e-07,2.1273267439075587,0.3784031951750698,5.8529458360193125
0.05,7.18173774819543e-08,1.5576478606290846e-07,2.1273267439075587,0.35206955887536456,5.152536610181933
0.05,5.883907015239535e-08,3.7836071679755862e-06,1.9977166254546694,0.35206955887536456,4.668197795626202
0.05,6.550487663759442e-08,3.7836071679755862e-06,1.605327136349979,0.35206955887536456,4.668197795626202
0.05,6.550487663759442e-08,6.970214319374416e-07,2.4537490955642403,0.35206955887536456,4.668197795626202
0.05,5.352523675079726e-08,6.970214319374416e-07,2.765132446091141,0.2177038168794263,3.1493488054116443
0.05,5.352523675079726e-08,6.970214319374416e-07,1.8343204226352392,0.2177038168794263,3.1493488054116443
0.05,4.419128961018124e-08,1.755664271727415e-06,1.6069592614245598,0.2177038168794263,3.1493488054116443
0.05,4.419128961018124e-08,1.3784308776980973e-06,1.2661657961718256,0.13426958350982077,4.378125398745798
0.05,4.419128961018124e-08,1.3784308776980973e-06,1.0471016536798174,0.13426958350982077,9.00022582349268
0.05,7.893771601212308e-08,3.4916192470081703e-06,1.0471016536798174,0.2023792961581155,8.88371686594043
0.05,7.893771601212308e-08,3.4916192470081703e-06,0.7126758343382239,0.12561943879477902,8.88371686594043
0.05,7.893771601212308e-08,6.91476455354957e-07,1.381487138392129,0.12561943879477902,8.88371686594043
0.05,7.893771601212308e-08,6.91476455354957e-07,1.381487138392129,0.35838666596927893,8.900029710914165
0.05,7.583559586366177e-08,6.91476455354957e-07,1.381487138392129,0.5834681820265232,8.900029710914165
0.05,7.583559586366177e-08,6.91476455354957e-07,1.6109120760768239,0.5067512750577469,8.900029710914165
0.05,7.583559586366177e-08,6.91476455354957e-07,1.4366576922801353,0.5698907884039459,9.814332415598486
0.05,4.4651008008199785e-08,6.91476455354957e-07,1.4366576922801353,0.4195992779142248,9.814332415598486
0.05,9.349559526133089e-08,6.91476455354957e-07,1.4366576922801353,0.4195992779142248,9.814332415598486
0.05,9.349559526133089e-08,6.91476455354957e-07,1.4366576922801353,0.4195992779142248,9.814332415598486
0.05,4.008804676447408e-08,1.0315469020401883e-07,1.4366576922801353,0.5496425264216754,9.683383349776282
0.05,4.008804676447408e-08,1.0315469020401883e-07,1.250262973517079,0.5496425264216754,9.683383349776282
0.05,4.008804676447408e-08,1.0315469020401883e-07,1.250262973517079,0.5496425264216754,8.533200160482577
0.05,3.8181209148856154e-08,7.77335912666454e-08,1.250262973517079,0.22377695533519007,8.533200160482577
0.05,8.070796814865857e-08,7.77335912666454e-08,1.5886848256536985,0.5959032184697042,8.533200160482577
0.05,8.070796814865857e-08,2.772653190606428e-06,0.7686290598958546,0.6323323207842019,8.533200160482577
0.05,8.139712025053671e-08,2.772653190606428e-06,0.7686290598958546,0.4520149670202535,8.533200160482577
0.05,4.2324991392561354e-08,3.7519157468228033e-06,0.7686290598958546,0.362752038410345,8.533200160482577
0.05,4.2324991392561354e-08,3.4455956730240515e-06,1.8334469842144858,0.362752038410345,8.533200160482577
0.05,4.2324991392561354e-08,3.4455956730240515e-06,1.8035225949634548,0.362752038410345,8.533200160482577
0.05,5.638454335672835e-08,5.473111556309018e-06,1.8035225949634548,0.362752038410345,8.533200160482577
0.05,5.638454335672835e-08,5.473111556309018e-06,1.8035225949634548,0.362752038410345,8.533200160482577
0.05,8.087821395287866e-08,4.527210754188344e-07,1.8035225949634548,0.362752038410345,9.248598131070214
0.05,8.087821395287866e-08,4.527210754188344e-07,1.8035225949634548,0.4138067927091322,9.248598131070214
0.05,8.087821395287866e-08,4.527210754188344e-07,1.0713381823432009,0.4138067927091322,5.773670332115817
0.05,8.087821395287866e-08,1.0521610138728965e-06,1.0713381823432009,0.4138067927091322,6.93817954595322
0.05,4.143356891518703e-08,1.0521610138728965e-06,1.8476196208793034,0.40350274975146666,7.468363834002073
0.05,4.143356891518703e-08,1.0521610138728965e-06,1.8476196208793034,0.48523037878574193,7.468363834002073
0.05,4.143356891518703e-08,1.0521610138728965e-06,2.1289622081771937,0.48523037878574193,9.405726733312216
0.05,4.143356891518703e-08,1.0521610138728965e-06,2.1289622081771937,0.48523037878574193,9.812344246766866
0.05,4.143356891518703e-08,1.0521610138728965e-06,2.1289622081771937,0.48523037878574193,9.840978441646318
0.05,4.143356891518703e-08,1.0521610138728965e-06,2.1289622081771937,0.48523037878574193,9.21838576888999
0.05,4.143356891518703e-08,1.0521610138728965e-06,2.1289622081771937,0.48523037878574193,9.417367018572595
0.05,3.664821837785645e-08,1.0521610138728965e-06,2.1289622081771937,0.48523037878574193,9.417367018572595
0.05,3.664821837785645e-08,1.0521610138728965e-06,2.1289622081771937,0.48523037878574193,8.989664741364834
0.05,4.363307454419643e-08,1.0773330163917874e-06,2.1289622081771937,0.48523037878574193,7.151613512063717
0.05,4.363307454419643e-08,1.0773330163917874e-06,1.3949182448419641,0.33555181078698665,7.151613512063717
0.05,4.9588808720366224e-08,1.0773330163917874e-06,1.3949182448419641,0.8406014834573711,7.151613512063717
0.05,4.9588808720366224e-08,1.0773330163917874e-06,1.4411227424572353,0.8406014834573711,7.151613512063717
0.05,4.9588808720366224e-08,1.0773330163917874e-06,1.971462889447679,0.6678480968393513,7.151613512063717
0.05,4.9588808720366224e-08,1.0773330163917874e-06,1.3580154072243167,0.6678480968393513,7.151613512063717
0.05,4.9588808720366224e-08,1.0773330163917874e-06,1.3580154072243167,0.36724015935403387,3.9821999844268428
0.05,4.9588808720366224e-08,1.0773330163917874e-06,1.3580154072243167,0.12410178686507313,3.130773901721662
0.05,7.707786586492429e-08,8.24567818356875e-07,2.2255430987778766,0.15924649545310587,4.949653077590686
0.05,7.707786586492429e-08,1.2542486261958147e-07,1.8052461177531833,0.15924649545310587,7.361591092815503
0.05,7.707786586492429e-08,1.2542486261958147e-07,1.7430713819222317,0.15924649545310587,3.086410541137118
0.05,7.707786586492429e-08,1.2542486261958147e-07,1.376115304831945,0.23322889146304143,5.961131610699234
0.05,7.707786586492429e-08,1.2542486261958147e-07,1.376115304831945,0.23322889146304143,5.961131610699234
0.05,7.707786586492429e-08,1.2542486261958147e-07,2.1346514066834983,0.23322889146304143,5.961131610699234
0.05,7.707786586492429e-08,1.2542486261958147e-07,2.512704919613022,0.23322889146304143,3.2879808158992505
0.05,7.707786586492429e-08,7.279470709327152e-08,2.512704919613022,0.23322889146304143,3.2879808158992505
0.05,6.064622975485441e-08,7.279470709327152e-08,2.512704919613022,0.23322889146304143,1.5399653522967869
0.05,4.934736827413056e-08,7.279470709327152e-08,2.512704919613022,0.23322889146304143,1.5399653522967869
0.05,4.934736827413056e-08,7.279470709327152e-08,2.512704919613022,0.13220322158609163,1.5399653522967869
0.05,4.934736827413056e-08,9.877679958009007e-07,2.512704919613022,0.21655242673503902,1.5399653522967869
0.05,4.608925944475416e-08,9.877679958009007e-07,2.512704919613022,0.21655242673503902,1.5399653522967869
0.05,4.608925944475416e-08,1.7692368179778862e-06,2.512704919613022,0.28050209575897767,3.746101285657227
0.05,4.553292472430741e-08,1.7692368179778862e-06,1.5813255512769624,0.28050209575897767,3.746101285657227
0.05,4.285989509566347e-08,1.7692368179778862e-06,1.9813023180504312,0.28050209575897767,3.746101285657227
0.05,4.285989509566347e-08,1.7692368179778862e-06,1.9813023180504312,0.4027006020062459,3.746101285657227
0.05,8.802603624570285e-08,1.7692368179778862e-06,1.9813023180504312,0.4027006020062459,5.865929687778008
0.05,8.738288382420795e-08,1.7692368179778862e-06,2.1928657537586176,0.409495242907569,5.865929687778008
0.05,8.738288382420795e-08,1.7692368179778862e-06,2.1928657537586176,0.27437744716219753,5.865929687778008
0.05,8.738288382420795e-08,1.7692368179778862e-06,2.1928657537586176,0.27437744716219753,2.044421322139477
0.05,8.738288382420795e-08,6.608207911097589e-07,2.1928657537586176,0.2763847082397482,3.7017309212278215
0.05,8.738288382420795e-08,1.3162349092678194e-06,2.1928657537586176,0.2763847082397482,3.7017309212278215
0.05,8.27947600340033e-08,1.3162349092678194e-06,2.1928657537586176,0.2763847082397482,3.7017309212278215
0.05,8.27947600340033e-08,1.1305217389271897e-06,2.8381831834083773,0.2763847082397482,3.7017309212278215
0.05,8.27947600340033e-08,1.1305217389271897e-06,1.6426731173525617,0.4186176980394037,2.5382577868614837
0.05,8.27947600340033e-08,1.1305217389271897e-06,1.261755720281283,0.4186176980394037,7.901224299038789
0.05,8.27947600340033e-08,1.1305217389271897e-06,1.261755720281283,0.3168832138922545,7.901224299038789
0.05,5.214433236776981e-08,1.1305217389271897e-06,1.261755720281283,0.3168832138922545,7.901224299038789
0.05,5.242698890251035e-08,2.710145032952804e-07,1.5354053333263349,0.3168832138922545,7.901224299038789
0.05,5.242698890251035e-08,1.4276042535627543e-06,1.5354053333263349,0.4458540348652484,7.901224299038789
0.05,5.989238502106277e-08,1.0950781214400362e-06,1.6093022146252725,0.4458540348652484,7.901224299038789
0.05,5.989238502106277e-08,1.0950781214400362e-06,1.5937451499806488,0.28913560711735325,7.901224299038789
0.05,5.989238502106277e-08,1.0950781214400362e-06,1.5937451499806488,0.6118751853957234,7.901224299038789
0.05,5.989238502106277e-08,1.0950781214400362e-06,1.5937451499806488,0.7262348517497265,7.901224299038789
0.05,5.989238502106277e-08,1.0950781214400362e-06,1.5937451499806488,0.4834580565773023,7.901224299038789
0.05,5.989238502106277e-08,2.5818956692962287e-07,1.5937451499806488,0.13823815964255262,5.2482649268014505
0.05,5.56666463913695e-08,2.5818956692962287e-07,1.5937451499806488,0.5996935667894594,5.2482649268014505
0.05,5.56666463913695e-08,2.5818956692962287e-07,1.5937451499806488,0.5996935667894594,5.2482649268014505
0.05,5.56666463913695e-08,3.2178238795812177e-06,1.5937451499806488,0.5996935667894594,5.2482649268014505
0.05,5.824918882291546e-08,3.2178238795812177e-06,1.5937451499806488,0.30673972067007754,4.958294300393005
0.05,5.824918882291546e-08,7.94083221440753e-07,1.5937451499806488,0.30673972067007754,4.958294300393005
0.05,5.824918882291546e-08,1.3894011162287605e-06,1.8081399996966496,0.5907283502506202,4.958294300393005
0.05,5.824918882291546e-08,2.04045857934485e-06,1.2966563566910974,0.5907283502506202,2.6525184888112947
0.05,5.824918882291546e-08,2.04045857934485e-06,0.7326820077408742,0.5907283502506202,2.6525184888112947
0.05,5.824918882291546e-08,2.04045857934485e-06,0.7326820077408742,0.1280088543792646,5.85621045868315
0.05,5.824918882291546e-08,2.04045857934485e-06,0.7326820077408742,0.1280088543792646,5.85621045868315
0.05,5.824918882291546e-08,2.04045857934485e-06,0.9796095181019318,0.6436632113644122,5.85621045868315
0.05,5.824918882291546e-08,2.04045857934485e-06,0.9796095181019318,0.6436632113644122,5.85621045868315
0.05,5.824918882291546e-08,2.04045857934485e-06,1.453725108226863,0.6436632113644122,5.85621045868315
0.05,6.310232428006358e-08,2.04045857934485e-06,1.453725108226863,0.4946813406761052,9.53341139661629
0.05,6.587383595403377e-08,2.04045857934485e-06,1.501254451114289,0.4946813406761052,9.53341139661629
0.05,6.587383595403377e-08,2.04045857934485e-06,1.501254451114289,0.4946813406761052,9.53341139661629
0.05,6.587383595403377e-08,2.04045857934485e-06,1.501254451114289,0.4946813406761052,4.753104644046427
0.05,4.872213800036426e-08,2.04045857934485e-06,1.7938578135542704,0.4946813406761052,8.465187765942002
0.05,4.872213800036426e-08,2.04045857934485e-06,1.1186585411293681,0.4946813406761052,8.625025725540734
0.05,4.872213800036426e-08,2.04045857934485e-06,1.1186585411293681,0.4946813406761052,5.600755526524834
0.05,4.872213800036426e-08,6.289940141875286e-07,1.1186585411293681,0.4946813406761052,5.307814658074421
0.05,4.872213800036426e-08,3.080509271252931e-06,0.9847022674742646,0.3367681126377886,5.307814658074421
0.05,4.872213800036426e-08,3.080509271252931e-06,1.209755822686638,0.3655550969930579,6.5988153583124545
0.05,4.872213800036426e-08,3.080509271252931e-06,1.209755822686638,0.3655550969930579,6.5988153583124545
0.05,4.872213800036426e-08,3.080509271252931e-06,1.209755822686638,0.3655550969930579,6.5988153583124545
0.05,4.872213800036426e-08,1.8050212326526254e-06,1.209755822686638,0.4104833129819807,7.510273481404531
0.05,4.872213800036426e-08,2.983015512914669e-06,1.209755822686638,0.4104833129819807,7.388914675860541
0.05,6.676309394318876e-08,2.983015512914669e-06,0.8336093976886992,0.35643130530322437,7.388914675860541
0.05,3.93433321339054e-08,2.983015512914669e-06,1.3391350854839115,0.29498990277742637,9.242438816856042
0.05,6.083254822801849e-08,2.983015512914669e-06,1.3391350854839115,0.33330884679069206,5.692599901543861
0.05,6.083254822801849e-08,2.983015512914669e-06,1.3391350854839115,0.37785069659345066,6.037256915533926
0.05,5.282213025678316e-08,2.983015512914669e-06,3.028240893109633,0.3242130851940359,6.037256915533926
0.05,5.282213025678316e-08,2.983015512914669e-06,3.028240893109633,0.3242130851940359,6.037256915533926
0.05,5.282213025678316e-08,2.983015512914669e-06,3.061679788683451,0.3242130851940359,2.0416589654626307
0.05,5.282213025678316e-08,2.983015512914669e-06,3.061679788683451,0.3314923874817008,2.0416589654626307
0.05,5.282213025678316e-08,2.983015512914669e-06,3.649392695442095,0.3314923874817008,2.0416589654626307
0.05,5.282213025678316e-08,6.339812791377112e-07,2.9013090221829048,0.3314923874817008,2.0416589654626307
0.05,5.282213025678316e-08,6.339812791377112e-07,1.9484526701157978,0.23272529027372654,2.0416589654626307
0.05,5.282213025678316e-08,6.339812791377112e-07,1.9484526701157978,0.23272529027372654,2.0416589654626307
0.05,6.554924754913132e-08,6.339812791377112e-07,1.9484526701157978,0.23272529027372654,8.188096463911254
0.05,6.554924754913132e-08,6.339812791377112e-07,1.9484526701157978,0.2041485762300977,8.188096463911254
0.05,6.554924754913132e-08,1.0236851421102332e-06,1.9484526701157978,0.2041485762300977,8.188096463911254
0.05,6.554924754913132e-08,2.5542113596529085e-06,1.9484526701157978,0.16445597889948785,3.8409942118923492
0.05,7.593573605320536e-08,2.5542113596529085e-06,1.9484526701157978,0.0899682197782302,0.4479766669100098
0.05,7.593573605320536e-08,2.5542113596529085e-06,1.9484526701157978,0.33015568430822434,2.7799561904132735
0.05,7.593573605320536e-08,2.5542113596529085e-06,1.9484526701157978,0.33015568430822434,1.5757821113843842
0.05,7.593573605320536e-08,2.1806495283535398e-07,1.9484526701157978,0.48628225679303155,6.134243059875662
0.05,6.283651863666283e-08,6.797839465113869e-07,1.9484526701157978,0.48628225679303155,6.134243059875662
0.05,6.283651863666283e-08,6.952339321256247e-07,1.9484526701157978,0.48628225679303155,6.134243059875662
0.05,6.283651863666283e-08,6.952339321256247e-07,1.3743322006632024,0.4661119270319675,7.784795553500075
0.05,4.59043365470489e-08,6.952339321256247e-07,1.3743322006632024,0.4371866082473016,7.784795553500075
0.05,4.59043365470489e-08,6.952339321256247e-07,1.4308622440031116,0.5390649921023457,7.784795553500075
0.05,4.59043365470489e-08,6.952339321256247e-07,1.4308622440031116,0.5390649921023457,7.784795553500075
0.05,4.59043365470489e-08,8.975127545458654e-07,1.4308622440031116,0.5390649921023457,7.784795553500075
0.05,4.59043365470489e-08,8.975127545458654e-07,1.4308622440031116,0.4179255477393007,7.784795553500075
0.05,4.59043365470489e-08,8.975127545458654e-07,1.4308622440031116,0.4179255477393007,7.784795553500075
0.05,4.59043365470489e-08,8.975127545458654e-07,1.4308622440031116,0.4179255477393007,3.968370489961151
0.05,4.59043365470489e-08,8.975127545458654e-07,1.9796253877945194,0.4179255477393007,4.774961450476453
0.05,5.033261086481323e-08,8.975127545458654e-07,1.9796253877945194,0.3571275025959008,4.774961450476453
0.05,6.136627334695366e-08,8.975127545458654e-07,0.7930815750375886,0.25437236217310666,5.316563942234545
0.05,6.136627334695366e-08,8.975127545458654e-07,1.9998359022933423,0.25437236217310666,5.316563942234545
0.05,6.136627334695366e-08,8.975127545458654e-07,1.9998359022933423,0.25437236217310666,5.316563942234545
0.05,5.54378879999806e-08,8.975127545458654e-07,2.105932242627653,0.597539225653754,5.316563942234545
0.05,5.54378879999806e-08,8.975127545458654e-07,2.105932242627653,0.597539225653754,5.316563942234545
0.05,5.975644557116896e-08,1.2059759661003093e-06,2.105932242627653,0.6268679845074745,5.316563942234545
0.05,5.975644557116896e-08,1.2059759661003093e-06,2.105932242627653,0.6268679845074745,9.52906834411886
0.05,5.975644557116896e-08,1.8067664188219726e-06,1.5487164264339142,0.24217785690392446,9.367416030293512
0.05,5.975644557116896e-08,1.8067664188219726e-06,1.5487164264339142,0.24217785690392446,9.367416030293512
0.05,5.975644557116896e-08,1.8067664188219726e-06,1.8023246304700622,0.35923432917765113,6.614007101238126
0.05,5.975644557116896e-08,1.8067664188219726e-06,1.8023246304700622,0.35923432917765113,3.557387215102042
0.05,5.570839213299061e-08,1.8067664188219726e-06,1.8023246304700622,0.35923432917765113,4.303174159679473
0.05,5.570839213299061e-08,1.8067664188219726e-06,1.8023246304700622,0.35923432917765113,8.572936725393047
0.05,5.570839213299061e-08,3.120056568567265e-07,1.8023246304700622,0.35923432917765113,8.572936725393047
0.05,5.570839213299061e-08,3.6043176741102084e-07,1.8023246304700622,0.35923432917765113,8.572936725393047
0.05,5.570839213299061e-08,3.6043176741102084e-07,1.8023246304700622,0.35923432917765113,8.572936725393047
0.05,4.2769184520191695e-08,3.6043176741102084e-07,1.5948702040669904,0.35923432917765113,8.572936725393047
0.05,4.2769184520191695e-08,3.6043176741102084e-07,1.5948702040669904,0.35923432917765113,9.73764738036029
0.05,4.2769184520191695e-08,7.700491749983949e-07,1.4593347482830503,0.4546962110786853,9.111003605791634
0.05,4.2769184520191695e-08,6.988803391466448e-07,1.4593347482830503,0.4546962110786853,9.833135221506273
0.05,4.2769184520191695e-08,6.988803391466448e-07,1.415376752561504,0.4546962110786853,9.833135221506273
0.05,4.2769184520191695e-08,6.988803391466448e-07,1.415376752561504,0.4546962110786853,9.833135221506273
0.05,6.165829950123903e-08,6.988803391466448e-07,1.415376752561504,0.34039233922876994,9.82553565936613
0.05,6.114252231089674e-08,6.988803391466448e-07,1.415376752561504,0.34039233922876994,9.512293502907884
0.05,6.114252231089674e-08,6.988803391466448e-07,1.7305855907776375,0.34039233922876994,9.931689410408591
0.05,6.114252231089674e-08,6.988803391466448e-07,1.7305855907776375,0.34039233922876994,9.77266633643268
0.05,5.384680914416488e-08,7.567813717710908e-07,1.7305855907776375,0.6311890896664194,9.77266633643268
0.05,5.384680914416488e-08,7.567813717710908e-07,1.9184258095480764,0.5648628419414043,9.77266633643268
0.05,9.350381296457192e-08,7.567813717710908e-07,1.220179454366377,0.5648628419414043,9.77266633643268
0.05,9.350381296457192e-08,7.567813717710908e-07,0.9936145090763432,0.5648628419414043,9.77266633643268
0.05,5.971036929931955e-08,1.0433651735794034e-06,0.9936145090763432,0.5648628419414043,9.77266633643268
0.05,6.030856673164876e-08,1.0433651735794034e-06,1.460892940235058,0.22431801427398157,9.77266633643268
0.05,6.030856673164876e-08,1.0433651735794034e-06,1.1471356484960091,0.806599283095636,9.929080230356544
0.05,6.030856673164876e-08,1.0433651735794034e-06,1.1471356484960091,0.1499576884648909,9.929080230356544
0.05,7.572121819867355e-08,1.0433651735794034e-06,1.1471356484960091,0.4200905273908762,8.070225413403753
0.05,5.7944740118717574e-08,1.0433651735794034e-06,1.1471356484960091,0.4200905273908762,8.070225413403753
0.05,5.7944740118717574e-08,1.0433651735794034e-06,1.7126690058911163,0.4200905273908762,8.070225413403753
0.05,5.7944740118717574e-08,7.020149815620708e-07,1.7126690058911163,0.1051741152029658,8.355964303903388
0.05,5.7944740118717574e-08,7.020149815620708e-07,1.9749600208967553,0.1051741152029658,0.23071323716068387
0.05,5.7944740118717574e-08,7.020149815620708e-07,1.9749600208967553,0.07303362459995834,0.0274193639870159
0.05,5.7944740118717574e-08,2.88212994111675e-07,1.9749600208967553,0.07303362459995834,0.7794362743311158
0.05,8.101295460342434e-08,2.88212994111675e-07,1.9749600208967553,0.03055783666173872,0.29822868575400124
0.05,8.949304572581143e-08,2.88212994111675e-07,2.519003531028374,0.03445920249809452,0.33572173400715477
0.05,8.949304572581143e-08,2.88212994111675e-07,2.519003531028374,0.03445920249809452,0.33572173400715477
0.05,8.949304572581143e-08,1.0314742446595815e-06,4.403782978556216,0.24383005086556955,0.33572173400715477
0.05,8.949304572581143e-08,1.0314742446595815e-06,4.403782978556216,0.24383005086556955,0.6549990967592396
0.05,4.7603410034185315e-08,1.4883171890548954e-06,4.403782978556216,0.23969695931157456,0.6549990967592396
0.05,3.564703079660074e-08,1.4883171890548954e-06,4.403782978556216,0.242902279997418,1.8211853235210198
0.05,7.970559977738611e-08,1.4883171890548954e-06,3.8474184285371726,0.242902279997418,1.8211853235210198
0.05,7.970559977738611e-08,1.4883171890548954e-06,1.096409007738746,0.242902279997418,1.9565880140112273
0.05,7.970559977738611e-08,1.4883171890548954e-06,1.170356603690605,0.19660259691190698,1.9565880140112273
0.05,7.970559977738611e-08,1.0397488359246597e-06,1.17703043855936,0.19660259691190698,1.9565880140112273
0.05,7.970559977738611e-08,2.7512816722520027e-06,1.17703043855936,0.2011115832140372,1.9565880140112273
0.05,7.970559977738611e-08,2.7512816722520027e-06,1.17703043855936,0.2011115832140372,1.9565880140112273
0.05,7.970559977738611e-08,2.7512816722520027e-06,1.17703043855936,0.1540695990583182,1.3883740378368228
0.05,7.970559977738611e-08,2.7512816722520027e-06,1.17703043855936,0.1540695990583182,0.31606042197087575
0.05,7.970559977738611e-08,2.7512816722520027e-06,1.3243539326591707,0.24329321753088784,1.4161027364710663
0.05,6.986939651073553e-08,9.529167632078121e-07,1.3243539326591707,0.24329321753088784,3.2120850912920056
0.05,6.986939651073553e-08,9.529167632078121e-07,1.7679099566393353,0.24329321753088784,3.2120850912920056
0.05,6.986939651073553e-08,1.269480092325656e-06,1.7679099566393353,0.24329321753088784,4.183264949482794
0.05,7.624531667614179e-08,3.6187069504277795e-07,1.6697999744595222,0.24329321753088784,5.036034291401713
0.05,1.0751491105027388e-07,3.6187069504277795e-07,1.607407138643767,0.28983258600702316,5.036034291401713
0.05,1.0751491105027388e-07,3.6187069504277795e-07,2.4723649765404017,0.28983258600702316,5.036034291401713
0.05,1.0751491105027388e-07,3.6187069504277795e-07,2.56390491282197,0.28983258600702316,5.036034291401713
0.05,1.0751491105027388e-07,3.4632454581841167e-06,2.56390491282197,0.28983258600702316,5.036034291401713
0.05,6.885567214038747e-08,3.4632454581841167e-06,2.495233369188032,0.28983258600702316,0.3831895897000165
0.05,6.885567214038747e-08,3.4632454581841167e-06,2.495233369188032,0.28983258600702316,0.3831895897000165
0.05,6.885567214038747e-08,3.4632454581841167e-06,3.7283512372509655,0.28983258600702316,0.3831895897000165
0.05,6.885567214038747e-08,3.4632454581841167e-06,1.6101563089859894,0.28983258600702316,0.3831895897000165
0.05,6.885567214038747e-08,1.7469394765036183e-06,1.6101563089859894,0.28983258600702316,0.3831895897000165
0.05,6.885567214038747e-08,1.7469394765036183e-06,1.6101563089859894,0.28983258600702316,0.3831895897000165
0.05,6.885567214038747e-08,1.7469394765036183e-06,1.8719257902284667,0.28983258600702316,0.3831895897000165
0.05,6.885567214038747e-08,1.7469394765036183e-06,1.8719257902284667,0.28983258600702316,3.917059694781664
0.05,6.93005068508258e-08,9.509681556807703e-07,1.8719257902284667,0.28983258600702316,3.917059694781664
0.05,5.6545828474304225e-08,6.1802728046851454e-06,1.8719257902284667,0.28983258600702316,3.917059694781664
0.05,5.6545828474304225e-08,6.1802728046851454e-06,1.8719257902284667,0.28983258600702316,3.917059694781664
0.05,5.6545828474304225e-08,9.23342347469603e-08,1.8719257902284667,0.28983258600702316,3.917059694781664
0.05,4.960618816596696e-08,9.23342347469603e-08,1.8719257902284667,0.2500460764990176,0.38910291853859114
0.05,4.960618816596696e-08,9.23342347469603e-08,1.8719257902284667,0.2500460764990176,0.08049387977381321
0.05,4.960618816596696e-08,9.23342347469603e-08,0.8235050831157522,0.2500460764990176,9.270063597630461
0.05,7.813758347328248e-08,9.23342347469603e-08,1.7923699414773457,0.3138815487114293,9.894081396838006
0.05,7.813758347328248e-08,9.23342347469603e-08,1.7923699414773457,0.3138815487114293,9.079750842742962
0.05,7.813758347328248e-08,2.978990714427745e-07,2.1909051336806957,0.3138815487114293,9.079750842742962
0.05,7.813758347328248e-08,2.978990714427745e-07,1.720481679461487,0.3138815487114293,3.20899887744086
0.05,6.26531521665739e-08,2.978990714427745e-07,1.720481679461487,0.3138815487114293,5.208630584075128
0.05,6.26531521665739e-08,2.978990714427745e-07,1.720481679461487,0.3138815487114293,5.208630584075128
0.05,6.26531521665739e-08,4.468855522805638e-06,1.720481679461487,0.3138815487114293,5.208630584075128
0.05,5.468375870062676e-08,4.468855522805638e-06,1.0875207762703298,0.3138815487114293,5.208630584075128
0.05,5.468375870062676e-08,3.2028190278710905e-06,1.0875207762703298,0.3138815487114293,5.208630584075128
0.05,5.468375870062676e-08,3.2028190278710905e-06,2.3292980857398113,0.3138815487114293,5.208630584075128
0.05,5.23106654879194e-08,3.2028190278710905e-06,2.3292980857398113,0.3138815487114293,1.0835122175901477
0.05,5.23106654879194e-08,2.868145239090818e-07,2.3292980857398113,0.3138815487114293,1.0835122175901477
0.05,5.23106654879194e-08,3.520623164653987e-07,2.3292980857398113,0.3138815487114293,7.04023419087174
0.05,4.9853650602425924e-08,3.520623164653987e-07,1.0907989142004177,0.3138815487114293,7.04023419087174
0.05,7.28816315981899e-08,2.697678724150675e-07,1.0907989142004177,0.3138815487114293,7.04023419087174
0.05,7.28816315981899e-08,2.697678724150675e-07,1.0907989142004177,0.3138815487114293,7.04023419087174
0.05,7.28816315981899e-08,2.697678724150675e-07,1.5028581677411945,0.2123204453370806,2.0138269614092255
0.05,6.97779718053237e-08,2.697678724150675e-07,2.299922925501707,0.2123204453370806,3.520852219155829
0.05,6.97779718053237e-08,2.697678724150675e-07,1.6023815035237907,0.2123204453370806,2.2348423620018183
0.05,6.97779718053237e-08,4.3038905135751415e-06,1.6023815035237907,0.3631825018421316,5.539774220520357
0.05,3.9291131041988955e-08,4.3038905135751415e-06,1.6023815035237907,0.3631825018421316,5.539774220520357
0.05,3.9291131041988955e-08,4.5494090748239035e-06,1.6144126876115625,0.3631825018421316,5.539774220520357
0.05,3.9291131041988955e-08,4.5494090748239035e-06,1.6144126876115625,0.39394180149828867,5.539774220520357
0.05,3.9291131041988955e-08,4.5494090748239035e-06,1.6144126876115625,0.28173978494522384,4.7964354933484525
0.05,3.9291131041988955e-08,4.5494090748239035e-06,1.6144126876115625,0.28173978494522384,4.7964354933484525
0.05,4.641712897009223e-08,4.5494090748239035e-06,1.6144126876115625,0.4459539643378674,4.7964354933484525
0.05,4.641712897009223e-08,4.5081193276615445e-07,1.6144126876115625,0.4459539643378674,7.455905527489884
0.05,4.641712897009223e-08,4.5081193276615445e-07,1.6144126876115625,0.4459539643378674,7.455905527489884
0.05,6.838746764463725e-08,4.5081193276615445e-07,1.6201587699064055,0.4459539643378674,4.194807126978382
0.05,6.838746764463725e-08,1.109254091885045e-06,2.0553821434895374,0.47025409406269053,4.194807126978382
0.05,6.838746764463725e-08,1.109254091885045e-06,2.0553821434895374,0.45796079983160165,4.194807126978382
0.05,6.838746764463725e-08,1.7160182938330899e-06,2.2240060253570744,0.4579526144769405,1.9276393106516096
0.05,6.838746764463725e-08,1.7160182938330899e-06,1.1379230276834607,0.4579526144769405,6.231830169275653
0.05,6.838746764463725e-08,1.6235345982019872e-06,1.1379230276834607,0.4579526144769405,6.231830169275653
0.05,4.95634311566265e-08,1.6235345982019872e-06,1.142453848698218,0.18116441053880625,6.231830169275653
0.05,4.95634311566265e-08,5.139308449519248e-07,1.142453848698218,0.18116441053880625,6.231830169275653
0.05,4.95634311566265e-08,5.139308449519248e-07,1.5601158718124326,0.6768932434167697,8.335539122032596
0.05,4.95634311566265e-08,3.0640549587743295e-06,1.3779095635902028,0.24889906332250958,8.335539122032596
0.05,6.753822349099606e-08,3.0640549587743295e-06,1.184682632672796,0.24889906332250958,1.5352175981123615
0.05,6.753822349099606e-08,2.170874506898653e-06,2.268033638930928,0.24889906332250958,1.5352175981123615
0.05,6.753822349099606e-08,5.1145576907780645e-08,2.268033638930928,0.24889906332250958,1.7737838544879911
0.05,6.753822349099606e-08,3.415285123481847e-08,2.578407941200621,0.24889906332250958,1.7737838544879911
0.05,5.681478872036326e-08,3.415285123481847e-08,2.578407941200621,0.24889906332250958,1.7737838544879911
0.05,5.681478872036326e-08,3.415285123481847e-08,2.578407941200621,0.24889906332250958,0.4570789417061446
0.05,5.681478872036326e-08,3.415285123481847e-08,2.578407941200621,0.24889906332250958,0.686321223265426
0.05,6.993590708282037e-08,3.59685417646274e-06,2.578407941200621,0.21617424775580135,0.7372139138363293
0.05,6.993590708282037e-08,3.59685417646274e-06,2.578407941200621,0.21617424775580135,0.9667174298541945
0.05,3.592803858731829e-08,3.59685417646274e-06,2.578407941200621,0.21617424775580135,0.9667174298541945
0.05,6.823738916419632e-08,3.59685417646274e-06,2.578407941200621,0.21617424775580135,2.7383163455096655
0.05,5.933387744687832e-08,1.8581187809723676e-06,2.578407941200621,0.21617424775580135,2.7383163455096655
0.05,5.933387744687832e-08,1.8581187809723676e-06,1.2099948859571266,0.21617424775580135,2.7383163455096655
0.05,5.933387744687832e-08,1.8581187809723676e-06,1.2099948859571266,0.21617424775580135,2.7383163455096655
0.05,5.933387744687832e-08,2.7381534849837954e-06,1.5992685575306242,0.21617424775580135,2.7383163455096655
0.05,5.933387744687832e-08,7.024136475220981e-06,1.5992685575306242,0.2187580428420457,2.7383163455096655
0.05,5.933387744687832e-08,7.024136475220981e-06,1.5992685575306242,0.2187580428420457,2.7383163455096655
0.05,7.136582020792148e-08,1.5325777033255784e-06,2.7010930881009374,0.2187580428420457,2.7383163455096655
0.05,7.136582020792148e-08,1.5325777033255784e-06,2.6614609801912215,0.2187580428420457,2.7383163455096655
0.05,3.66898307813517e-08,1.5325777033255784e-06,2.868043028432341,0.2559035724614145,2.7383163455096655
0.05,4.513386849602706e-08,1.5325777033255784e-06,2.868043028432341,0.2559035724614145,3.59161736441298
0.05,4.513386849602706e-08,1.5325777033255784e-06,2.868043028432341,0.14735668030898882,0.14447973723773083
0.05,4.513386849602706e-08,1.5325777033255784e-06,2.868043028432341,0.14735668030898882,0.14447973723773083
0.05,4.513386849602706e-08,1.5325777033255784e-06,2.868043028432341,0.1755805829753949,0.16734615873287864
0.05,4.513386849602706e-08,1.5325777033255784e-06,2.4155186524266563,0.1755805829753949,0.16734615873287864
0.05,4.513386849602706e-08,1.5325777033255784e-06,2.4155186524266563,0.1755805829753949,0.3461191188802282
0.05,4.513386849602706e-08,1.5325777033255784e-06,2.4155186524266563,0.1755805829753949,0.3461191188802282
0.05,4.360512162247383e-08,1.6063957160798997e-06,3.218564526289975,0.1755805829753949,0.39103097041701107
0.05,4.360512162247383e-08,1.6063957160798997e-06,3.218564526289975,0.1755805829753949,0.5150550560394337
0.05,4.360512162247383e-08,1.6063957160798997e-06,3.331211575885285,0.246371523961387,0.5150550560394337
0.05,4.360512162247383e-08,9.481151802336952e-06,3.331211575885285,0.246371523961387,0.5150550560394337
0.05,5.7663269180115006e-08,5.167182923611788e-07,3.75095740041349,0.246371523961387,0.6844080643145583
0.05,6.473864249486283e-08,2.4064689668124795e-06,2.1169848257728527,0.28291247797351643,0.6844080643145583
0.05,8.092735183181142e-08,2.4064689668124795e-06,2.1169848257728527,0.28291247797351643,0.810870264230906
0.05,8.092735183181142e-08,4.679666887586401e-06,2.1169848257728527,0.26358113099059816,0.810870264230906
0.05,8.092735183181142e-08,1.652402335131079e-06,1.9382649139163228,0.1295382317813015,0.810870264230906
0.05,5.7235090214145366e-08,1.652402335131079e-06,1.9382649139163228,0.1295382317813015,0.810870264230906
0.05,5.7235090214145366e-08,1.652402335131079e-06,1.9382649139163228,0.15148226934202594,1.0115233540455635
0.05,5.7235090214145366e-08,2.8140037385405526e-06,1.9382649139163228,0.15148226934202594,1.0115233540455635
0.05,5.7235090214145366e-08,2.8140037385405526e-06,1.9382649139163228,0.15148226934202594,4.69524710916131
0.05,5.7235090214145366e-08,2.8140037385405526e-06,1.9382649139163228,0.15148226934202594,4.69524710916131
0.05,5.7235090214145366e-08,2.8140037385405526e-06,1.3255991752111544,0.13752923916089646,4.69524710916131
0.05,5.7235090214145366e-08,2.3472037402101118e-06,1.3255991752111544,0.13752923916089646,4.69524710916131
0.05,5.7235090214145366e-08,2.3472037402101118e-06,1.2933289049673313,0.07949831408500439,4.69524710916131
0.05,8.107042489277251e-08,2.3472037402101118e-06,1.2933289049673313,0.07949831408500439,4.69524710916131
0.05,5.071915263201357e-08,2.3472037402101118e-06,1.2933289049673313,0.07949831408500439,4.69524710916131
0.05,5.071915263201357e-08,2.3472037402101118e-06,1.2933289049673313,0.07949831408500439,4.69524710916131
0.05,5.071915263201357e-08,2.3472037402101118e-06,1.2933289049673313,0.07949831408500439,4.69524710916131
0.05,5.071915263201357e-08,2.3472037402101118e-06,1.6203504835091698,0.0896526504657645,4.69524710916131
0.05,5.071915263201357e-08,1.2776772591806324e-06,1.1176642114144593,0.0896526504657645,4.69524710916131
0.05,5.071915263201357e-08,1.2776772591806324e-06,1.1176642114144593,0.12066900498429452,4.69524710916131
0.05,5.071915263201357e-08,1.426477550154257e-07,1.6226042356857522,0.12066900498429452,4.69524710916131
0.05,6.33045985339278e-08,1.426477550154257e-07,1.6226042356857522,0.13522810065052945,1.245450175582142
0.05,6.33045985339278e-08,1.426477550154257e-07,1.6226042356857522,0.031130740569259407,1.245450175582142
0.05,6.33045985339278e-08,1.426477550154257e-07,1.8429127205023232,0.08081204594720251,1.245450175582142
0.05,6.33045985339278e-08,5.914989790389819e-08,1.8429127205023232,0.08081204594720251,1.245450175582142
0.05,6.33045985339278e-08,2.6265520121895654e-07,1.6027517981698276,0.08081204594720251,1.245450175582142
0.05,6.33045985339278e-08,1.9954095140095282e-07,1.6027517981698276,0.06539284576674581,1.245450175582142
0.05,6.33045985339278e-08,8.471013133992535e-06,1.6027517981698276,0.03332921255518839,1.245450175582142
0.05,6.33045985339278e-08,8.471013133992535e-06,1.6027517981698276,0.04280545768087703,1.245450175582142
0.05,6.33045985339278e-08,1.1467038772603928e-05,1.6027517981698276,0.08444067565613085,1.245450175582142
0.05,6.33045985339278e-08,7.760326804383868e-06,1.6027517981698276,0.08444067565613085,1.245450175582142
0.05,6.33045985339278e-08,7.760326804383868e-06,1.6027517981698276,0.19101990631357443,1.245450175582142
0.05,6.33045985339278e-08,7.760326804383868e-06,1.6027517981698276,0.19101990631357443,1.245450175582142
0.05,6.749432943891765e-08,2.690773517352238e-07,2.3845111153348877,0.19101990631357443,1.245450175582142
0.05,6.749432943891765e-08,2.690773517352238e-07,2.0689556864809395,0.19101990631357443,1.245450175582142
0.05,6.749432943891765e-08,5.07750256911438e-06,1.7659718962163262,0.19101990631357443,1.6850812738394303
0.05,6.749432943891765e-08,5.07750256911438e-06,1.1630128806930293,0.19101990631357443,5.666407077254048
0.05,4.825666400321455e-08,5.865940211037076e-07,1.8754746011564103,0.3834195050720144,5.666407077254048
0.05,4.825666400321455e-08,5.865940211037076e-07,1.8754746011564103,0.3834195050720144,6.975733436331007
0.05,4.825666400321455e-08,5.865940211037076e-07,1.8754746011564103,0.3834195050720144,6.975733436331007
0.05,4.887566038128805e-08,1.2065944239287062e-06,1.8754746011564103,0.3834195050720144,8.856473792962765
0.05,4.887566038128805e-08,2.8807542359441934e-07,1.140088091347891,0.3834195050720144,8.856473792962765
0.05,4.887566038128805e-08,2.8807542359441934e-07,1.630696341359441,0.3834195050720144,8.856473792962765
0.05,4.887566038128805e-08,2.8807542359441934e-07,1.3483304153173878,0.4194457116960356,8.856473792962765
0.05,7.582880562340131e-08,2.8807542359441934e-07,1.3483304153173878,0.4194457116960356,8.856473792962765
0.05,7.582880562340131e-08,4.109043215744394e-07,1.3483304153173878,0.5192014271404463,8.856473792962765
0.05,7.582880562340131e-08,1.7469313330642414e-07,1.3483304153173878,0.5192014271404463,8.856473792962765
0.05,7.582880562340131e-08,1.7469313330642414e-07,1.1529395442916055,0.5192014271404463,8.856473792962765
0.05,7.582880562340131e-08,1.7469313330642414e-07,1.1529395442916055,0.5192014271404463,8.856473792962765
0.05,7.582880562340131e-08,1.7469313330642414e-07,1.089670116207499,0.17501430890828323,9.687034995459417
0.05,7.582880562340131e-08,1.0463703188913274e-07,1.089670116207499,0.8601443137568561,9.687034995459417
0.05,7.582880562340131e-08,2.8143837448019784e-07,1.089670116207499,0.8601443137568561,9.687034995459417
0.05,7.582880562340131e-08,1.0712158793194305e-07,1.089670116207499,0.7680609785527153,9.687034995459417
0.05,7.582880562340131e-08,1.8426139095767048e-07,1.089670116207499,0.7293440452905017,9.772317818053777
0.05,5.193268783779849e-08,1.8426139095767048e-07,1.102178085891296,0.38595308292402336,9.94437416360695
0.05,5.193268783779849e-08,1.8426139095767048e-07,1.102178085891296,0.38595308292402336,9.94437416360695
0.05,5.193268783779849e-08,2.4832307530964706e-07,0.8479719191832126,0.38595308292402336,9.94437416360695
0.05,4.9557034246144396e-08,2.4832307530964706e-07,0.8479719191832126,0.38595308292402336,9.94437416360695
0.05,6.680655992464335e-08,2.4832307530964706e-07,0.8479719191832126,0.38595308292402336,9.618147431127914
0.05,6.680655992464335e-08,2.4832307530964706e-07,1.373515913640695,0.2855604596285726,8.15859945182234
0.05,5.032254532735738e-08,4.7864998890406175e-06,1.6256295110886751,0.6059411942473149,8.15859945182234
0.05,5.032254532735738e-08,4.7864998890406175e-06,1.6256295110886751,0.6059411942473149,8.15859945182234
0.05,5.032254532735738e-08,4.7864998890406175e-06,1.6256295110886751,0.6059411942473149,8.15859945182234
0.05,5.032254532735738e-08,4.727944012640064e-08,1.6256295110886751,0.4994649547279257,5.627635930160814
0.05,5.032254532735738e-08,4.727944012640064e-08,1.6256295110886751,0.4994649547279257,5.627635930160814
0.05,6.520296917543913e-08,2.865545254027884e-07,1.5444723829617677,0.3879661879539987,5.627635930160814
0.05,6.520296917543913e-08,2.865545254027884e-07,1.5444723829617677,0.3879661879539987,2.997649783421752
0.05,6.520296917543913e-08,2.865545254027884e-07,2.160822646572507,0.5650954613967116,5.394780049512394
0.05,6.520296917543913e-08,2.581418223045172e-08,2.160822646572507,0.5650954613967116,3.516780843389928
0.05,8.301566376239474e-08,2.581418223045172e-08,1.9782528563352004,0.5650954613967116,3.516780843389928
0.05,6.366092008081699e-08,1.1368193986188672e-07,1.9782528563352004,0.5650954613967116,3.516780843389928
0.05,6.140952966454844e-08,2.1659694991475992e-07,1.9782528563352004,0.4005624910379686,3.516780843389928
0.05,6.140952966454844e-08,2.1659694991475992e-07,1.9782528563352004,0.4005624910379686,2.8195951628225724
0.05,6.140952966454844e-08,2.1659694991475992e-07,1.8634598190832097,0.4005624910379686,1.9902783960841353
0.05,6.140952966454844e-08,2.1659694991475992e-07,1.8634598190832097,0.4005624910379686,2.6330237595288857
0.05,6.140952966454844e-08,2.1659694991475992e-07,1.8634598190832097,0.4005624910379686,2.6330237595288857
0.05,5.62729484519009e-08,2.1659694991475992e-07,1.8634598190832097,0.4398250387523329,2.6330237595288857
0.05,7.612567653287317e-08,6.817159501648748e-09,1.2452040306850631,0.4398250387523329,3.546290295355801
0.05,5.8671869804409725e-08,6.817159501648748e-09,1.70114299492713,0.4248018660367174,7.587469136593731
0.05,5.8671869804409725e-08,7.369929245350584e-06,1.70114299492713,0.5146882702373673,9.70909881793317
0.05,3.8314767251170466e-08,7.369929245350584e-06,1.548646937419693,0.5146882702373673,9.780120737167309
0.05,3.8314767251170466e-08,7.369929245350584e-06,1.548646937419693,0.4850114888842934,9.780120737167309
0.05,3.8314767251170466e-08,1.795294792522986e-07,1.548646937419693,0.4850114888842934,9.780120737167309
0.05,3.8314767251170466e-08,1.539663146240064e-06,1.548646937419693,0.5321837106069206,9.757877513511648
0.05,3.8314767251170466e-08,6.565686547526485e-07,1.340363546510769,0.5321837106069206,9.694105985064589
0.05,3.8314767251170466e-08,3.6913243509680068e-06,1.3949180251404647,0.5686769473737516,9.694105985064589
0.05,3.8314767251170466e-08,3.6913243509680068e-06,1.3949180251404647,0.5686769473737516,9.934276451375645
0.05,4.340693681724941e-08,3.6913243509680068e-06,1.3949180251404647,0.2895340706347213,9.934276451375645
0.05,4.340693681724941e-08,3.6913243509680068e-06,1.3949180251404647,0.5982975952228418,9.94713716009348
0.05,4.340693681724941e-08,3.6913243509680068e-06,1.3949180251404647,0.4867446728205961,6.177749562941398
0.05,4.340693681724941e-08,3.6913243509680068e-06,1.3949180251404647,0.4867446728205961,6.177749562941398
0.05,4.340693681724941e-08,3.6913243509680068e-06,1.3949180251404647,0.4867446728205961,6.177749562941398
0.05,4.340693681724941e-08,3.6913243509680068e-06,1.6337067474378622,0.2571647295744508,5.607593099949941
0.05,4.492851464312639e-08,3.6913243509680068e-06,1.7966942388419413,0.2571647295744508,2.2211242287480273
0.05,4.492851464312639e-08,1.2211163526420538e-06,1.7966942388419413,0.2571647295744508,2.571461625133714
0.05,4.492851464312639e-08,1.2211163526420538e-06,2.5745236289387057,0.2571647295744508,2.571461625133714
0.05,4.492851464312639e-08,1.2211163526420538e-06,2.5745236289387057,0.2571647295744508,0.46182142253960606
0.05,4.492851464312639e-08,1.2211163526420538e-06,2.5745236289387057,0.2571647295744508,0.6148008063898537
0.05,5.746403643284629e-08,1.2211163526420538e-06,2.5745236289387057,0.2571647295744508,4.164281533659089
0.05,4.534165090152909e-08,9.197828901190975e-07,1.5001879184170246,0.2571647295744508,4.164281533659089
0.05,5.302190534646058e-08,9.197828901190975e-07,1.5001879184170246,0.2571647295744508,4.164281533659089
0.05,5.302190534646058e-08,9.197828901190975e-07,2.2735278811123196,0.2571647295744508,4.164281533659089
0.05,5.302190534646058e-08,3.103123161381871e-07,2.2735278811123196,0.2571647295744508,4.164281533659089
0.05,5.302190534646058e-08,3.103123161381871e-07,2.2735278811123196,0.3785504361528288,4.164281533659089
0.05,8.865235503579672e-08,3.103123161381871e-07,2.2735278811123196,0.3785504361528288,1.1766022987514706
0.05,8.865235503579672e-08,3.103123161381871e-07,2.71146509245106,0.3785504361528288,1.1766022987514706
0.05,8.865235503579672e-08,1.8634229282096762e-07,1.733334953314082,0.3785504361528288,1.1766022987514706
0.05,7.909203720402772e-08,1.7186618312480135e-09,2.694825990288906,0.3785504361528288,1.1766022987514706
0.05,7.909203720402772e-08,4.34314133491848e-08,2.694825990288906,0.3785504361528288,1.1766022987514706
0.05,7.909203720402772e-08,8.005614996289494e-06,1.9349198124429956,0.3785504361528288,1.1766022987514706
0.05,7.909203720402772e-08,8.36713069873505e-06,1.9349198124429956,0.4102730318471699,1.1766022987514706
0.05,5.62060566306314e-08,1.2120744018133116e-07,1.9349198124429956,0.29036800526892187,1.2307001174080294
0.05,5.62060566306314e-08,1.2120744018133116e-07,1.9349198124429956,0.29036800526892187,1.532782896802384
0.05,5.62060566306314e-08,7.639195006635273e-07,1.9349198124429956,0.29036800526892187,6.658842199653181
0.05,5.62060566306314e-08,7.639195006635273e-07,1.9349198124429956,0.44090297883139845,6.658842199653181
0.05,5.62060566306314e-08,7.639195006635273e-07,1.9349198124429956,0.44090297883139845,7.553794450339126
0.05,5.62060566306314e-08,4.1343387730525506e-07,1.6590884316844379,0.32759645541323257,7.553794450339126
0.05,5.834665564191488e-08,8.286450776515194e-07,1.6590884316844379,0.32759645541323257,7.553794450339126
0.05,5.834665564191488e-08,8.286450776515194e-07,1.6590884316844379,0.32759645541323257,7.553794450339126
0.05,5.834665564191488e-08,8.286450776515194e-07,1.6590884316844379,0.48108396461958375,6.008099838881046
0.05,5.834665564191488e-08,6.581840377713624e-07,1.6590884316844379,0.33155294393554274,5.911169101392451
0.05,5.834665564191488e-08,6.581840377713624e-07,1.543655960744014,0.33155294393554274,5.911169101392451
0.05,6.500187617285365e-08,6.581840377713624e-07,1.543655960744014,0.3819802349169111,5.911169101392451
0.05,6.500187617285365e-08,6.581840377713624e-07,1.543655960744014,0.3819802349169111,5.911169101392451
0.05,6.500187617285365e-08,6.581840377713624e-07,1.4331878582530981,0.3659510376583897,5.911169101392451
0.05,6.500187617285365e-08,6.581840377713624e-07,1.5535137172709266,0.3659510376583897,5.911169101392451
0.05,6.500187617285365e-08,6.581840377713624e-07,1.5535137172709266,0.3659510376583897,3.0574006747370057
0.05,6.500187617285365e-08,6.581840377713624e-07,1.4831649424948128,0.2128686014143893,3.0574006747370057
0.05,6.500187617285365e-08,6.581840377713624e-07,1.313726135996764,0.3443830885304501,7.688197425362693
0.05,6.471969091764434e-08,6.581840377713624e-07,1.3971911103154349,0.3443830885304501,7.82246857655778
0.05,6.471969091764434e-08,6.581840377713624e-07,1.3971911103154349,0.30955477456446356,7.82246857655778
0.05,6.471969091764434e-08,9.549546640773109e-07,1.5768892675321011,0.30955477456446356,7.42809006048052
0.05,6.471969091764434e-08,9.549546640773109e-07,1.5768892675321011,0.5296912822418923,7.42809006048052
0.05,6.041181122337146e-08,9.549546640773109e-07,1.4965548805958049,0.2513501950678783,7.42809006048052
0.05,6.757875252344267e-08,9.549546640773109e-07,1.4965548805958049,0.6161653505574537,7.42809006048052
0.05,6.757875252344267e-08,9.549546640773109e-07,1.6034428880447078,0.6161653505574537,7.151055086457335
0.05,6.757875252344267e-08,2.0987799879997578e-07,1.6034428880447078,0.6161653505574537,3.336588066481132
0.05,6.757875252344267e-08,6.481387802329911e-07,1.6034428880447078,0.3388999551382541,3.336588066481132
0.05,6.757875252344267e-08,6.481387802329911e-07,2.155906944636328,0.3388999551382541,3.336588066481132
0.05,6.757875252344267e-08,2.2621933582580815e-07,2.155906944636328,0.3070055255284469,1.3694311854604098
0.05,6.757875252344267e-08,2.2621933582580815e-07,2.155906944636328,0.3070055255284469,0.7498997783405605
0.05,6.757875252344267e-08,8.64730748732703e-06,2.155906944636328,0.3070055255284469,0.7498997783405605
0.05,6.757875252344267e-08,8.64730748732703e-06,2.155906944636328,0.3070055255284469,0.7498997783405605
0.05,6.757875252344267e-08,8.64730748732703e-06,1.991202280889118,0.3070055255284469,0.7498997783405605
0.05,7.888252751190444e-08,4.771037151676875e-08,3.101733350524036,0.3070055255284469,5.4566634780188386
0.05,7.888252751190444e-08,4.771037151676875e-08,3.101733350524036,0.31803012028482597,5.4566634780188386
0.05,5.825009313083582e-08,7.406204680892411e-06,3.101733350524036,0.31803012028482597,5.4566634780188386
0.05,6.563997152744689e-08,7.406204680892411e-06,3.101733350524036,0.31803012028482597,4.4051286130034955
0.05,6.563997152744689e-08,7.406204680892411e-06,1.9294141136367182,0.2742903681629798,2.9317555035802885
0.05,6.61634554970058e-08,2.5397267799124874e-07,1.9294141136367182,0.2742903681629798,2.9317555035802885
0.05,6.61634554970058e-08,3.590517582048055e-06,1.9294141136367182,0.3037445166186527,5.420838059447165
0.05,6.61634554970058e-08,3.4350172325816355e-06,1.9294141136367182,0.36084755290023396,5.420838059447165
0.05,6.61634554970058e-08,3.4350172325816355e-06,2.3820772453776686,0.36084755290023396,5.420838059447165
0.05,6.61634554970058e-08,3.4350172325816355e-06,1.405656588839765,0.36084755290023396,5.420838059447165
0.05,6.61634554970058e-08,3.4350172325816355e-06,1.8427795840283139,0.1331809779983865,5.420838059447165
0.05,6.61634554970058e-08,3.4350172325816355e-06,1.8427795840283139,0.2923502807344596,2.6894491997116283
0.05,6.61634554970058e-08,3.4350172325816355e-06,1.640621348118882,0.04642113300131905,0.014580125139192239
0.05,6.61634554970058e-08,1.9262998234473083e-06,1.640621348118882,0.17852740401277287,0.014580125139192239
0.05,6.61634554970058e-08,1.9262998234473083e-06,1.640621348118882,0.17852740401277287,0.014580125139192239
0.05,6.61634554970058e-08,1.9262998234473083e-06,3.096353931092221,0.17852740401277287,0.03309808553212272
0.05,6.61634554970058e-08,9.307253069173184e-07,3.096353931092221,0.17852740401277287,0.03309808553212272
0.05,6.61634554970058e-08,9.307253069173184e-07,2.853522262762432,0.17852740401277287,0.02198880277589229
0.05,6.61634554970058e-08,5.285873903120164e-06,1.6084308456827976,0.17852740401277287,0.02198880277589229
0.05,9.219078243771151e-08,5.285873903120164e-06,1.3906692657767943,0.15291140134484063,0.02198880277589229
0.05,7.009836567328632e-08,1.2886223795014139e-06,2.3501822594420756,0.15291140134484063,0.02198880277589229
0.05,7.009836567328632e-08,1.3861159722225989e-06,2.3501822594420756,0.13307271082254982,0.08246030616251143
0.05,7.009836567328632e-08,1.3861159722225989e-06,2.3501822594420756,0.28113678968461336,0.6679102577734991
0.05,7.009836567328632e-08,1.3861159722225989e-06,2.3501822594420756,0.28113678968461336,2.4901780109013005
0.05,7.009836567328632e-08,1.2429869178589391e-06,2.2204297858669433,0.28113678968461336,1.5942534554857388
0.05,7.009836567328632e-08,1.2429869178589391e-06,2.2204297858669433,0.4553122107211388,3.9516494894679473
0.05,7.009836567328632e-08,1.2429869178589391e-06,2.2204297858669433,0.22298198884152498,3.9516494894679473
0.05,7.009836567328632e-08,1.2429869178589391e-06,1.5548502324904432,0.22298198884152498,3.9516494894679473
0.05,7.009836567328632e-08,7.091007490919076e-07,1.5548502324904432,0.1416554104398098,4.659200709716329
0.05,7.009836567328632e-08,7.091007490919076e-07,1.5548502324904432,0.16875514457032317,4.659200709716329
0.05,7.009836567328632e-08,1.7256399411654664e-06,1.8843740144182846,0.3287016104612286,4.659200709716329
0.05,8.374434927788281e-08,4.856351098748622e-07,1.8843740144182846,0.5816933459951015,4.659200709716329
0.05,8.548921393104191e-08,4.856351098748622e-07,1.8843740144182846,0.17161978608080658,5.984325702510532
0.05,8.548921393104191e-08,1.233523667606562e-07,1.425256289416147,0.17161978608080658,5.984325702510532
0.05,8.548921393104191e-08,5.21804089227841e-08,1.425256289416147,0.17161978608080658,5.984325702510532
0.05,8.681049052807571e-08,5.21804089227841e-08,1.425256289416147,0.29006358442450975,5.984325702510532
0.05,7.393717261788052e-08,5.21804089227841e-08,2.529782570318988,0.29006358442450975,2.509757295182653
0.05,7.393717261788052e-08,5.21804089227841e-08,1.9558665655809129,0.29006358442450975,2.509757295182653
0.05,7.393717261788052e-08,1.4315579739255109e-06,2.0636791137966473,0.09390935386875783,2.509757295182653
0.05,7.393717261788052e-08,1.4315579739255109e-06,2.0636791137966473,0.0867563332069136,1.5187550395320542
0.05,6.583804161256958e-08,1.4315579739255109e-06,2.0636791137966473,0.4401217523522068,1.5187550395320542
0.05,6.583804161256958e-08,1.4315579739255109e-06,2.008409218555852,0.3361027981288742,1.5187550395320542
0.05,6.583804161256958e-08,5.150764491327347e-07,2.008409218555852,0.3262047338082216,1.5187550395320542
0.05,9.573680611154964e-08,5.150764491327347e-07,2.008409218555852,0.3262047338082216,1.5187550395320542
0.05,8.862909485065046e-08,5.150764491327347e-07,2.008409218555852,0.3262047338082216,2.29242570742405
0.05,8.862909485065046e-08,5.150764491327347e-07,2.008409218555852,0.3262047338082216,2.29242570742405
0.05,8.862909485065046e-08,5.150764491327347e-07,2.008409218555852,0.3262047338082216,2.29242570742405
0.05,8.862909485065046e-08,1.0114655785856837e-06,1.9339622736694084,0.3262047338082216,4.864269682433307
0.05,5.598709932629598e-08,2.5697084199325467e-06,1.9339622736694084,0.3262047338082216,4.864269682433307
0.05,5.598709932629598e-08,2.5697084199325467e-06,1.9339622736694084,0.3262047338082216,1.723365161588086
0.05,5.598709932629598e-08,2.5697084199325467e-06,1.963860720657157,0.3262047338082216,1.723365161588086
0.05,5.598709932629598e-08,2.5697084199325467e-06,1.963860720657157,0.3813909086218786,2.9360433095266947
0.05,5.890022734785522e-08,2.9320723845233516e-06,2.3257066106800854,0.3523099450659679,2.9360433095266947
0.05,5.890022734785522e-08,2.9320723845233516e-06,2.214722069743271,0.16909882594528003,2.9360433095266947
0.05,5.890022734785522e-08,2.9320723845233516e-06,2.214722069743271,0.16909882594528003,2.9360433095266947
0.05,5.890022734785522e-08,2.9320723845233516e-06,2.214722069743271,0.16909882594528003,2.9360433095266947
0.05,5.890022734785522e-08,2.6531216152845084e-06,2.214722069743271,0.16909882594528003,2.9360433095266947
0.05,9.40740687654371e-08,1.1519899397296678e-06,1.2049297412821993,0.15194218842373963,2.9360433095266947
0.05,9.40740687654371e-08,1.4057803482959211e-06,1.2049297412821993,0.15194218842373963,1.0177294241263837
0.05,3.524829325024245e-08,5.335464612014366e-06,1.8969448624544627,0.18694780479478817,1.0177294241263837
0.05,3.524829325024245e-08,5.335464612014366e-06,1.8969448624544627,0.34060805729880506,2.0613162444065742
0.05,3.453424844616901e-08,5.335464612014366e-06,1.8969448624544627,0.34060805729880506,2.0613162444065742
0.05,3.453424844616901e-08,5.335464612014366e-06,2.9156587150632536,0.34060805729880506,3.466150958151191
0.05,3.453424844616901e-08,5.335464612014366e-06,2.9156587150632536,0.34060805729880506,3.466150958151191
0.05,7.317609051499797e-08,5.335464612014366e-06,2.9156587150632536,0.34060805729880506,4.661969008326547
0.05,7.317609051499797e-08,5.335464612014366e-06,2.9156587150632536,0.4439902132450309,5.332466213013175
0.05,7.317609051499797e-08,1.960986662265427e-06,0.9288471455684963,0.4439902132450309,5.332466213013175
0.05,7.317609051499797e-08,1.960986662265427e-06,1.903854861231561,0.4439902132450309,5.332466213013175
0.05,7.317609051499797e-08,1.960986662265427e-06,1.903854861231561,0.2747531758010872,5.332466213013175
0.05,7.317609051499797e-08,1.960986662265427e-06,1.903854861231561,0.2747531758010872,5.332466213013175
0.05,6.288082736413393e-08,1.960986662265427e-06,1.903854861231561,0.43687818940550405,5.332466213013175
0.05,6.288082736413393e-08,4.245865199752862e-06,1.903854861231561,0.43687818940550405,5.332466213013175
0.05,6.288082736413393e-08,4.245865199752862e-06,1.903854861231561,0.3432925767406131,4.253360629729038
0.05,7.933084995340617e-08,1.3483051190864407e-06,1.903854861231561,0.42366878467396757,4.253360629729038
0.05,7.933084995340617e-08,1.5790319557811033e-06,1.903854861231561,0.4030543252927422,4.253360629729038
0.05,7.933084995340617e-08,1.5790319557811033e-06,1.903854861231561,0.4030543252927422,6.117301987413503
0.05,7.933084995340617e-08,1.5790319557811033e-06,1.903854861231561,0.4030543252927422,6.117301987413503
0.05,7.933084995340617e-08,1.5790319557811033e-06,1.903854861231561,0.4030543252927422,6.551646518567126
0.05,6.96725596781936e-08,1.5790319557811033e-06,1.903854861231561,0.4030543252927422,6.551646518567126
0.05,6.96725596781936e-08,1.5790319557811033e-06,1.903854861231561,0.35908151828276913,6.551646518567126
0.05,1.0885947533581627e-07,1.7217683032798776e-06,1.903854861231561,0.43904716923098164,4.62541026779501
0.05,1.0885947533581627e-07,3.406138439914494e-06,1.903854861231561,0.3972332443656168,4.62541026779501
0.05,1.0885947533581627e-07,3.406138439914494e-06,1.3873131821389217,0.3972332443656168,4.62541026779501
0.05,1.0885947533581627e-07,3.406138439914494e-06,1.3873131821389217,0.3972332443656168,4.62541026779501
0.05,1.0885947533581627e-07,3.406138439914494e-06,1.3873131821389217,0.11368682483242397,1.7760578446091038
0.05,8.306450272006883e-08,3.406138439914494e-06,1.3873131821389217,0.09689959148588366,1.7760578446091038
0.05,8.050775413104252e-08,3.406138439914494e-06,1.5474947903785679,0.18630710274167542,1.7760578446091038
0.05,8.050775413104252e-08,3.406138439914494e-06,1.5474947903785679,0.11500065137292924,1.7760578446091038
0.05,8.050775413104252e-08,1.4521582670479539e-06,1.5474947903785679,0.11500065137292924,1.8477663681185519
0.05,7.233364644196435e-08,2.6857883024979735e-06,1.6069516910259534,0.11500065137292924,1.8477663681185519
0.05,7.233364644196435e-08,2.6857883024979735e-06,1.6069516910259534,0.11500065137292924,3.0893629856742413
0.05,7.233364644196435e-08,2.6857883024979735e-06,1.6069516910259534,0.11500065137292924,0.763066024387459
0.05,7.233364644196435e-08,4.0524513043177866e-06,1.6069516910259534,0.11500065137292924,0.763066024387459
0.05,7.233364644196435e-08,4.0524513043177866e-06,2.9789763797105966,0.21554596918913085,0.15688907253315565
0.05,7.760658146611628e-08,4.0524513043177866e-06,2.269575316625073,0.21554596918913085,0.15688907253315565
0.05,7.760658146611628e-08,1.4481978823886682e-06,2.269575316625073,0.21554596918913085,0.15688907253315565
0.05,7.760658146611628e-08,2.2892588380689246e-06,1.7160108739651538,0.21554596918913085,0.31156589276144697
0.05,7.760658146611628e-08,2.2892588380689246e-06,1.561274954938766,0.21554596918913085,4.635332630999005
0.05,7.760658146611628e-08,2.2892588380689246e-06,1.561274954938766,0.5402334018876843,7.584132917625249
0.05,4.471899427458191e-08,2.2892588380689246e-06,1.845857427922537,0.5402334018876843,6.911732461994159
0.05,4.471899427458191e-08,2.2892588380689246e-06,1.5441099802436025,0.5402334018876843,6.911732461994159
0.05,4.471899427458191e-08,2.2892588380689246e-06,1.5441099802436025,0.3556626966608833,9.216527245388992
0.05,4.471899427458191e-08,2.2892588380689246e-06,1.3683692789428075,0.3556626966608833,8.98691599372383
0.05,9.07590704382606e-08,2.2892588380689246e-06,1.3683692789428075,0.3556626966608833,5.099495237497611
0.05,9.07590704382606e-08,2.2892588380689246e-06,1.3683692789428075,0.3556626966608833,4.364259416392208
0.05,6.335535408981517e-08,2.2892588380689246e-06,2.0482399188786276,0.21189450813636868,4.364259416392208
0.05,6.335535408981517e-08,2.2892588380689246e-06,2.0482399188786276,0.38083518311193465,5.893674619703463
0.05,6.335535408981517e-08,7.539396783016123e-07,2.0482399188786276,0.38083518311193465,5.893674619703463
0.05,6.335535408981517e-08,3.194234238260875e-06,1.4041788019548802,0.38083518311193465,6.59599581511835
0.05,5.9549177089700114e-08,5.52626401574678e-07,1.4041788019548802,0.38083518311193465,6.59599581511835
0.05,5.9549177089700114e-08,2.869622527400071e-08,0.8378897417953743,0.43559254064473213,7.574324370911276
0.05,5.9549177089700114e-08,2.869622527400071e-08,0.8378897417953743,0.43559254064473213,7.574324370911276
0.05,5.9549177089700114e-08,1.1430560022429555e-07,0.9117003290379646,0.33130625655889506,7.574324370911276
0.05,5.9549177089700114e-08,1.1430560022429555e-07,0.9117003290379646,0.33130625655889506,7.574324370911276
0.05,8.957000934658355e-08,8.60579299302434e-07,0.9117003290379646,0.4467387264056365,7.574324370911276
0.05,8.957000934658355e-08,1.6649912277661534e-06,0.799255752975607,0.4467387264056365,6.868894000120096
0.05,8.957000934658355e-08,1.6649912277661534e-06,0.799255752975607,0.4467387264056365,8.972838950245263
0.05,8.957000934658355e-08,2.1621001198633393e-06,1.0041703893250142,0.4467387264056365,8.972838950245263
0.05,8.957000934658355e-08,2.1621001198633393e-06,1.0041703893250142,0.4467387264056365,9.412871657592085
0.05,4.819029577840669e-08,1.9779900934532926e-07,1.0041703893250142,0.4467387264056365,9.412871657592085
0.05,4.819029577840669e-08,1.9779900934532926e-07,1.0041703893250142,0.48070277326366995,9.412871657592085
0.05,4.819029577840669e-08,1.9779900934532926e-07,1.8001886194978403,0.18818873269451647,7.401600154811749
0.05,4.819029577840669e-08,2.185880654297627e-07,1.8001886194978403,0.35303890502392876,7.401600154811749
0.05,4.819029577840669e-08,2.185880654297627e-07,1.8001886194978403,0.35303890502392876,7.401600154811749
0.05,4.819029577840669e-08,7.59620786183039e-07,1.8001886194978403,0.37641040807244147,7.753641895429681
0.05,4.819029577840669e-08,7.59620786183039e-07,1.8001886194978403,0.37641040807244147,7.753641895429681
0.05,4.819029577840669e-08,7.59620786183039e-07,1.8001886194978403,0.3583157772755239,7.753641895429681
0.05,4.819029577840669e-08,7.59620786183039e-07,1.8001886194978403,0.6226913773796743,7.753641895429681
0.05,4.819029577840669e-08,1.288708561011481e-06,1.8001886194978403,0.6226913773796743,7.753641895429681
0.05,4.819029577840669e-08,1.288708561011481e-06,1.8001886194978403,0.6226913773796743,7.753641895429681
0.05,6.944260683051924e-08,1.288708561011481e-06,1.8001886194978403,0.39485643113880353,7.753641895429681
0.05,6.524278533304061e-08,1.288708561011481e-06,2.166314954487464,0.39485643113880353,6.596549965967783
0.05,6.524278533304061e-08,1.288708561011481e-06,2.166314954487464,0.39485643113880353,3.837304361801774
0.05,6.524278533304061e-08,1.288708561011481e-06,2.166314954487464,0.39485643113880353,3.837304361801774
0.05,6.524278533304061e-08,1.288708561011481e-06,2.166314954487464,0.39485643113880353,3.4300868260527144
0.05,6.524278533304061e-08,1.1846544944863222e-06,2.166314954487464,0.25626459418431663,3.4300868260527144
0.05,6.524278533304061e-08,2.1251569585074544e-06,2.166314954487464,0.25626459418431663,3.4300868260527144
0.05,7.173090798498702e-08,2.1251569585074544e-06,2.166314954487464,0.22611058201758866,0.16832831564093187
0.05,7.173090798498702e-08,2.1251569585074544e-06,2.166314954487464,0.22611058201758866,0.16832831564093187
0.05,7.173090798498702e-08,2.1251569585074544e-06,2.166314954487464,0.22611058201758866,0.16832831564093187
0.05,7.173090798498702e-08,2.1251569585074544e-06,2.166314954487464,0.22611058201758866,0.16832831564093187
0.05,7.173090798498702e-08,2.1251569585074544e-06,1.763779963908358,0.22611058201758866,0.16832831564093187
0.05,7.173090798498702e-08,2.1251569585074544e-06,2.0545281381731675,0.22611058201758866,0.16832831564093187
0.05,7.173090798498702e-08,2.1761987438275972e-07,2.0545281381731675,0.22611058201758866,0.16832831564093187
0.05,7.173090798498702e-08,2.1761987438275972e-07,1.5587512743968883,0.20303139811238705,0.16832831564093187
0.05,4.920149944476706e-08,5.616352943558222e-07,2.2083326198143487,0.1270867912379254,0.16832831564093187
0.05,4.920149944476706e-08,4.653178067255396e-07,2.2083326198143487,0.29082169405658853,0.16832831564093187
0.05,4.920149944476706e-08,4.653178067255396e-07,2.2083326198143487,0.29082169405658853,2.0375604704997956
0.05,4.920149944476706e-08,1.1383821076179685e-06,1.825331550639069,0.29082169405658853,0.5780814464327183
0.05,8.112473461810249e-08,1.1383821076179685e-06,2.232746830798672,0.29082169405658853,0.5780814464327183
0.05,8.112473461810249e-08,1.1383821076179685e-06,2.753985244909498,0.10710191963603259,0.5780814464327183
0.05,8.112473461810249e-08,1.1383821076179685e-06,2.753985244909498,0.10710191963603259,0.9823997025375036
0.05,8.112473461810249e-08,1.1383821076179685e-06,2.753985244909498,0.10710191963603259,0.9823997025375036
0.05,5.899933392915433e-08,1.1383821076179685e-06,2.753985244909498,0.10710191963603259,0.19055729194673443
0.05,5.980363176012277e-08,1.1383821076179685e-06,2.753985244909498,0.10710191963603259,2.406686688094801
0.05,8.611992318063436e-08,1.1383821076179685e-06,2.753985244909498,0.10710191963603259,0.12950502530356295
0.05,9.995809467216761e-08,1.6776277520597452e-06,2.361776192032267,0.10710191963603259,0.12950502530356295
0.05,3.766614027083115e-08,1.6776277520597452e-06,2.361776192032267,0.10710191963603259,0.0625248659269139
0.05,8.834785312518419e-08,2.4757006055573564e-06,2.361776192032267,0.11236921945472468,0.723201015543637
0.05,8.834785312518419e-08,2.4757006055573564e-06,2.1134881105360197,0.11236921945472468,0.723201015543637
0.05,9.29075511594661e-08,2.4757006055573564e-06,2.1134881105360197,0.11236921945472468,0.2603929999230863
0.05,9.29075511594661e-08,1.5880559649764918e-06,2.1134881105360197,0.11236921945472468,0.2603929999230863
0.05,7.121688889191026e-08,3.5809290208078303e-06,2.1134881105360197,0.172996384971678,0.19013315343579695
0.05,5.8258340838208625e-08,3.5809290208078303e-06,2.1134881105360197,0.172996384971678,0.19013315343579695
0.05,5.8258340838208625e-08,3.5809290208078303e-06,2.1134881105360197,0.172996384971678,0.35556319808927905
0.05,5.8258340838208625e-08,3.5809290208078303e-06,1.6213025585944476,0.172996384971678,0.35556319808927905
0.05,5.8258340838208625e-08,3.5809290208078303e-06,2.6056091328412285,0.172996384971678,0.35556319808927905
0.05,5.8258340838208625e-08,1.3424698485357546e-06,2.6056091328412285,0.172996384971678,0.4648334792997275
0.05,5.8258340838208625e-08,1.3424698485357546e-06,2.6056091328412285,0.172996384971678,0.374610452478109
0.05,6.587114230402638e-08,1.3424698485357546e-06,2.36462880013428,0.17500961370553997,0.374610452478109
0.05,6.587114230402638e-08,1.3424698485357546e-06,2.36462880013428,0.17664759397271798,1.2925858873127893
0.05,6.587114230402638e-08,1.3424698485357546e-06,2.629677896734351,0.17664759397271798,1.2925858873127893
0.05,6.587114230402638e-08,3.24529616257835e-06,1.8258951024553307,0.17664759397271798,1.2925858873127893
0.05,6.587114230402638e-08,9.596149437668451e-08,2.0079713017625607,0.17664759397271798,1.2925858873127893
0.05,6.587114230402638e-08,6.653089598400609e-07,2.0079713017625607,0.09424653621120667,1.2925858873127893
0.05,6.587114230402638e-08,2.8861219751222226e-06,2.3963469563430113,0.1697319456925977,1.6197581484419123
0.05,6.587114230402638e-08,2.8861219751222226e-06,2.436958608754998,0.2947578077047664,1.6197581484419123
0.05,5.6880047547440136e-08,2.8861219751222226e-06,2.436958608754998,0.23375683642467057,1.6197581484419123
0.05,5.6880047547440136e-08,2.8861219751222226e-06,1.116656631744525,0.22302037227772542,1.6197581484419123
0.05,5.6880047547440136e-08,1.3790443135311748e-06,0.922089208025187,0.22302037227772542,1.6197581484419123
0.05,5.6880047547440136e-08,1.3790443135311748e-06,1.352119829417617,0.17556032361922683,5.2172919299185825
0.05,7.419794219482774e-08,5.026121147158099e-07,1.352119829417617,0.3631134799611779,3.862553798262688
0.05,7.419794219482774e-08,5.026121147158099e-07,1.1357479691712902,0.14402002173012232,3.862553798262688
0.05,7.419794219482774e-08,8.420704701611282e-07,1.1357479691712902,0.1641528563774214,1.2100623103115895
0.05,7.419794219482774e-08,8.420704701611282e-07,1.1357479691712902,0.1641528563774214,1.2100623103115895
0.05,7.419794219482774e-08,5.877547106876604e-07,4.303878372071759,0.22449313699597773,1.2100623103115895
0.05,7.303063087386834e-08,3.95159982054024e-06,1.747558969983447,0.19872995761858744,1.2100623103115895
0.05,7.303063087386834e-08,3.95159982054024e-06,1.747558969983447,0.19872995761858744,1.2100623103115895
0.05,7.303063087386834e-08,3.95159982054024e-06,1.747558969983447,0.19872995761858744,1.2100623103115895
0.05,7.303063087386834e-08,3.95159982054024e-06,1.747558969983447,0.09483036927062609,1.2100623103115895
0.05,5.3495609628676584e-08,3.95159982054024e-06,1.747558969983447,0.09483036927062609,0.14930669326394733
0.05,5.797590611869293e-08,3.95159982054024e-06,1.747558969983447,0.09483036927062609,4.030833182222823
0.05,5.797590611869293e-08,3.95159982054024e-06,1.747558969983447,0.1614675679239055,4.030833182222823
0.05,5.797590611869293e-08,3.95159982054024e-06,3.4160272213689664,0.1614675679239055,1.1258637441062915
0.05,5.797590611869293e-08,1.044986333743431e-05,3.4160272213689664,0.17257167564474923,1.1258637441062915
0.05,5.797590611869293e-08,1.1908793487416975e-07,3.9242126507809334,0.2487502798604805,1.1258637441062915
0.05,5.797590611869293e-08,1.1908793487416975e-07,3.9242126507809334,0.23717916988300855,1.1258637441062915
0.05,5.797590611869293e-08,1.1908793487416975e-07,3.9242126507809334,0.23717916988300855,1.1258637441062915
0.05,5.797590611869293e-08,1.1908793487416975e-07,3.382595218688923,0.17544006737206155,0.0645945462871342
0.05,5.797590611869293e-08,1.1908793487416975e-07,3.382595218688923,0.17544006737206155,0.004350191665474595
0.05,6.771536398665529e-08,1.1908793487416975e-07,3.0343678860019057,0.17544006737206155,0.006478506373876685
0.05,6.771536398665529e-08,1.1908793487416975e-07,3.0343678860019057,0.17544006737206155,0.006478506373876685
0.05,6.771536398665529e-08,5.150041311932283e-08,3.0343678860019057,0.21612762207833922,0.021726328197183616
0.05,6.316408601796707e-08,1.2694776166041524e-07,3.0343678860019057,0.21612762207833922,0.021726328197183616
0.05,6.316408601796707e-08,3.530948728378817e-07,3.0343678860019057,0.21612762207833922,0.021726328197183616
0.05,7.62271130617864e-08,3.530948728378817e-07,3.0343678860019057,0.21612762207833922,0.06696348647125136
0.05,7.62271130617864e-08,4.844980610688303e-07,3.0343678860019057,0.21612762207833922,0.18543811114820086
0.05,7.62271130617864e-08,4.844980610688303e-07,3.0343678860019057,0.21612762207833922,0.15899707903049756
0.05,7.62271130617864e-08,4.844980610688303e-07,3.0343678860019057,0.14225028287279687,0.15899707903049756
0.05,7.62271130617864e-08,4.844980610688303e-07,3.0343678860019057,0.14225028287279687,0.15899707903049756
0.05,7.62271130617864e-08,3.7573195591892476e-08,3.0343678860019057,0.12173901038469215,0.5086935843790059
0.05,7.62271130617864e-08,3.612182411095898e-06,3.0343678860019057,0.14458368784985245,0.5086935843790059
0.05,7.62271130617864e-08,3.612182411095898e-06,3.0343678860019057,0.13196247912326337,0.5086935843790059
0.05,7.62271130617864e-08,1.4025612807623587e-06,3.0343678860019057,0.07053952615122833,0.5086935843790059
0.05,4.928190298885122e-08,1.4025612807623587e-06,3.0343678860019057,0.23711369067007487,0.5086935843790059
0.05,5.513403813804343e-08,6.777829425247703e-06,3.0343678860019057,0.23711369067007487,0.5086935843790059
0.05,5.513403813804343e-08,6.777829425247703e-06,3.0343678860019057,0.2808940873306315,0.7700360158412227
0.05,5.513403813804343e-08,6.777829425247703e-06,2.0424777126482048,0.17780682602019865,0.7700360158412227
0.05,5.513403813804343e-08,6.777829425247703e-06,2.0424777126482048,0.17780682602019865,0.7700360158412227
0.05,5.513403813804343e-08,6.777829425247703e-06,2.0424777126482048,0.03373358675760737,0.7700360158412227
0.05,5.7679507804258177e-08,6.777829425247703e-06,2.0424777126482048,0.03373358675760737,0.7700360158412227
0.05,5.7679507804258177e-08,1.5895929993302938e-06,2.0424777126482048,0.03373358675760737,0.7700360158412227
0.05,5.7679507804258177e-08,1.5895929993302938e-06,2.0424777126482048,0.07505398914216788,0.7700360158412227
0.05,6.303071881848023e-08,5.283770598385727e-07,2.0424777126482048,0.07505398914216788,0.4528181865153002
0.05,6.303071881848023e-08,5.283770598385727e-07,2.0424777126482048,0.07505398914216788,5.045915197017109
0.05,6.303071881848023e-08,5.283770598385727e-07,2.0424777126482048,0.2281782957544434,5.045915197017109
0.05,6.303071881848023e-08,5.283770598385727e-07,1.0186058810833092,0.34571623310104627,5.045915197017109
0.05,6.303071881848023e-08,5.283770598385727e-07,1.0186058810833092,0.34571623310104627,5.045915197017109
0.05,6.303071881848023e-08,5.283770598385727e-07,1.0186058810833092,0.3496393091713003,5.045915197017109
0.05,6.303071881848023e-08,5.283770598385727e-07,1.0186058810833092,0.3496393091713003,5.045915197017109
0.05,5.467731535397623e-08,5.283770598385727e-07,1.0186058810833092,0.3099466801159543,7.754833253401358
0.05,5.4345296835909826e-08,5.283770598385727e-07,1.0186058810833092,0.5056350571667946,7.754833253401358
0.05,5.4345296835909826e-08,3.783461349725634e-06,1.0186058810833092,0.5056350571667946,6.628357122613886
0.05,5.4345296835909826e-08,3.783461349725634e-06,1.0186058810833092,0.5056350571667946,8.892275479007685
0.05,5.4345296835909826e-08,3.783461349725634e-06,1.0186058810833092,0.5056350571667946,8.892275479007685
0.05,5.2779974208815054e-08,3.783461349725634e-06,1.0679757793415392,0.5823676591087006,8.892275479007685
0.05,5.2779974208815054e-08,2.6397150035646294e-06,1.0679757793415392,0.5823676591087006,8.892275479007685
0.05,6.736136508805894e-08,4.396064259839698e-07,0.741003367809495,0.297056003551407,8.892275479007685
0.05,6.736136508805894e-08,4.396064259839698e-07,0.741003367809495,0.37413595773405117,8.892275479007685
0.05,5.774457069760699e-08,1.2221321798537851e-06,0.741003367809495,0.38531957251645516,9.161536814898888
0.05,5.774457069760699e-08,1.2221321798537851e-06,1.220375382364331,0.38531957251645516,9.98014052848256
0.05,4.801224654580186e-08,7.469405813601153e-07,1.0271219432564493,0.38531957251645516,9.983959694477013
0.05,4.801224654580186e-08,7.469405813601153e-07,1.0271219432564493,0.38531957251645516,9.968314462165537
0.05,5.2948184439675637e-08,7.469405813601153e-07,1.8105550651581277,0.6237374368400256,9.955673313277716
0.05,7.903783123151755e-08,7.469405813601153e-07,1.528683508124964,0.6237374368400256,6.7413100976957
0.05,7.903783123151755e-08,7.469405813601153e-07,1.2116537595363164,0.6237374368400256,7.90430455327877
0.05,7.903783123151755e-08,9.565478424140811e-07,1.0775655288984665,0.4828565553230021,7.90430455327877
0.05,7.903783123151755e-08,9.565478424140811e-07,1.0775655288984665,0.4828565553230021,5.8171802784786735
0.05,7.903783123151755e-08,9.565478424140811e-07,2.209683781827157,0.46463290274151825,5.8171802784786735
0.05,6.489804175104149e-08,9.565478424140811e-07,1.2701003981890575,0.46463290274151825,5.899829401223389
0.05,6.489804175104149e-08,4.893794079434955e-07,1.328086313705406,0.46463290274151825,5.899829401223389
0.05,6.489804175104149e-08,2.7135435492858493e-06,1.328086313705406,0.6953925941858101,6.959063673585181
0.05,6.489804175104149e-08,7.406605229873219e-07,0.9725482141438785,0.6953925941858101,6.959063673585181
0.05,6.540513191001052e-08,7.406605229873219e-07,0.9725482141438785,0.6953925941858101,6.959063673585181
0.05,6.540513191001052e-08,4.1825807003759914e-06,0.9725482141438785,0.6953925941858101,6.959063673585181
0.05,6.540513191001052e-08,5.59944936211927e-07,1.309592796923162,0.6953925941858101,6.728713100685582
0.05,6.540513191001052e-08,4.3118829166209027e-07,1.309592796923162,0.6953925941858101,9.376898810964388
0.05,6.230119069191585e-08,1.382561066610002e-06,1.309592796923162,0.2761370602061082,9.376898810964388
0.05,6.230119069191585e-08,2.558714151847953e-06,2.146789293033807,0.27896775104079424,1.885120250464483
0.05,8.814377120688797e-08,2.558714151847953e-06,2.146789293033807,0.1760579581237422,1.885120250464483
0.05,8.814377120688797e-08,2.558714151847953e-06,2.146789293033807,0.09112241244831745,1.885120250464483
0.05,7.96545670001825e-08,2.558714151847953e-06,2.146789293033807,0.09112241244831745,1.885120250464483
0.05,7.96545670001825e-08,2.558714151847953e-06,2.146789293033807,0.09112241244831745,6.322695232945228
0.05,7.96545670001825e-08,6.24745482511879e-07,2.146789293033807,0.09112241244831745,6.322695232945228
0.05,7.96545670001825e-08,6.24745482511879e-07,2.146789293033807,0.18176976472287815,3.391029178150678
0.05,7.96545670001825e-08,6.24745482511879e-07,2.146789293033807,0.18176976472287815,3.391029178150678
0.05,7.96545670001825e-08,6.24745482511879e-07,2.146789293033807,0.18176976472287815,0.2271871713196658
0.05,7.587645324485234e-08,2.9433744136408968e-06,2.146789293033807,0.18176976472287815,4.4035217161000535
0.05,7.587645324485234e-08,2.9901364704420435e-06,1.8710010287484593,0.3065901510532338,4.4035217161000535
0.05,7.587645324485234e-08,6.697702102099487e-07,2.693248151547467,0.3065901510532338,4.5254419296641215
0.05,6.834013535372868e-08,1.2491088422131068e-06,2.693248151547467,0.3065901510532338,6.349152280211232
0.05,6.834013535372868e-08,1.2491088422131068e-06,2.693248151547467,0.3065901510532338,0.19164725246864617
0.05,5.073373102849496e-08,1.2491088422131068e-06,2.693248151547467,0.23166146148778183,0.8893590446760807
0.05,5.073373102849496e-08,1.359620781503582e-07,1.7536814401616738,0.24213207058746367,0.8893590446760807
0.05,3.8863539748690257e-08,8.577983260823878e-07,1.7536814401616738,0.24294754031513563,0.8893590446760807
0.05,3.8863539748690257e-08,8.577983260823878e-07,1.7536814401616738,0.24294754031513563,0.8893590446760807
0.05,3.8863539748690257e-08,8.577983260823878e-07,2.12685331067815,0.24294754031513563,4.030942524158884
0.05,5.6525201424958844e-08,8.131080159459805e-06,2.12685331067815,0.24294754031513563,4.030942524158884
0.05,5.6525201424958844e-08,8.131080159459805e-06,1.1777683512831423,0.2544450556687595,6.31565010821779
0.05,5.6525201424958844e-08,6.943662203783023e-08,1.1777683512831423,0.2544450556687595,6.31565010821779
0.05,5.6525201424958844e-08,2.3599576339286444e-06,1.2373013021639687,0.2544450556687595,6.31565010821779
0.05,5.6525201424958844e-08,2.2031149021935256e-06,1.2373013021639687,0.2544450556687595,6.31565010821779
0.05,4.465777245812879e-08,1.1748017040048157e-08,1.16522287216575,0.3786859154858393,8.554436153373025
0.05,8.50226421752566e-08,1.1748017040048157e-08,1.16522287216575,0.3786859154858393,8.554436153373025
0.05,8.50226421752566e-08,1.1748017040048157e-08,1.16522287216575,0.4015963327058338,8.554436153373025
0.05,5.997185034620816e-08,1.1748017040048157e-08,1.7770227282666962,0.36728600923635696,8.554436153373025
0.05,8.333311236495398e-08,1.8069103677814949e-07,1.7770227282666962,0.36728600923635696,8.554436153373025
0.05,8.333311236495398e-08,1.2434763527439552e-07,1.7770227282666962,0.36728600923635696,5.222464779306786
0.05,5.83315518678275e-08,1.2434763527439552e-07,1.7770227282666962,0.36728600923635696,4.998296642295736
0.05,5.83315518678275e-08,1.2434763527439552e-07,1.7770227282666962,0.34624463481259377,4.998296642295736
0.05,5.83315518678275e-08,3.968118693346288e-08,2.118830863709381,0.34624463481259377,0.19290012540807713
0.05,5.83315518678275e-08,3.968118693346288e-08,2.415700666173474,0.3418518099313082,1.4103741252026716
0.05,5.83315518678275e-08,3.968118693346288e-08,2.415700666173474,0.2456312122213843,1.4103741252026716
0.05,5.83315518678275e-08,9.77650387600304e-08,2.415700666173474,0.2456312122213843,1.4103741252026716
0.05,8.163527800330362e-08,4.132684000771379e-07,2.3384559121042807,0.3682181580351304,1.4103741252026716
0.05,9.225295931315336e-08,4.132684000771379e-07,2.3384559121042807,0.3682181580351304,2.179901331847523
0.05,6.496950632167712e-08,4.132684000771379e-07,2.3384559121042807,0.23590387827871273,2.179901331847523
0.05,4.4892433354912474e-08,4.132684000771379e-07,2.3384559121042807,0.13057875521171752,2.179901331847523
0.05,4.4892433354912474e-08,4.132684000771379e-07,2.0161796078598537,0.08410386554046573,2.179901331847523
0.05,4.4892433354912474e-08,6.221724219961793e-06,2.0161796078598537,0.07271270811022543,2.179901331847523
0.05,4.4892433354912474e-08,6.221724219961793e-06,2.0161796078598537,0.19779298995109096,0.20915380923019003
0.05,4.4892433354912474e-08,6.221724219961793e-06,2.1817198976715795,0.19779298995109096,0.16326848067386826
0.05,4.4892433354912474e-08,6.221724219961793e-06,2.796170432694583,0.19779298995109096,0.16326848067386826
0.05,5.070306614830857e-08,1.1217366723286308e-06,2.796170432694583,0.19779298995109096,0.03054715574960621
0.05,6.478573695698681e-08,1.1217366723286308e-06,2.796170432694583,0.19779298995109096,0.03054715574960621
0.05,6.478573695698681e-08,1.1217366723286308e-06,2.796170432694583,0.29131048494843936,0.03054715574960621
0.05,6.883749277340775e-08,1.1217366723286308e-06,2.796170432694583,0.30222872608117957,0.06691792550101815
0.05,6.883749277340775e-08,1.1217366723286308e-06,2.796170432694583,0.30222872608117957,0.14392367160425606
0.05,6.883749277340775e-08,1.2780095332851423e-06,2.579240890503498,0.3282788604458039,0.14392367160425606
0.05,6.883749277340775e-08,1.2780095332851423e-06,2.579240890503498,0.3282788604458039,0.14392367160425606
0.05,7.716307355426411e-08,9.990163148276096e-07,2.579240890503498,0.3282788604458039,0.18132837014207442
0.05,7.716307355426411e-08,1.6371253574238834e-06,2.579240890503498,0.1551185302938666,0.0554277365949552
0.05,4.580596721493264e-08,1.6371253574238834e-06,2.579240890503498,0.1551185302938666,0.25727072215024244
0.05,4.580596721493264e-08,1.6371253574238834e-06,2.579240890503498,0.1643122882547988,0.25727072215024244
0.05,4.580596721493264e-08,1.6371253574238834e-06,2.579240890503498,0.2399311194925938,0.25727072215024244
0.05,4.580596721493264e-08,1.6371253574238834e-06,2.579240890503498,0.2618765607851889,0.5238035235220252
0.05,6.441300420738924e-08,1.6371253574238834e-06,2.579240890503498,0.2618765607851889,0.2739398270076227
0.05,6.19649823888049e-08,1.6371253574238834e-06,2.579240890503498,0.2618765607851889,0.2739398270076227
0.05,6.19649823888049e-08,1.6371253574238834e-06,2.579240890503498,0.2618765607851889,0.5810489484668456
0.05,6.19649823888049e-08,1.754818221866663e-08,2.579240890503498,0.2618765607851889,1.7149963812616906
0.05,5.723296463429784e-08,3.5350039131454694e-08,2.579240890503498,0.2746508062163964,2.0607295934388987
0.05,5.723296463429784e-08,4.165266146726831e-06,2.579240890503498,0.2746508062163964,2.0607295934388987
0.05,5.723296463429784e-08,2.151189436077742e-06,2.0826287840243656,0.2746508062163964,3.5740123922452502
0.05,5.723296463429784e-08,2.151189436077742e-06,2.0826287840243656,0.2746508062163964,3.5740123922452502
0.05,5.723296463429784e-08,2.151189436077742e-06,2.0826287840243656,0.2746508062163964,3.5740123922452502
0.05,5.723296463429784e-08,2.3332575009281395e-06,3.0760765090951994,0.2746508062163964,2.0300920389743555
0.05,5.723296463429784e-08,2.3332575009281395e-06,3.0760765090951994,0.2746508062163964,2.0300920389743555
0.05,5.723296463429784e-08,2.1644288724143532e-07,2.0075501664699695,0.2746508062163964,3.7174421873959433
0.05,5.723296463429784e-08,2.1644288724143532e-07,2.03572609641146,0.2746508062163964,3.7174421873959433
0.05,5.723296463429784e-08,2.1644288724143532e-07,2.03572609641146,0.2746508062163964,3.7174421873959433
0.05,8.756026922620808e-08,1.3031785038566956e-07,2.03572609641146,0.2746508062163964,3.7174421873959433
0.05,8.756026922620808e-08,6.569022850245434e-07,2.03572609641146,0.2746508062163964,3.7174421873959433
0.05,5.7877856693386145e-08,6.569022850245434e-07,2.03572609641146,0.2301091857236725,3.7174421873959433
0.05,6.931131652108583e-08,6.569022850245434e-07,2.03572609641146,0.2301091857236725,3.7174421873959433
0.05,8.482057859264561e-08,3.1580457481751766e-06,1.5783279973711593,0.2301091857236725,3.7174421873959433
0.05,4.4884807280212206e-08,3.1580457481751766e-06,1.9006983086138907,0.2301091857236725,3.7174421873959433
0.05,8.090357540262251e-08,3.1580457481751766e-06,1.9006983086138907,0.2301091857236725,3.7174421873959433
0.05,8.090357540262251e-08,8.463737350349571e-07,1.9006983086138907,0.2301091857236725,3.7174421873959433
0.05,8.090357540262251e-08,3.1765704683294867e-06,2.612115880713936,0.2301091857236725,3.7174421873959433
0.05,5.920636511647224e-08,3.1765704683294867e-06,2.612115880713936,0.2301091857236725,0.6065613262123453
0.05,6.486186102234658e-08,3.1765704683294867e-06,2.1818494989282766,0.2301091857236725,0.6065613262123453
0.05,6.486186102234658e-08,3.1765704683294867e-06,2.1818494989282766,0.11336760294878077,0.6065613262123453
0.05,5.65447593631735e-08,3.1765704683294867e-06,2.171207521646466,0.34655578701866163,0.13631376221536246
0.05,9.29644049902404e-08,4.3282677225049245e-07,1.6172204996283523,0.40884828644519716,0.13631376221536246
0.05,9.29644049902404e-08,4.3282677225049245e-07,1.6172204996283523,0.40884828644519716,0.13631376221536246
0.05,7.155962038576788e-08,4.3282677225049245e-07,1.616297788016103,0.3701225645967341,0.13631376221536246
0.05,7.155962038576788e-08,5.698016407166111e-06,1.616297788016103,0.3701225645967341,0.08711234028259346
0.05,7.155962038576788e-08,7.411176105143296e-07,1.616297788016103,0.24133813668564671,0.1542922972106148
0.05,7.155962038576788e-08,7.411176105143296e-07,1.616297788016103,0.15086034123988679,5.022362661123298
0.05,7.155962038576788e-08,7.411176105143296e-07,1.616297788016103,0.18739606882302082,0.570902406580869
0.05,7.155962038576788e-08,5.644435189938306e-06,1.616297788016103,0.18739606882302082,0.5166690295756275
0.05,7.032746124705707e-08,5.644435189938306e-06,1.616297788016103,0.10579671787906701,0.5166690295756275
0.05,4.977736203334972e-08,5.644435189938306e-06,1.4908538251648373,0.2000445594148842,0.5166690295756275
0.05,5.1692105191495205e-08,5.644435189938306e-06,1.9853103384960042,0.2000445594148842,0.5166690295756275
0.05,5.1692105191495205e-08,5.644435189938306e-06,1.5262088249743893,0.2000445594148842,0.5166690295756275
0.05,4.686964784244887e-08,5.644435189938306e-06,1.5262088249743893,0.2000445594148842,1.202511088817528
0.05,4.686964784244887e-08,5.644435189938306e-06,1.6381948384959562,0.2000445594148842,1.202511088817528
0.05,4.686964784244887e-08,5.644435189938306e-06,1.6776823085839763,0.2000445594148842,3.4733641764162053
0.05,6.767798160311555e-08,5.644435189938306e-06,1.6776823085839763,0.2000445594148842,3.4733641764162053
