subject,setsize,trial,item,dur,onset,stimulus,gaze_num,is_returning,returning_gaze_count,is_last,is_first,item_value,choice,is_last_to_choice
34,25,5,12,326.0,74.0,nr39.png,1.0,0.0,0.0,0.0,1.0,2.0,9,0.0
34,25,5,17,200.0,646.0,nr27.png,2.0,0.0,0.0,0.0,0.0,2.0,9,0.0
34,25,5,11,316.0,896.0,nr74.png,3.0,0.0,0.0,0.0,0.0,-3.0,9,0.0
34,25,5,5,548.0,1278.0,nr15.png,4.0,0.0,0.0,0.0,0.0,1.0,9,0.0
34,25,5,7,408.0,1878.0,nr80.png,5.0,0.0,0.0,0.0,0.0,2.0,9,0.0
34,25,5,13,126.0,2602.0,nr55.png,6.0,0.0,0.0,0.0,0.0,1.0,9,0.0
34,25,5,17,148.0,2766.0,nr27.png,7.0,1.0,1.0,0.0,0.0,2.0,9,0.0
34,25,5,9,294.0,3154.0,nr109.png,8.0,0.0,0.0,0.0,0.0,3.0,9,0.0
34,25,5,22,440.0,3526.0,nr58.png,9.0,0.0,0.0,0.0,0.0,1.0,9,0.0
34,25,5,21,348.0,4038.0,nr121.png,10.0,0.0,0.0,0.0,0.0,2.0,9,0.0
34,25,5,22,480.0,4438.0,nr58.png,11.0,1.0,1.0,0.0,0.0,1.0,9,0.0
34,25,5,21,464.0,4988.0,nr121.png,12.0,1.0,1.0,0.0,0.0,2.0,9,0.0
34,25,5,16,162.0,6504.0,nr9.png,13.0,0.0,0.0,0.0,0.0,1.0,9,0.0
34,25,5,15,170.0,6712.0,nr93.png,14.0,0.0,0.0,0.0,0.0,1.0,9,0.0
34,25,5,19,192.0,7314.0,nr95.png,15.0,0.0,0.0,1.0,0.0,1.0,9,0.0
34,25,9,12,342.0,75.0,nr48.png,1.0,0.0,0.0,0.0,1.0,1.0,21,1.0
34,25,9,16,198.0,601.0,nr99.png,2.0,0.0,0.0,0.0,0.0,2.0,21,1.0
34,25,9,21,196.0,841.0,nr97.png,3.0,0.0,0.0,0.0,0.0,3.0,21,1.0
34,25,9,20,184.0,1083.0,nr9.png,4.0,0.0,0.0,0.0,0.0,1.0,21,1.0
34,25,9,18,98.0,2791.0,nr39.png,5.0,0.0,0.0,0.0,0.0,2.0,21,1.0
34,25,9,23,84.0,3065.0,nr85.png,6.0,0.0,0.0,0.0,0.0,2.0,21,1.0
34,25,9,21,134.0,4485.0,nr97.png,7.0,1.0,1.0,1.0,0.0,3.0,21,1.0
34,25,10,11,116.0,412.0,nr10.png,1.0,0.0,0.0,0.0,1.0,1.0,22,0.0
34,25,10,16,274.0,558.0,nr112.png,2.0,0.0,0.0,0.0,0.0,-3.0,22,0.0
34,25,10,15,206.0,878.0,nr11.png,3.0,0.0,0.0,0.0,0.0,1.0,22,0.0
34,25,10,11,122.0,1310.0,nr10.png,4.0,1.0,1.0,0.0,0.0,1.0,22,0.0
34,25,10,0,134.0,1764.0,nr111.png,5.0,0.0,0.0,0.0,0.0,-3.0,22,0.0
34,25,10,12,124.0,1956.0,nr2.png,6.0,0.0,0.0,0.0,0.0,0.0,22,0.0
34,25,10,17,258.0,2106.0,nr84.png,7.0,0.0,0.0,0.0,0.0,2.0,22,0.0
34,25,10,22,268.0,2534.0,nr97.png,8.0,0.0,0.0,0.0,0.0,3.0,22,0.0
34,25,10,23,140.0,2824.0,nr87.png,9.0,0.0,0.0,0.0,0.0,2.0,22,0.0
34,25,10,20,288.0,4618.0,nr58.png,10.0,0.0,0.0,0.0,0.0,1.0,22,0.0
34,25,10,16,228.0,5096.0,nr112.png,11.0,1.0,1.0,0.0,0.0,-3.0,22,0.0
34,25,10,13,138.0,5378.0,nr102.png,12.0,0.0,0.0,0.0,0.0,0.0,22,0.0
34,25,10,9,134.0,5556.0,nr106.png,13.0,0.0,0.0,0.0,0.0,-2.0,22,0.0
34,25,10,3,140.0,6202.0,nr79.png,14.0,0.0,0.0,0.0,0.0,0.0,22,0.0
34,25,10,6,140.0,6406.0,nr109.png,15.0,0.0,0.0,0.0,0.0,3.0,22,0.0
34,25,10,24,390.0,6758.0,nr31.png,16.0,0.0,0.0,0.0,0.0,1.0,22,0.0
34,25,10,11,792.0,7664.0,nr10.png,17.0,1.0,2.0,0.0,0.0,1.0,22,0.0
34,25,10,6,202.0,9968.0,nr109.png,18.0,1.0,1.0,0.0,0.0,3.0,22,0.0
34,25,10,12,682.0,10192.0,nr2.png,19.0,1.0,1.0,0.0,0.0,0.0,22,0.0
34,25,10,17,191.0,12056.0,nr84.png,20.0,1.0,1.0,1.0,0.0,2.0,22,0.0
34,25,11,12,336.0,76.0,nr14.png,1.0,0.0,0.0,0.0,1.0,1.0,20,0.0
34,25,11,21,160.0,604.0,nr120.png,2.0,0.0,0.0,0.0,0.0,2.0,20,0.0
34,25,11,20,162.0,812.0,nr97.png,3.0,0.0,0.0,0.0,0.0,3.0,20,0.0
34,25,11,15,188.0,1022.0,nr95.png,4.0,0.0,0.0,0.0,0.0,1.0,20,0.0
34,25,11,11,408.0,1638.0,nr107.png,5.0,0.0,0.0,0.0,0.0,-1.0,20,0.0
34,25,11,1,160.0,2096.0,nr112.png,6.0,0.0,0.0,0.0,0.0,-3.0,20,0.0
34,25,11,0,152.0,2300.0,nr10.png,7.0,0.0,0.0,0.0,0.0,1.0,20,0.0
34,25,11,9,92.0,2834.0,nr56.png,8.0,0.0,0.0,0.0,0.0,-3.0,20,0.0
34,25,11,13,208.0,3662.0,nr57.png,9.0,0.0,0.0,0.0,0.0,-1.0,20,0.0
34,25,11,18,368.0,3908.0,nr72.png,10.0,0.0,0.0,0.0,0.0,-2.0,20,0.0
34,25,11,17,334.0,4344.0,nr114.png,11.0,0.0,0.0,0.0,0.0,-2.0,20,0.0
34,25,11,23,216.0,4744.0,nr81.png,12.0,0.0,0.0,0.0,0.0,-2.0,20,0.0
34,25,11,21,366.0,5020.0,nr120.png,13.0,1.0,1.0,0.0,0.0,2.0,20,0.0
34,25,11,22,276.0,5436.0,nr30.png,14.0,0.0,0.0,0.0,0.0,0.0,20,0.0
34,25,11,24,154.0,6800.0,nr18.png,15.0,0.0,0.0,0.0,0.0,2.0,20,0.0
34,25,11,16,276.0,7028.0,nr76.png,16.0,0.0,0.0,0.0,0.0,0.0,20,0.0
34,25,11,15,338.0,7542.0,nr95.png,17.0,1.0,1.0,0.0,0.0,1.0,20,0.0
34,25,11,21,191.0,7942.0,nr120.png,18.0,1.0,2.0,1.0,0.0,2.0,20,0.0
34,25,14,12,370.0,75.0,nr87.png,1.0,0.0,0.0,0.0,1.0,2.0,14,0.0
34,25,14,18,264.0,473.0,nr21.png,2.0,0.0,0.0,0.0,0.0,0.0,14,0.0
34,25,14,11,204.0,841.0,nr55.png,3.0,0.0,0.0,0.0,0.0,1.0,14,0.0
34,25,14,15,178.0,1085.0,nr99.png,4.0,0.0,0.0,0.0,0.0,2.0,14,0.0
34,25,14,22,128.0,1313.0,nr83.png,5.0,0.0,0.0,0.0,0.0,1.0,14,0.0
34,25,14,16,132.0,1637.0,nr88.png,6.0,0.0,0.0,0.0,0.0,3.0,14,0.0
34,25,14,15,182.0,1805.0,nr99.png,7.0,1.0,1.0,0.0,0.0,2.0,14,0.0
34,25,14,6,194.0,2343.0,nr94.png,8.0,0.0,0.0,0.0,0.0,0.0,14,0.0
34,25,14,8,142.0,2599.0,nr58.png,9.0,0.0,0.0,0.0,0.0,1.0,14,0.0
34,25,14,4,138.0,2787.0,nr76.png,10.0,0.0,0.0,0.0,0.0,0.0,14,0.0
34,25,14,0,66.0,3237.0,nr28.png,11.0,0.0,0.0,0.0,0.0,-2.0,14,0.0
34,25,14,14,148.0,3599.0,nr65.png,12.0,0.0,0.0,0.0,0.0,1.0,14,0.0
34,25,14,13,184.0,3775.0,nr62.png,13.0,0.0,0.0,0.0,0.0,1.0,14,0.0
34,25,14,17,188.0,3993.0,nr31.png,14.0,0.0,0.0,0.0,0.0,1.0,14,0.0
34,25,14,12,296.0,4217.0,nr87.png,15.0,1.0,1.0,0.0,0.0,2.0,14,0.0
34,25,14,13,92.0,4745.0,nr62.png,16.0,1.0,1.0,0.0,0.0,1.0,14,0.0
34,25,14,14,166.0,5077.0,nr65.png,17.0,1.0,1.0,0.0,0.0,1.0,14,0.0
34,25,14,23,108.0,5633.0,nr57.png,18.0,0.0,0.0,0.0,0.0,-1.0,14,0.0
34,25,14,21,184.0,5793.0,nr75.png,19.0,0.0,0.0,0.0,0.0,2.0,14,0.0
34,25,14,20,248.0,6019.0,nr42.png,20.0,0.0,0.0,0.0,0.0,1.0,14,0.0
34,25,14,24,192.0,7859.0,nr124.png,21.0,0.0,0.0,0.0,0.0,-3.0,14,0.0
34,25,14,17,146.0,8407.0,nr31.png,22.0,1.0,1.0,0.0,0.0,1.0,14,0.0
34,25,14,12,148.0,8747.0,nr87.png,23.0,1.0,2.0,0.0,0.0,2.0,14,0.0
34,25,14,3,162.0,8939.0,nr107.png,24.0,0.0,0.0,0.0,0.0,-1.0,14,0.0
34,25,14,6,134.0,9395.0,nr94.png,25.0,1.0,1.0,0.0,0.0,0.0,14,0.0
34,25,14,10,414.0,9567.0,nr60.png,26.0,0.0,0.0,0.0,0.0,1.0,14,0.0
34,25,14,14,170.0,10701.0,nr65.png,27.0,1.0,2.0,0.0,0.0,1.0,14,0.0
34,25,14,16,36.0,11071.0,nr88.png,28.0,1.0,1.0,1.0,0.0,3.0,14,0.0
34,25,19,12,164.0,270.0,nr80.png,1.0,0.0,0.0,0.0,1.0,2.0,12,0.0
34,25,19,15,238.0,562.0,nr8.png,2.0,0.0,0.0,0.0,0.0,2.0,12,0.0
34,25,19,10,352.0,844.0,nr19.png,3.0,0.0,0.0,0.0,0.0,-3.0,12,0.0
34,25,19,6,328.0,1238.0,nr7.png,4.0,0.0,0.0,0.0,0.0,1.0,12,0.0
34,25,19,7,116.0,1930.0,nr21.png,5.0,0.0,0.0,0.0,0.0,0.0,12,0.0
34,25,19,4,142.0,2094.0,nr28.png,6.0,0.0,0.0,0.0,0.0,-2.0,12,0.0
34,25,19,8,98.0,2468.0,nr53.png,7.0,0.0,0.0,0.0,0.0,1.0,12,0.0
34,25,19,17,660.0,2612.0,nr107.png,8.0,0.0,0.0,0.0,0.0,-1.0,12,0.0
34,25,19,22,320.0,3330.0,nr20.png,9.0,0.0,0.0,0.0,0.0,1.0,12,0.0
34,25,19,18,642.0,3708.0,nr52.png,10.0,0.0,0.0,0.0,0.0,0.0,12,0.0
34,25,19,13,218.0,4382.0,nr121.png,11.0,0.0,0.0,0.0,0.0,2.0,12,0.0
34,25,19,17,2000.0,4636.0,nr107.png,12.0,1.0,1.0,0.0,0.0,-1.0,12,0.0
34,25,19,22,282.0,6726.0,nr20.png,13.0,1.0,1.0,0.0,0.0,1.0,12,0.0
34,25,19,24,272.0,7070.0,nr125.png,14.0,0.0,0.0,0.0,0.0,0.0,12,0.0
34,25,19,12,118.0,7596.0,nr80.png,15.0,1.0,1.0,0.0,0.0,2.0,12,0.0
34,25,19,7,310.0,7752.0,nr21.png,16.0,1.0,1.0,0.0,0.0,0.0,12,0.0
34,25,19,13,152.0,8328.0,nr121.png,17.0,1.0,1.0,0.0,0.0,2.0,12,0.0
34,25,19,16,158.0,8548.0,nr69.png,18.0,0.0,0.0,0.0,0.0,1.0,12,0.0
34,25,19,18,96.0,8944.0,nr52.png,19.0,1.0,1.0,0.0,0.0,0.0,12,0.0
34,25,19,17,231.0,9402.0,nr107.png,20.0,1.0,2.0,1.0,0.0,-1.0,12,0.0
34,25,21,17,158.0,418.0,nr90.png,1.0,0.0,0.0,0.0,1.0,0.0,13,0.0
34,25,21,16,284.0,620.0,nr96.png,2.0,0.0,0.0,0.0,0.0,1.0,13,0.0
34,25,21,12,448.0,966.0,nr106.png,3.0,0.0,0.0,0.0,0.0,-2.0,13,0.0
34,25,21,13,174.0,2136.0,nr109.png,4.0,0.0,0.0,0.0,0.0,3.0,13,0.0
34,25,21,23,132.0,2640.0,nr15.png,5.0,0.0,0.0,0.0,0.0,1.0,13,0.0
34,25,21,24,268.0,3914.0,nr98.png,6.0,0.0,0.0,0.0,0.0,2.0,13,0.0
34,25,21,6,226.0,4296.0,nr80.png,7.0,0.0,0.0,0.0,0.0,2.0,13,0.0
34,25,21,12,202.0,4574.0,nr106.png,8.0,1.0,1.0,0.0,0.0,-2.0,13,0.0
34,25,21,11,164.0,4822.0,nr14.png,9.0,0.0,0.0,0.0,0.0,1.0,13,0.0
34,25,21,12,342.0,5038.0,nr106.png,10.0,1.0,2.0,0.0,0.0,-2.0,13,0.0
34,25,21,24,322.0,7214.0,nr98.png,11.0,1.0,1.0,0.0,0.0,2.0,13,0.0
34,25,21,12,334.0,8084.0,nr106.png,12.0,1.0,3.0,0.0,0.0,-2.0,13,0.0
34,25,21,22,130.0,10896.0,nr50.png,13.0,0.0,0.0,0.0,0.0,-1.0,13,0.0
34,25,21,21,172.0,11062.0,nr41.png,14.0,0.0,0.0,0.0,0.0,1.0,13,0.0
34,25,21,23,200.0,11294.0,nr15.png,15.0,1.0,1.0,0.0,0.0,1.0,13,0.0
34,25,21,24,118.0,11514.0,nr98.png,16.0,1.0,2.0,0.0,0.0,2.0,13,0.0
34,25,21,18,62.0,11838.0,nr95.png,17.0,0.0,0.0,0.0,0.0,1.0,13,0.0
34,25,21,17,22.0,12540.0,nr90.png,18.0,1.0,1.0,1.0,0.0,0.0,13,0.0
34,25,47,16,102.0,628.0,nr93.png,1.0,0.0,0.0,0.0,1.0,1.0,23,1.0
34,25,47,21,188.0,760.0,nr89.png,2.0,0.0,0.0,0.0,0.0,1.0,23,1.0
34,25,47,23,170.0,990.0,nr80.png,3.0,0.0,0.0,0.0,0.0,2.0,23,1.0
34,25,47,12,196.0,1842.0,nr113.png,4.0,0.0,0.0,0.0,0.0,-2.0,23,1.0
34,25,47,2,156.0,2082.0,nr7.png,5.0,0.0,0.0,0.0,0.0,1.0,23,1.0
34,25,47,0,270.0,2366.0,nr46.png,6.0,0.0,0.0,0.0,0.0,-1.0,23,1.0
34,25,47,14,710.0,2718.0,nr12.png,7.0,0.0,0.0,0.0,0.0,1.0,23,1.0
34,25,47,8,130.0,4546.0,nr98.png,8.0,0.0,0.0,0.0,0.0,2.0,23,1.0
34,25,47,17,402.0,5242.0,nr99.png,9.0,0.0,0.0,0.0,0.0,2.0,23,1.0
34,25,47,22,210.0,5714.0,nr21.png,10.0,0.0,0.0,0.0,0.0,0.0,23,1.0
34,25,47,18,134.0,7674.0,nr88.png,11.0,0.0,0.0,0.0,0.0,3.0,23,1.0
34,25,47,17,274.0,8052.0,nr99.png,12.0,1.0,1.0,0.0,0.0,2.0,23,1.0
34,25,47,24,70.0,8392.0,nr84.png,13.0,0.0,0.0,0.0,0.0,2.0,23,1.0
34,25,47,11,166.0,8758.0,nr121.png,14.0,0.0,0.0,0.0,0.0,2.0,23,1.0
34,25,47,0,94.0,9172.0,nr46.png,15.0,1.0,1.0,0.0,0.0,-1.0,23,1.0
34,25,47,17,268.0,9324.0,nr99.png,16.0,1.0,2.0,0.0,0.0,2.0,23,1.0
34,25,47,23,136.0,9622.0,nr80.png,17.0,1.0,1.0,1.0,0.0,2.0,23,1.0
34,25,49,12,404.0,76.0,nr111.png,1.0,0.0,0.0,0.0,1.0,-3.0,0,0.0
34,25,49,17,384.0,494.0,nr19.png,2.0,0.0,0.0,0.0,0.0,-3.0,0,0.0
34,25,49,6,170.0,1116.0,nr76.png,3.0,0.0,0.0,0.0,0.0,0.0,0,0.0
34,25,49,0,236.0,1328.0,nr49.png,4.0,0.0,0.0,0.0,0.0,2.0,0,0.0
34,25,49,8,190.0,1836.0,nr39.png,5.0,0.0,0.0,0.0,0.0,2.0,0,0.0
34,25,49,3,120.0,2052.0,nr107.png,6.0,0.0,0.0,0.0,0.0,-1.0,0,0.0
34,25,49,2,198.0,2218.0,nr81.png,7.0,0.0,0.0,0.0,0.0,-2.0,0,0.0
34,25,49,12,196.0,2520.0,nr111.png,8.0,1.0,1.0,0.0,0.0,-3.0,0,0.0
34,25,49,18,244.0,3270.0,nr89.png,9.0,0.0,0.0,0.0,0.0,1.0,0,0.0
34,25,49,19,266.0,3798.0,nr56.png,10.0,0.0,0.0,0.0,0.0,-3.0,0,0.0
34,25,49,21,256.0,4134.0,nr30.png,11.0,0.0,0.0,0.0,0.0,0.0,0,0.0
34,25,49,22,426.0,4424.0,nr51.png,12.0,0.0,0.0,0.0,0.0,1.0,0,0.0
34,25,49,20,284.0,5164.0,nr62.png,13.0,0.0,0.0,0.0,0.0,1.0,0,0.0
34,25,49,16,202.0,5490.0,nr95.png,14.0,0.0,0.0,0.0,0.0,1.0,0,0.0
34,25,49,10,188.0,5734.0,nr8.png,15.0,0.0,0.0,0.0,0.0,2.0,0,0.0
34,25,49,12,126.0,6266.0,nr111.png,16.0,1.0,2.0,0.0,0.0,-3.0,0,0.0
34,25,49,13,136.0,6696.0,nr124.png,17.0,0.0,0.0,0.0,0.0,-3.0,0,0.0
34,25,49,14,124.0,6862.0,nr41.png,18.0,0.0,0.0,0.0,0.0,1.0,0,0.0
34,25,49,9,120.0,7022.0,nr48.png,19.0,0.0,0.0,0.0,0.0,1.0,0,0.0
34,25,49,8,108.0,7160.0,nr39.png,20.0,1.0,1.0,0.0,0.0,2.0,0,0.0
34,25,49,3,326.0,7524.0,nr107.png,21.0,1.0,1.0,0.0,0.0,-1.0,0,0.0
34,25,49,2,234.0,7888.0,nr81.png,22.0,1.0,1.0,0.0,0.0,-2.0,0,0.0
34,25,49,1,166.0,8162.0,nr12.png,23.0,0.0,0.0,0.0,0.0,1.0,0,0.0
34,25,49,11,364.0,8594.0,nr83.png,24.0,0.0,0.0,0.0,0.0,1.0,0,0.0
34,25,49,6,132.0,8986.0,nr76.png,25.0,1.0,1.0,0.0,0.0,0.0,0,0.0
34,25,49,17,442.0,9376.0,nr19.png,26.0,1.0,1.0,0.0,0.0,-3.0,0,0.0
34,25,49,22,166.0,9868.0,nr51.png,27.0,1.0,1.0,0.0,0.0,1.0,0,0.0
34,25,49,17,164.0,10054.0,nr19.png,28.0,1.0,2.0,0.0,0.0,-3.0,0,0.0
34,25,49,21,150.0,10442.0,nr30.png,29.0,1.0,1.0,1.0,0.0,0.0,0,0.0
34,25,57,12,328.0,76.0,nr72.png,1.0,0.0,0.0,0.0,1.0,-2.0,7,0.0
34,25,57,16,124.0,444.0,nr44.png,2.0,0.0,0.0,0.0,0.0,1.0,7,0.0
34,25,57,21,148.0,612.0,nr58.png,3.0,0.0,0.0,0.0,0.0,1.0,7,0.0
34,25,57,11,316.0,1438.0,nr92.png,4.0,0.0,0.0,0.0,0.0,1.0,7,0.0
34,25,57,1,146.0,1816.0,nr41.png,5.0,0.0,0.0,0.0,0.0,1.0,7,0.0
34,25,57,9,168.0,2020.0,nr81.png,6.0,0.0,0.0,0.0,0.0,-2.0,7,0.0
34,25,57,14,294.0,2234.0,nr106.png,7.0,0.0,0.0,0.0,0.0,-2.0,7,0.0
34,25,57,19,190.0,2756.0,nr46.png,8.0,0.0,0.0,0.0,0.0,-1.0,7,0.0
34,25,57,24,484.0,3794.0,nr49.png,9.0,0.0,0.0,0.0,0.0,2.0,7,0.0
34,25,57,22,182.0,4380.0,nr65.png,10.0,0.0,0.0,0.0,0.0,1.0,7,0.0
34,25,57,17,410.0,4588.0,nr31.png,11.0,0.0,0.0,0.0,0.0,1.0,7,0.0
34,25,57,12,168.0,5066.0,nr72.png,12.0,1.0,1.0,0.0,0.0,-2.0,7,0.0
34,25,57,11,220.0,5272.0,nr92.png,13.0,1.0,1.0,0.0,0.0,1.0,7,0.0
34,25,57,15,352.0,5984.0,nr99.png,14.0,0.0,0.0,0.0,0.0,2.0,7,0.0
34,25,57,18,404.0,6404.0,nr8.png,15.0,0.0,0.0,0.0,0.0,2.0,7,0.0
34,25,57,7,316.0,7124.0,nr75.png,16.0,0.0,0.0,0.0,0.0,2.0,7,0.0
34,25,57,17,148.0,7502.0,nr31.png,17.0,1.0,1.0,0.0,0.0,1.0,7,0.0
34,25,57,22,408.0,7686.0,nr65.png,18.0,1.0,1.0,0.0,0.0,1.0,7,0.0
34,25,57,20,288.0,8194.0,nr48.png,19.0,0.0,0.0,0.0,0.0,1.0,7,0.0
34,25,57,7,230.0,8550.0,nr75.png,20.0,1.0,1.0,0.0,0.0,2.0,7,0.0
34,25,57,1,230.0,8860.0,nr41.png,21.0,1.0,1.0,0.0,0.0,1.0,7,0.0
34,25,57,24,626.0,9238.0,nr49.png,22.0,1.0,1.0,1.0,0.0,2.0,7,0.0
34,25,59,12,334.0,74.0,nr97.png,1.0,0.0,0.0,0.0,1.0,3.0,12,0.0
34,25,59,17,796.0,430.0,nr76.png,2.0,0.0,0.0,0.0,0.0,0.0,12,0.0
34,25,59,12,162.0,1264.0,nr97.png,3.0,1.0,1.0,0.0,0.0,3.0,12,0.0
34,25,59,9,212.0,1478.0,nr83.png,4.0,0.0,0.0,0.0,0.0,1.0,12,0.0
34,25,59,4,162.0,1730.0,nr85.png,5.0,0.0,0.0,0.0,0.0,2.0,12,0.0
34,25,59,21,148.0,2082.0,nr42.png,6.0,0.0,0.0,0.0,0.0,1.0,12,0.0
34,25,59,20,130.0,2264.0,nr75.png,7.0,0.0,0.0,0.0,0.0,2.0,12,0.0
34,25,59,18,64.0,2452.0,nr20.png,8.0,0.0,0.0,0.0,0.0,1.0,12,0.0
34,25,59,19,182.0,2552.0,nr57.png,9.0,0.0,0.0,1.0,0.0,-1.0,12,0.0
34,25,64,12,334.0,75.0,nr19.png,1.0,0.0,0.0,0.0,1.0,-3.0,19,0.0
34,25,64,16,106.0,671.0,nr101.png,2.0,0.0,0.0,0.0,0.0,0.0,19,0.0
34,25,64,20,294.0,821.0,nr69.png,3.0,0.0,0.0,0.0,0.0,1.0,19,0.0
34,25,64,24,32.0,2211.0,nr55.png,4.0,0.0,0.0,0.0,0.0,1.0,19,0.0
34,25,64,9,372.0,2515.0,nr98.png,5.0,0.0,0.0,0.0,0.0,2.0,19,0.0
34,25,64,4,194.0,2949.0,nr15.png,6.0,0.0,0.0,0.0,0.0,1.0,19,0.0
34,25,64,2,218.0,3191.0,nr11.png,7.0,0.0,0.0,0.0,0.0,1.0,19,0.0
34,25,64,6,154.0,3641.0,nr18.png,8.0,0.0,0.0,0.0,0.0,2.0,19,0.0
34,25,64,12,178.0,3837.0,nr19.png,9.0,1.0,1.0,0.0,0.0,-3.0,19,0.0
34,25,64,17,124.0,4229.0,nr1.png,10.0,0.0,0.0,0.0,0.0,0.0,19,0.0
34,25,64,14,104.0,4413.0,nr58.png,11.0,0.0,0.0,0.0,0.0,1.0,19,0.0
34,25,64,24,130.0,4921.0,nr55.png,12.0,1.0,1.0,0.0,0.0,1.0,19,0.0
34,25,64,19,226.0,5073.0,nr87.png,13.0,0.0,0.0,0.0,0.0,2.0,19,0.0
34,25,64,22,262.0,5365.0,nr79.png,14.0,0.0,0.0,0.0,0.0,0.0,19,0.0
34,25,64,21,186.0,5693.0,nr51.png,15.0,0.0,0.0,0.0,0.0,1.0,19,0.0
34,25,64,19,174.0,6097.0,nr87.png,16.0,1.0,1.0,0.0,0.0,2.0,19,0.0
34,25,64,22,144.0,6537.0,nr79.png,17.0,1.0,1.0,0.0,0.0,0.0,19,0.0
34,25,64,19,260.0,6891.0,nr87.png,18.0,1.0,2.0,0.0,0.0,2.0,19,0.0
34,25,64,24,328.0,7163.0,nr55.png,19.0,1.0,2.0,0.0,0.0,1.0,19,0.0
34,25,64,23,34.0,7505.0,nr94.png,20.0,0.0,0.0,0.0,0.0,0.0,19,0.0
34,25,64,22,492.0,7581.0,nr79.png,21.0,1.0,2.0,0.0,0.0,0.0,19,0.0
34,25,64,21,282.0,8313.0,nr51.png,22.0,1.0,1.0,0.0,0.0,1.0,19,0.0
34,25,64,13,182.0,8667.0,nr8.png,23.0,0.0,0.0,0.0,0.0,2.0,19,0.0
34,25,64,6,154.0,9171.0,nr18.png,24.0,1.0,1.0,0.0,0.0,2.0,19,0.0
34,25,64,0,226.0,9365.0,nr41.png,25.0,0.0,0.0,0.0,0.0,1.0,19,0.0
34,25,64,6,220.0,9633.0,nr18.png,26.0,1.0,2.0,0.0,0.0,2.0,19,0.0
34,25,64,1,248.0,9887.0,nr95.png,27.0,0.0,0.0,0.0,0.0,1.0,19,0.0
34,25,64,7,102.0,10159.0,nr39.png,28.0,0.0,0.0,0.0,0.0,2.0,19,0.0
34,25,64,16,222.0,10607.0,nr101.png,29.0,1.0,1.0,0.0,0.0,0.0,19,0.0
34,25,64,21,134.0,11255.0,nr51.png,30.0,1.0,2.0,0.0,0.0,1.0,19,0.0
34,25,64,20,216.0,11429.0,nr69.png,31.0,1.0,1.0,0.0,0.0,1.0,19,0.0
34,25,64,21,37.0,11687.0,nr51.png,32.0,1.0,3.0,1.0,0.0,1.0,19,0.0
34,25,66,12,382.0,74.0,nr106.png,1.0,0.0,0.0,0.0,1.0,-2.0,21,1.0
34,25,66,17,170.0,496.0,nr76.png,2.0,0.0,0.0,0.0,0.0,0.0,21,1.0
34,25,66,21,138.0,712.0,nr97.png,3.0,0.0,0.0,0.0,0.0,3.0,21,1.0
34,25,66,8,124.0,1260.0,nr57.png,4.0,0.0,0.0,0.0,0.0,-1.0,21,1.0
34,25,66,7,136.0,1730.0,nr18.png,5.0,0.0,0.0,0.0,0.0,2.0,21,1.0
34,25,66,12,140.0,1898.0,nr106.png,6.0,1.0,1.0,0.0,0.0,-2.0,21,1.0
34,25,66,21,178.0,2222.0,nr97.png,7.0,1.0,1.0,1.0,0.0,3.0,21,1.0
34,25,68,12,298.0,75.0,nr112.png,1.0,0.0,0.0,0.0,1.0,-3.0,9,0.0
34,25,68,16,182.0,415.0,nr75.png,2.0,0.0,0.0,0.0,0.0,2.0,9,0.0
34,25,68,23,322.0,775.0,nr96.png,3.0,0.0,0.0,0.0,0.0,1.0,9,0.0
34,25,68,9,170.0,1327.0,nr120.png,4.0,0.0,0.0,0.0,0.0,2.0,9,0.0
34,25,68,7,196.0,1555.0,nr72.png,5.0,0.0,0.0,0.0,0.0,-2.0,9,0.0
34,25,68,8,232.0,1789.0,nr90.png,6.0,0.0,0.0,0.0,0.0,0.0,9,0.0
34,25,68,0,198.0,2115.0,nr98.png,7.0,0.0,0.0,0.0,0.0,2.0,9,0.0
34,25,68,10,292.0,2355.0,nr21.png,8.0,0.0,0.0,0.0,0.0,0.0,9,0.0
34,25,68,16,158.0,2713.0,nr75.png,9.0,1.0,1.0,0.0,0.0,2.0,9,0.0
34,25,68,17,80.0,2915.0,nr49.png,10.0,0.0,0.0,0.0,0.0,2.0,9,0.0
34,25,68,18,294.0,3029.0,nr94.png,11.0,0.0,0.0,0.0,0.0,0.0,9,0.0
34,25,68,15,288.0,3409.0,nr124.png,12.0,0.0,0.0,0.0,0.0,-3.0,9,0.0
34,25,68,18,234.0,4901.0,nr94.png,13.0,1.0,1.0,0.0,0.0,0.0,9,0.0
34,25,68,14,202.0,5171.0,nr91.png,14.0,0.0,0.0,0.0,0.0,1.0,9,0.0
34,25,68,9,154.0,5577.0,nr120.png,15.0,1.0,1.0,0.0,0.0,2.0,9,0.0
34,25,68,8,122.0,5761.0,nr90.png,16.0,1.0,1.0,0.0,0.0,0.0,9,0.0
34,25,68,7,168.0,5921.0,nr72.png,17.0,1.0,1.0,0.0,0.0,-2.0,9,0.0
34,25,68,8,86.0,6127.0,nr90.png,18.0,1.0,2.0,0.0,0.0,0.0,9,0.0
34,25,68,1,120.0,6777.0,nr48.png,19.0,0.0,0.0,0.0,0.0,1.0,9,0.0
34,25,68,0,210.0,6937.0,nr98.png,20.0,1.0,1.0,0.0,0.0,2.0,9,0.0
34,25,68,1,182.0,7171.0,nr48.png,21.0,1.0,1.0,0.0,0.0,1.0,9,0.0
34,25,68,8,178.0,7403.0,nr90.png,22.0,1.0,3.0,0.0,0.0,0.0,9,0.0
34,25,68,1,202.0,7823.0,nr48.png,23.0,1.0,2.0,0.0,0.0,1.0,9,0.0
34,25,68,16,136.0,8079.0,nr75.png,24.0,1.0,2.0,0.0,0.0,2.0,9,0.0
34,25,68,10,184.0,8253.0,nr21.png,25.0,1.0,1.0,0.0,0.0,0.0,9,0.0
34,25,68,5,148.0,8471.0,nr9.png,26.0,0.0,0.0,0.0,0.0,1.0,9,0.0
34,25,68,24,234.0,8699.0,nr88.png,27.0,0.0,0.0,0.0,0.0,3.0,9,0.0
34,25,68,21,158.0,10035.0,nr53.png,28.0,0.0,0.0,0.0,0.0,1.0,9,0.0
34,25,68,22,66.0,10229.0,nr31.png,29.0,0.0,0.0,1.0,0.0,1.0,9,0.0
34,25,69,12,330.0,75.0,nr4.png,1.0,0.0,0.0,0.0,1.0,2.0,2,0.0
34,25,69,16,202.0,447.0,nr84.png,2.0,0.0,0.0,0.0,0.0,2.0,2,0.0
34,25,69,11,174.0,695.0,nr94.png,3.0,0.0,0.0,0.0,0.0,0.0,2,0.0
34,25,69,15,130.0,915.0,nr10.png,4.0,0.0,0.0,0.0,0.0,1.0,2,0.0
34,25,69,22,752.0,1599.0,nr56.png,5.0,0.0,0.0,0.0,0.0,-3.0,2,0.0
34,25,69,17,124.0,2467.0,nr80.png,6.0,0.0,0.0,0.0,0.0,2.0,2,0.0
34,25,69,8,198.0,2643.0,nr19.png,7.0,0.0,0.0,0.0,0.0,-3.0,2,0.0
34,25,69,2,168.0,2871.0,nr109.png,8.0,0.0,0.0,0.0,0.0,3.0,2,0.0
34,25,69,4,128.0,3081.0,nr102.png,9.0,0.0,0.0,0.0,0.0,0.0,2,0.0
34,25,69,1,136.0,3261.0,nr88.png,10.0,0.0,0.0,0.0,0.0,3.0,2,0.0
34,25,69,2,264.0,3435.0,nr109.png,11.0,1.0,1.0,0.0,0.0,3.0,2,0.0
34,25,69,22,242.0,4395.0,nr56.png,12.0,1.0,1.0,0.0,0.0,-3.0,2,0.0
34,25,69,17,238.0,4673.0,nr80.png,13.0,1.0,1.0,0.0,0.0,2.0,2,0.0
34,25,69,16,120.0,4951.0,nr84.png,14.0,1.0,1.0,0.0,0.0,2.0,2,0.0
34,25,69,18,157.0,5113.0,nr99.png,15.0,0.0,0.0,1.0,0.0,2.0,2,0.0
34,25,74,12,342.0,75.0,nr80.png,1.0,0.0,0.0,0.0,1.0,2.0,23,0.0
34,25,74,18,144.0,463.0,nr2.png,2.0,0.0,0.0,0.0,0.0,0.0,23,0.0
34,25,74,13,146.0,893.0,nr83.png,3.0,0.0,0.0,0.0,0.0,1.0,23,0.0
34,25,74,9,176.0,1087.0,nr120.png,4.0,0.0,0.0,0.0,0.0,2.0,23,0.0
34,25,74,2,210.0,1397.0,nr106.png,5.0,0.0,0.0,0.0,0.0,-2.0,23,0.0
34,25,74,23,142.0,1669.0,nr109.png,6.0,0.0,0.0,0.0,0.0,3.0,23,0.0
34,25,74,17,180.0,1851.0,nr19.png,7.0,0.0,0.0,0.0,0.0,-3.0,23,0.0
34,25,74,16,156.0,2081.0,nr91.png,8.0,0.0,0.0,0.0,0.0,1.0,23,0.0
34,25,74,13,108.0,2285.0,nr83.png,9.0,1.0,1.0,0.0,0.0,1.0,23,0.0
34,25,74,15,130.0,3389.0,nr7.png,10.0,0.0,0.0,0.0,0.0,1.0,23,0.0
34,25,74,16,232.0,3561.0,nr91.png,11.0,1.0,1.0,0.0,0.0,1.0,23,0.0
34,25,74,5,196.0,3839.0,nr124.png,12.0,0.0,0.0,0.0,0.0,-3.0,23,0.0
34,25,74,0,112.0,4065.0,nr93.png,13.0,0.0,0.0,0.0,0.0,1.0,23,0.0
34,25,74,17,20.0,4255.0,nr19.png,14.0,1.0,1.0,1.0,0.0,-3.0,23,0.0
34,25,98,16,176.0,420.0,nr88.png,1.0,0.0,0.0,0.0,1.0,3.0,14,0.0
34,25,98,21,118.0,624.0,nr93.png,2.0,0.0,0.0,0.0,0.0,1.0,14,0.0
34,25,98,15,238.0,784.0,nr51.png,3.0,0.0,0.0,0.0,0.0,1.0,14,0.0
34,25,98,11,290.0,1094.0,nr111.png,4.0,0.0,0.0,0.0,0.0,-3.0,14,0.0
34,25,98,6,166.0,1444.0,nr52.png,5.0,0.0,0.0,0.0,0.0,0.0,14,0.0
34,25,98,5,164.0,1654.0,nr11.png,6.0,0.0,0.0,0.0,0.0,1.0,14,0.0
34,25,98,8,208.0,1880.0,nr54.png,7.0,0.0,0.0,0.0,0.0,1.0,14,0.0
34,25,98,4,216.0,2134.0,nr79.png,8.0,0.0,0.0,0.0,0.0,0.0,14,0.0
34,25,98,14,240.0,2394.0,nr27.png,9.0,0.0,0.0,0.0,0.0,2.0,14,0.0
34,25,98,19,284.0,2692.0,nr50.png,10.0,0.0,0.0,0.0,0.0,-1.0,14,0.0
34,25,98,22,168.0,3746.0,nr84.png,11.0,0.0,0.0,0.0,0.0,2.0,14,0.0
34,25,98,21,50.0,3960.0,nr93.png,12.0,1.0,1.0,0.0,0.0,1.0,14,0.0
34,25,98,17,313.0,4336.0,nr99.png,13.0,0.0,0.0,1.0,0.0,2.0,14,0.0
34,25,103,12,334.0,74.0,nr56.png,1.0,0.0,0.0,0.0,1.0,-3.0,10,0.0
34,25,103,16,156.0,472.0,nr44.png,2.0,0.0,0.0,0.0,0.0,1.0,10,0.0
34,25,103,12,160.0,672.0,nr56.png,3.0,1.0,1.0,0.0,0.0,-3.0,10,0.0
34,25,103,10,144.0,878.0,nr109.png,4.0,0.0,0.0,0.0,0.0,3.0,10,0.0
34,25,103,16,228.0,1068.0,nr44.png,5.0,1.0,1.0,0.0,0.0,1.0,10,0.0
34,25,103,5,172.0,1342.0,nr63.png,6.0,0.0,0.0,0.0,0.0,1.0,10,0.0
34,25,103,15,136.0,1800.0,nr12.png,7.0,0.0,0.0,0.0,0.0,1.0,10,0.0
34,25,103,24,308.0,2044.0,nr102.png,8.0,0.0,0.0,0.0,0.0,0.0,10,0.0
34,25,103,23,134.0,2408.0,nr79.png,9.0,0.0,0.0,0.0,0.0,0.0,10,0.0
34,25,103,13,174.0,2588.0,nr121.png,10.0,0.0,0.0,0.0,0.0,2.0,10,0.0
34,25,103,15,140.0,2828.0,nr12.png,11.0,1.0,1.0,0.0,0.0,1.0,10,0.0
34,25,103,16,88.0,3002.0,nr44.png,12.0,1.0,2.0,0.0,0.0,1.0,10,0.0
34,25,103,12,294.0,3136.0,nr56.png,13.0,1.0,2.0,0.0,0.0,-3.0,10,0.0
34,25,103,8,198.0,3504.0,nr96.png,14.0,0.0,0.0,0.0,0.0,1.0,10,0.0
34,25,103,21,316.0,4176.0,nr72.png,15.0,0.0,0.0,0.0,0.0,-2.0,10,0.0
34,25,103,8,184.0,4826.0,nr96.png,16.0,1.0,1.0,0.0,0.0,1.0,10,0.0
34,25,103,4,170.0,5054.0,nr3.png,17.0,0.0,0.0,0.0,0.0,-3.0,10,0.0
34,25,103,7,104.0,5272.0,nr88.png,18.0,0.0,0.0,1.0,0.0,3.0,10,0.0
34,25,110,12,356.0,75.0,nr97.png,1.0,0.0,0.0,0.0,1.0,3.0,12,0.0
34,25,110,17,756.0,451.0,nr3.png,2.0,0.0,0.0,0.0,0.0,-3.0,12,0.0
34,25,110,6,172.0,1511.0,nr49.png,3.0,0.0,0.0,0.0,0.0,2.0,12,0.0
34,25,110,16,398.0,1739.0,nr85.png,4.0,0.0,0.0,0.0,0.0,2.0,12,0.0
34,25,110,21,172.0,2187.0,nr98.png,5.0,0.0,0.0,0.0,0.0,2.0,12,0.0
34,25,110,23,206.0,2405.0,nr63.png,6.0,0.0,0.0,0.0,0.0,1.0,12,0.0
34,25,110,24,158.0,2651.0,nr10.png,7.0,0.0,0.0,0.0,0.0,1.0,12,0.0
34,25,110,14,175.0,2863.0,nr11.png,8.0,0.0,0.0,1.0,0.0,1.0,12,0.0
34,25,117,12,324.0,76.0,nr98.png,1.0,0.0,0.0,0.0,1.0,2.0,2,0.0
34,25,117,16,136.0,442.0,nr94.png,2.0,0.0,0.0,0.0,0.0,0.0,2,0.0
34,25,117,15,154.0,622.0,nr45.png,3.0,0.0,0.0,0.0,0.0,1.0,2,0.0
34,25,117,13,270.0,836.0,nr1.png,4.0,0.0,0.0,0.0,0.0,0.0,2,0.0
34,25,117,2,140.0,1192.0,nr10.png,5.0,0.0,0.0,0.0,0.0,1.0,2,0.0
34,25,117,21,398.0,1750.0,nr12.png,6.0,0.0,0.0,0.0,0.0,1.0,2,0.0
34,25,117,20,174.0,2306.0,nr19.png,7.0,0.0,0.0,0.0,0.0,-3.0,2,0.0
34,25,117,21,134.0,3018.0,nr12.png,8.0,1.0,1.0,0.0,0.0,1.0,2,0.0
34,25,117,22,178.0,3194.0,nr113.png,9.0,0.0,0.0,0.0,0.0,-2.0,2,0.0
34,25,117,23,266.0,3426.0,nr30.png,10.0,0.0,0.0,0.0,0.0,0.0,2,0.0
34,25,117,17,332.0,3738.0,nr50.png,11.0,0.0,0.0,0.0,0.0,-1.0,2,0.0
34,25,117,8,172.0,4272.0,nr39.png,12.0,0.0,0.0,0.0,0.0,2.0,2,0.0
34,25,117,3,172.0,4488.0,nr120.png,13.0,0.0,0.0,0.0,0.0,2.0,2,0.0
34,25,117,2,152.0,4692.0,nr10.png,14.0,1.0,1.0,0.0,0.0,1.0,2,0.0
34,25,117,3,180.0,4886.0,nr120.png,15.0,1.0,1.0,0.0,0.0,2.0,2,0.0
34,25,117,2,732.0,5104.0,nr10.png,16.0,1.0,2.0,0.0,0.0,1.0,2,0.0
34,25,117,1,130.0,5924.0,nr107.png,17.0,0.0,0.0,1.0,0.0,-1.0,2,0.0
34,25,124,17,110.0,455.0,nr76.png,1.0,0.0,0.0,0.0,1.0,0.0,2,0.0
34,25,124,21,126.0,601.0,nr93.png,2.0,0.0,0.0,0.0,0.0,1.0,2,0.0
34,25,124,7,138.0,785.0,nr92.png,3.0,0.0,0.0,0.0,0.0,1.0,2,0.0
34,25,124,6,146.0,963.0,nr57.png,4.0,0.0,0.0,0.0,0.0,-1.0,2,0.0
34,25,124,7,212.0,1153.0,nr92.png,5.0,1.0,1.0,0.0,0.0,1.0,2,0.0
34,25,124,11,186.0,1425.0,nr53.png,6.0,0.0,0.0,0.0,0.0,1.0,2,0.0
34,25,124,10,212.0,1647.0,nr75.png,7.0,0.0,0.0,0.0,0.0,2.0,2,0.0
34,25,124,18,152.0,1927.0,nr44.png,8.0,0.0,0.0,0.0,0.0,1.0,2,0.0
34,25,124,23,310.0,2107.0,nr27.png,9.0,0.0,0.0,0.0,0.0,2.0,2,0.0
34,25,124,9,214.0,2815.0,nr15.png,10.0,0.0,0.0,0.0,0.0,1.0,2,0.0
34,25,124,7,144.0,3655.0,nr92.png,11.0,1.0,2.0,0.0,0.0,1.0,2,0.0
34,25,124,2,154.0,3825.0,nr49.png,12.0,0.0,0.0,0.0,0.0,2.0,2,0.0
34,25,124,7,160.0,3999.0,nr92.png,13.0,1.0,3.0,0.0,0.0,1.0,2,0.0
34,25,124,5,170.0,4211.0,nr99.png,14.0,0.0,0.0,0.0,0.0,2.0,2,0.0
34,25,124,0,70.0,4405.0,nr55.png,15.0,0.0,0.0,0.0,0.0,1.0,2,0.0
34,25,124,3,174.0,4731.0,nr111.png,16.0,0.0,0.0,0.0,0.0,-3.0,2,0.0
34,25,124,16,378.0,4985.0,nr95.png,17.0,0.0,0.0,0.0,0.0,1.0,2,0.0
34,25,124,22,302.0,5427.0,nr113.png,18.0,0.0,0.0,0.0,0.0,-2.0,2,0.0
34,25,124,17,336.0,6029.0,nr76.png,19.0,1.0,1.0,0.0,0.0,0.0,2,0.0
34,25,124,21,122.0,6423.0,nr93.png,20.0,1.0,1.0,0.0,0.0,1.0,2,0.0
34,25,124,20,276.0,6581.0,nr7.png,21.0,0.0,0.0,0.0,0.0,1.0,2,0.0
34,25,124,19,180.0,6931.0,nr42.png,22.0,0.0,0.0,0.0,0.0,1.0,2,0.0
34,25,124,14,140.0,7149.0,nr14.png,23.0,0.0,0.0,0.0,0.0,1.0,2,0.0
34,25,124,13,130.0,7333.0,nr60.png,24.0,0.0,0.0,1.0,0.0,1.0,2,0.0
34,25,125,12,364.0,77.0,nr107.png,1.0,0.0,0.0,0.0,1.0,-1.0,14,0.0
34,25,125,17,112.0,461.0,nr27.png,2.0,0.0,0.0,0.0,0.0,2.0,14,0.0
34,25,125,21,70.0,859.0,nr48.png,3.0,0.0,0.0,0.0,0.0,1.0,14,0.0
34,25,125,16,166.0,973.0,nr21.png,4.0,0.0,0.0,0.0,0.0,0.0,14,0.0
34,25,125,19,112.0,1205.0,nr79.png,5.0,0.0,0.0,0.0,0.0,0.0,14,0.0
34,25,125,7,184.0,1593.0,nr46.png,6.0,0.0,0.0,0.0,0.0,-1.0,14,0.0
34,25,125,6,162.0,1807.0,nr54.png,7.0,0.0,0.0,0.0,0.0,1.0,14,0.0
34,25,125,3,274.0,2023.0,nr12.png,8.0,0.0,0.0,0.0,0.0,1.0,14,0.0
34,25,125,15,200.0,2375.0,nr121.png,9.0,0.0,0.0,0.0,0.0,2.0,14,0.0
34,25,125,20,222.0,2605.0,nr76.png,10.0,0.0,0.0,0.0,0.0,0.0,14,0.0
34,25,125,15,128.0,2865.0,nr121.png,11.0,1.0,1.0,0.0,0.0,2.0,14,0.0
34,25,125,14,342.0,3073.0,nr85.png,12.0,0.0,0.0,0.0,0.0,2.0,14,0.0
34,25,125,24,200.0,3483.0,nr10.png,13.0,0.0,0.0,0.0,0.0,1.0,14,0.0
34,25,125,23,146.0,3723.0,nr125.png,14.0,0.0,0.0,0.0,0.0,0.0,14,0.0
34,25,125,7,242.0,4391.0,nr46.png,15.0,1.0,1.0,0.0,0.0,-1.0,14,0.0
34,25,125,13,150.0,4679.0,nr56.png,16.0,0.0,0.0,0.0,0.0,-3.0,14,0.0
34,25,125,7,144.0,5199.0,nr46.png,17.0,1.0,2.0,0.0,0.0,-1.0,14,0.0
34,25,125,9,128.0,5393.0,nr109.png,18.0,0.0,0.0,0.0,0.0,3.0,14,0.0
34,25,125,14,246.0,5691.0,nr85.png,19.0,1.0,1.0,0.0,0.0,2.0,14,0.0
34,25,125,18,284.0,5987.0,nr53.png,20.0,0.0,0.0,1.0,0.0,1.0,14,0.0
34,25,133,16,150.0,440.0,nr120.png,1.0,0.0,0.0,0.0,1.0,2.0,23,0.0
34,25,133,10,168.0,634.0,nr84.png,2.0,0.0,0.0,0.0,0.0,2.0,23,0.0
34,25,133,12,208.0,854.0,nr65.png,3.0,0.0,0.0,0.0,0.0,1.0,23,0.0
34,25,133,14,118.0,1118.0,nr1.png,4.0,0.0,0.0,0.0,0.0,0.0,23,0.0
34,25,133,22,440.0,1858.0,nr58.png,5.0,0.0,0.0,0.0,0.0,1.0,23,0.0
34,25,133,21,194.0,2366.0,nr62.png,6.0,0.0,0.0,0.0,0.0,1.0,23,0.0
34,25,133,11,268.0,2610.0,nr90.png,7.0,0.0,0.0,0.0,0.0,0.0,23,0.0
34,25,133,5,174.0,2934.0,nr63.png,8.0,0.0,0.0,0.0,0.0,1.0,23,0.0
34,25,133,0,200.0,3142.0,nr83.png,9.0,0.0,0.0,0.0,0.0,1.0,23,0.0
34,25,133,6,72.0,3530.0,nr18.png,10.0,0.0,0.0,0.0,0.0,2.0,23,0.0
34,25,133,18,240.0,4120.0,nr111.png,11.0,0.0,0.0,0.0,0.0,-3.0,23,0.0
34,25,133,23,172.0,4400.0,nr80.png,12.0,0.0,0.0,0.0,0.0,2.0,23,0.0
34,25,133,19,216.0,4616.0,nr21.png,13.0,0.0,0.0,0.0,0.0,0.0,23,0.0
34,25,133,9,144.0,5208.0,nr88.png,14.0,0.0,0.0,0.0,0.0,3.0,23,0.0
34,25,133,8,132.0,5390.0,nr92.png,15.0,0.0,0.0,0.0,0.0,1.0,23,0.0
34,25,133,3,258.0,5552.0,nr30.png,16.0,0.0,0.0,0.0,0.0,0.0,23,0.0
34,25,133,4,188.0,5862.0,nr101.png,17.0,0.0,0.0,0.0,0.0,0.0,23,0.0
34,25,133,2,192.0,6116.0,nr51.png,18.0,0.0,0.0,0.0,0.0,1.0,23,0.0
34,25,133,12,310.0,6462.0,nr65.png,19.0,1.0,1.0,0.0,0.0,1.0,23,0.0
34,25,133,22,152.0,6842.0,nr58.png,20.0,1.0,1.0,0.0,0.0,1.0,23,0.0
34,25,133,21,226.0,7026.0,nr62.png,21.0,1.0,1.0,0.0,0.0,1.0,23,0.0
34,25,133,20,554.0,7296.0,nr52.png,22.0,0.0,0.0,0.0,0.0,0.0,23,0.0
34,25,133,22,134.0,7936.0,nr58.png,23.0,1.0,2.0,1.0,0.0,1.0,23,0.0
34,25,134,22,182.0,532.0,nr7.png,1.0,0.0,0.0,0.0,1.0,1.0,14,1.0
34,25,134,23,120.0,756.0,nr63.png,2.0,0.0,0.0,0.0,0.0,1.0,14,1.0
34,25,134,11,294.0,1202.0,nr52.png,3.0,0.0,0.0,0.0,0.0,0.0,14,1.0
34,25,134,1,156.0,1808.0,nr60.png,4.0,0.0,0.0,0.0,0.0,1.0,14,1.0
34,25,134,2,182.0,2002.0,nr12.png,5.0,0.0,0.0,0.0,0.0,1.0,14,1.0
34,25,134,20,168.0,2486.0,nr19.png,6.0,0.0,0.0,0.0,0.0,-3.0,14,1.0
34,25,134,15,130.0,2862.0,nr29.png,7.0,0.0,0.0,0.0,0.0,1.0,14,1.0
34,25,134,20,220.0,3008.0,nr19.png,8.0,1.0,1.0,0.0,0.0,-3.0,14,1.0
34,25,134,8,180.0,3300.0,nr94.png,9.0,0.0,0.0,0.0,0.0,0.0,14,1.0
34,25,134,19,126.0,3696.0,nr14.png,10.0,0.0,0.0,0.0,0.0,1.0,14,1.0
34,25,134,14,128.0,3840.0,nr89.png,11.0,0.0,0.0,0.0,0.0,1.0,14,1.0
34,25,134,24,130.0,4012.0,nr99.png,12.0,0.0,0.0,0.0,0.0,2.0,14,1.0
34,25,134,14,300.0,5208.0,nr89.png,13.0,1.0,1.0,0.0,0.0,1.0,14,1.0
34,25,134,20,190.0,6042.0,nr19.png,14.0,1.0,2.0,0.0,0.0,-3.0,14,1.0
34,25,134,14,138.0,6402.0,nr89.png,15.0,1.0,2.0,0.0,0.0,1.0,14,1.0
34,25,134,9,318.0,6786.0,nr50.png,16.0,0.0,0.0,0.0,0.0,-1.0,14,1.0
34,25,134,4,632.0,7158.0,nr93.png,17.0,0.0,0.0,0.0,0.0,1.0,14,1.0
34,25,134,14,392.0,7838.0,nr89.png,18.0,1.0,3.0,0.0,0.0,1.0,14,1.0
34,25,134,16,190.0,8328.0,nr41.png,19.0,0.0,0.0,0.0,0.0,1.0,14,1.0
34,25,134,15,350.0,8558.0,nr29.png,20.0,1.0,1.0,0.0,0.0,1.0,14,1.0
34,25,134,20,206.0,8944.0,nr19.png,21.0,1.0,3.0,0.0,0.0,-3.0,14,1.0
34,25,134,22,198.0,9198.0,nr7.png,22.0,1.0,1.0,0.0,0.0,1.0,14,1.0
34,25,134,17,280.0,9434.0,nr58.png,23.0,0.0,0.0,0.0,0.0,1.0,14,1.0
34,25,134,18,344.0,9996.0,nr54.png,24.0,0.0,0.0,0.0,0.0,1.0,14,1.0
34,25,134,14,1208.0,10388.0,nr89.png,25.0,1.0,4.0,0.0,0.0,1.0,14,1.0
34,25,134,22,456.0,12300.0,nr7.png,26.0,1.0,2.0,0.0,0.0,1.0,14,1.0
34,25,134,21,250.0,12812.0,nr31.png,27.0,0.0,0.0,0.0,0.0,1.0,14,1.0
34,25,134,18,212.0,14636.0,nr54.png,28.0,1.0,1.0,0.0,0.0,1.0,14,1.0
34,25,134,14,170.0,14966.0,nr89.png,29.0,1.0,5.0,1.0,0.0,1.0,14,1.0
34,25,141,17,360.0,76.0,nr120.png,1.0,0.0,0.0,0.0,1.0,2.0,0,0.0
34,25,141,16,158.0,494.0,nr20.png,2.0,0.0,0.0,0.0,0.0,1.0,0,0.0
34,25,141,23,330.0,706.0,nr9.png,3.0,0.0,0.0,0.0,0.0,1.0,0,0.0
34,25,141,20,400.0,1362.0,nr65.png,4.0,0.0,0.0,0.0,0.0,1.0,0,0.0
34,25,141,6,208.0,1984.0,nr76.png,5.0,0.0,0.0,0.0,0.0,0.0,0,0.0
34,25,141,5,122.0,2232.0,nr85.png,6.0,0.0,0.0,0.0,0.0,2.0,0,0.0
34,25,141,10,170.0,2380.0,nr8.png,7.0,0.0,0.0,0.0,0.0,2.0,0,0.0
34,25,141,0,120.0,2634.0,nr10.png,8.0,0.0,0.0,0.0,0.0,1.0,0,0.0
34,25,141,2,206.0,2968.0,nr87.png,9.0,0.0,0.0,0.0,0.0,2.0,0,0.0
34,25,141,4,118.0,3446.0,nr55.png,10.0,0.0,0.0,0.0,0.0,1.0,0,0.0
34,25,141,14,424.0,3608.0,nr72.png,11.0,0.0,0.0,0.0,0.0,-2.0,0,0.0
34,25,141,9,154.0,4094.0,nr28.png,12.0,0.0,0.0,0.0,0.0,-2.0,0,0.0
34,25,141,13,134.0,4290.0,nr62.png,13.0,0.0,0.0,1.0,0.0,1.0,0,0.0
34,25,151,12,536.0,75.0,nr98.png,1.0,0.0,0.0,0.0,1.0,2.0,20,0.0
34,25,151,17,118.0,639.0,nr54.png,2.0,0.0,0.0,0.0,0.0,1.0,20,0.0
34,25,151,16,142.0,805.0,nr88.png,3.0,0.0,0.0,0.0,0.0,3.0,20,0.0
34,25,151,15,126.0,997.0,nr52.png,4.0,0.0,0.0,0.0,0.0,0.0,20,0.0
34,25,151,0,108.0,1391.0,nr60.png,5.0,0.0,0.0,0.0,0.0,1.0,20,0.0
34,25,151,5,88.0,1541.0,nr106.png,6.0,0.0,0.0,0.0,0.0,-2.0,20,0.0
34,25,151,19,240.0,1703.0,nr58.png,7.0,0.0,0.0,0.0,0.0,1.0,20,0.0
34,25,151,17,186.0,2001.0,nr54.png,8.0,1.0,1.0,0.0,0.0,1.0,20,0.0
34,25,151,23,158.0,2233.0,nr101.png,9.0,0.0,0.0,0.0,0.0,0.0,20,0.0
34,25,151,24,238.0,2431.0,nr87.png,10.0,0.0,0.0,0.0,0.0,2.0,20,0.0
34,25,151,14,392.0,3397.0,nr85.png,11.0,0.0,0.0,0.0,0.0,2.0,20,0.0
34,25,151,18,156.0,4347.0,nr111.png,12.0,0.0,0.0,0.0,0.0,-3.0,20,0.0
34,25,151,8,266.0,4743.0,nr72.png,13.0,0.0,0.0,0.0,0.0,-2.0,20,0.0
34,25,151,2,198.0,5071.0,nr15.png,14.0,0.0,0.0,0.0,0.0,1.0,20,0.0
34,25,151,3,98.0,5313.0,nr65.png,15.0,0.0,0.0,0.0,0.0,1.0,20,0.0
34,25,151,4,218.0,5453.0,nr113.png,16.0,0.0,0.0,0.0,0.0,-2.0,20,0.0
34,25,151,21,702.0,5761.0,nr124.png,17.0,0.0,0.0,0.0,0.0,-3.0,20,0.0
34,25,151,14,154.0,7625.0,nr85.png,18.0,1.0,1.0,0.0,0.0,2.0,20,0.0
34,25,151,22,188.0,7849.0,nr2.png,19.0,0.0,0.0,0.0,0.0,0.0,20,0.0
34,25,151,20,172.0,8123.0,nr49.png,20.0,0.0,0.0,0.0,0.0,2.0,20,0.0
34,25,151,23,382.0,8523.0,nr101.png,21.0,1.0,1.0,0.0,0.0,0.0,20,0.0
34,25,151,21,240.0,9213.0,nr124.png,22.0,1.0,1.0,1.0,0.0,-3.0,20,0.0
34,25,156,12,346.0,74.0,nr102.png,1.0,0.0,0.0,0.0,1.0,0.0,18,0.0
34,25,156,18,116.0,456.0,nr97.png,2.0,0.0,0.0,0.0,0.0,3.0,18,0.0
34,25,156,13,158.0,866.0,nr42.png,3.0,0.0,0.0,0.0,0.0,1.0,18,0.0
34,25,156,19,156.0,1084.0,nr60.png,4.0,0.0,0.0,0.0,0.0,1.0,18,0.0
34,25,156,4,33.0,1308.0,nr87.png,5.0,0.0,0.0,1.0,0.0,2.0,18,0.0
34,25,157,12,318.0,75.0,nr69.png,1.0,0.0,0.0,0.0,1.0,1.0,14,0.0
34,25,157,11,146.0,443.0,nr99.png,2.0,0.0,0.0,0.0,0.0,2.0,14,0.0
34,25,157,6,154.0,635.0,nr1.png,3.0,0.0,0.0,0.0,0.0,0.0,14,0.0
34,25,157,1,136.0,835.0,nr94.png,4.0,0.0,0.0,0.0,0.0,0.0,14,0.0
34,25,157,7,62.0,1025.0,nr79.png,5.0,0.0,0.0,0.0,0.0,0.0,14,0.0
34,25,157,24,152.0,1627.0,nr9.png,6.0,0.0,0.0,0.0,0.0,1.0,14,0.0
34,25,157,14,176.0,1825.0,nr10.png,7.0,0.0,0.0,0.0,0.0,1.0,14,0.0
34,25,157,22,130.0,2413.0,nr83.png,8.0,0.0,0.0,0.0,0.0,1.0,14,0.0
34,25,157,13,188.0,2589.0,nr65.png,9.0,0.0,0.0,0.0,0.0,1.0,14,0.0
34,25,159,12,128.0,76.0,nr96.png,1.0,0.0,0.0,0.0,1.0,1.0,1,0.0
34,25,159,17,70.0,528.0,nr125.png,2.0,0.0,0.0,0.0,0.0,0.0,1,0.0
34,25,159,14,290.0,652.0,nr21.png,3.0,0.0,0.0,0.0,0.0,0.0,1,0.0
34,25,159,13,290.0,1000.0,nr3.png,4.0,0.0,0.0,0.0,0.0,-3.0,1,0.0
34,25,159,12,208.0,1332.0,nr96.png,5.0,1.0,1.0,0.0,0.0,1.0,1,0.0
34,25,159,2,186.0,1926.0,nr87.png,6.0,0.0,0.0,0.0,0.0,2.0,1,0.0
34,25,159,1,518.0,2158.0,nr97.png,7.0,0.0,0.0,0.0,0.0,3.0,1,0.0
34,25,159,6,296.0,2734.0,nr55.png,8.0,0.0,0.0,0.0,0.0,1.0,1,0.0
34,25,159,1,246.0,3056.0,nr97.png,9.0,1.0,1.0,0.0,0.0,3.0,1,0.0
34,25,159,7,152.0,3342.0,nr12.png,10.0,0.0,0.0,0.0,0.0,1.0,1,0.0
34,25,159,12,38.0,3528.0,nr96.png,11.0,1.0,2.0,1.0,0.0,1.0,1,0.0
34,25,162,12,334.0,74.0,nr75.png,1.0,0.0,0.0,0.0,1.0,2.0,23,0.0
34,25,162,13,102.0,626.0,nr55.png,2.0,0.0,0.0,0.0,0.0,1.0,23,0.0
34,25,162,11,178.0,792.0,nr85.png,3.0,0.0,0.0,0.0,0.0,2.0,23,0.0
34,25,162,7,146.0,1014.0,nr93.png,4.0,0.0,0.0,0.0,0.0,1.0,23,0.0
34,25,162,14,306.0,1808.0,nr46.png,5.0,0.0,0.0,0.0,0.0,-1.0,23,0.0
34,25,162,5,152.0,2230.0,nr113.png,6.0,0.0,0.0,0.0,0.0,-2.0,23,0.0
34,25,162,0,232.0,2416.0,nr8.png,7.0,0.0,0.0,0.0,0.0,2.0,23,0.0
34,25,162,16,150.0,2714.0,nr72.png,8.0,0.0,0.0,0.0,0.0,-2.0,23,0.0
34,25,162,22,380.0,2914.0,nr84.png,9.0,0.0,0.0,0.0,0.0,2.0,23,0.0
34,25,162,17,204.0,3360.0,nr21.png,10.0,0.0,0.0,0.0,0.0,0.0,23,0.0
34,25,162,23,502.0,3630.0,nr49.png,11.0,0.0,0.0,0.0,0.0,2.0,23,0.0
34,25,162,16,592.0,4734.0,nr72.png,12.0,1.0,1.0,0.0,0.0,-2.0,23,0.0
34,25,162,15,330.0,5408.0,nr30.png,13.0,0.0,0.0,0.0,0.0,0.0,23,0.0
34,25,162,17,784.0,5802.0,nr21.png,14.0,1.0,1.0,0.0,0.0,0.0,23,0.0
34,25,162,22,100.0,6662.0,nr84.png,15.0,1.0,1.0,1.0,0.0,2.0,23,0.0
34,25,169,17,88.0,446.0,nr81.png,1.0,0.0,0.0,0.0,1.0,-2.0,4,0.0
34,25,169,12,168.0,586.0,nr51.png,2.0,0.0,0.0,0.0,0.0,1.0,4,0.0
34,25,169,13,178.0,800.0,nr28.png,3.0,0.0,0.0,0.0,0.0,-2.0,4,0.0
34,25,169,4,104.0,1278.0,nr10.png,4.0,0.0,0.0,0.0,0.0,1.0,4,0.0
34,25,169,8,140.0,1428.0,nr12.png,5.0,0.0,0.0,0.0,0.0,1.0,4,0.0
34,25,169,12,170.0,1614.0,nr51.png,6.0,1.0,1.0,0.0,0.0,1.0,4,0.0
34,25,169,16,372.0,1846.0,nr106.png,7.0,0.0,0.0,0.0,0.0,-2.0,4,0.0
34,25,169,21,130.0,2288.0,nr100.png,8.0,0.0,0.0,0.0,0.0,0.0,4,0.0
34,25,169,5,158.0,2478.0,nr41.png,9.0,0.0,0.0,0.0,0.0,1.0,4,0.0
34,25,169,0,142.0,2684.0,nr49.png,10.0,0.0,0.0,0.0,0.0,2.0,4,0.0
34,25,169,18,138.0,3022.0,nr74.png,11.0,0.0,0.0,0.0,0.0,-3.0,4,0.0
34,25,169,17,67.0,3194.0,nr81.png,12.0,1.0,1.0,1.0,0.0,-2.0,4,0.0
34,25,199,12,352.0,75.0,nr94.png,1.0,0.0,0.0,0.0,1.0,0.0,5,0.0
34,25,199,16,132.0,479.0,nr113.png,2.0,0.0,0.0,0.0,0.0,-2.0,5,0.0
34,25,199,6,320.0,657.0,nr19.png,3.0,0.0,0.0,0.0,0.0,-3.0,5,0.0
34,25,199,13,84.0,1213.0,nr72.png,4.0,0.0,0.0,0.0,0.0,-2.0,5,0.0
34,25,199,19,206.0,1345.0,nr100.png,5.0,0.0,0.0,0.0,0.0,0.0,5,0.0
34,25,199,24,128.0,1701.0,nr74.png,6.0,0.0,0.0,0.0,0.0,-3.0,5,0.0
34,25,199,21,140.0,2099.0,nr42.png,7.0,0.0,0.0,0.0,0.0,1.0,5,0.0
34,25,199,22,228.0,2277.0,nr95.png,8.0,0.0,0.0,0.0,0.0,1.0,5,0.0
34,25,199,17,260.0,3211.0,nr120.png,9.0,0.0,0.0,0.0,0.0,2.0,5,0.0
34,25,199,16,194.0,3531.0,nr113.png,10.0,1.0,1.0,0.0,0.0,-2.0,5,0.0
34,25,199,19,192.0,3779.0,nr100.png,11.0,1.0,1.0,0.0,0.0,0.0,5,0.0
34,25,199,8,126.0,4019.0,nr92.png,12.0,0.0,0.0,0.0,0.0,1.0,5,0.0
34,25,199,7,168.0,4189.0,nr1.png,13.0,0.0,0.0,0.0,0.0,0.0,5,0.0
34,25,199,2,302.0,4397.0,nr112.png,14.0,0.0,0.0,0.0,0.0,-3.0,5,0.0
34,25,199,4,208.0,4749.0,nr18.png,15.0,0.0,0.0,0.0,0.0,2.0,5,0.0
34,25,199,3,126.0,4965.0,nr98.png,16.0,0.0,0.0,0.0,0.0,2.0,5,0.0
34,25,199,6,298.0,5473.0,nr19.png,17.0,1.0,1.0,0.0,0.0,-3.0,5,0.0
34,25,199,0,210.0,5843.0,nr50.png,18.0,0.0,0.0,0.0,0.0,-1.0,5,0.0
34,25,199,20,340.0,6137.0,nr51.png,19.0,0.0,0.0,0.0,0.0,1.0,5,0.0
34,25,199,17,112.0,7257.0,nr120.png,20.0,1.0,1.0,0.0,0.0,2.0,5,0.0
34,25,199,19,200.0,7413.0,nr100.png,21.0,1.0,2.0,0.0,0.0,0.0,5,0.0
34,25,199,24,146.0,7651.0,nr74.png,22.0,1.0,1.0,0.0,0.0,-3.0,5,0.0
34,25,199,23,118.0,7809.0,nr102.png,23.0,0.0,0.0,0.0,0.0,0.0,5,0.0
34,25,199,9,142.0,7979.0,nr93.png,24.0,0.0,0.0,0.0,0.0,1.0,5,0.0
34,25,199,3,252.0,8487.0,nr98.png,25.0,1.0,1.0,0.0,0.0,2.0,5,0.0
34,25,199,22,210.0,8823.0,nr95.png,26.0,1.0,1.0,0.0,0.0,1.0,5,0.0
34,25,199,21,306.0,9091.0,nr42.png,27.0,1.0,1.0,0.0,0.0,1.0,5,0.0
34,25,199,16,362.0,9467.0,nr113.png,28.0,1.0,2.0,0.0,0.0,-2.0,5,0.0
34,25,199,24,104.0,10713.0,nr74.png,29.0,1.0,2.0,0.0,0.0,-3.0,5,0.0
34,25,199,8,166.0,10879.0,nr92.png,30.0,1.0,1.0,0.0,0.0,1.0,5,0.0
34,25,199,3,252.0,11069.0,nr98.png,31.0,1.0,2.0,0.0,0.0,2.0,5,0.0
34,25,199,7,412.0,11367.0,nr1.png,32.0,1.0,1.0,0.0,0.0,0.0,5,0.0
34,25,199,11,244.0,11865.0,nr106.png,33.0,0.0,0.0,0.0,0.0,-2.0,5,0.0
34,25,199,12,256.0,12147.0,nr94.png,34.0,1.0,1.0,0.0,0.0,0.0,5,0.0
34,25,199,16,268.0,12463.0,nr113.png,35.0,1.0,3.0,0.0,0.0,-2.0,5,0.0
34,25,199,18,250.0,12805.0,nr89.png,36.0,0.0,0.0,0.0,0.0,1.0,5,0.0
34,25,199,15,336.0,13129.0,nr99.png,37.0,0.0,0.0,0.0,0.0,2.0,5,0.0
34,25,199,5,216.0,13515.0,nr87.png,38.0,0.0,0.0,0.0,0.0,2.0,5,0.0
34,25,199,11,204.0,13773.0,nr106.png,39.0,1.0,1.0,0.0,0.0,-2.0,5,0.0
34,25,199,10,226.0,14019.0,nr79.png,40.0,0.0,0.0,0.0,0.0,0.0,5,0.0
34,25,199,6,528.0,14289.0,nr19.png,41.0,1.0,2.0,0.0,0.0,-3.0,5,0.0
34,25,199,7,392.0,15133.0,nr1.png,42.0,1.0,2.0,0.0,0.0,0.0,5,0.0
34,25,199,14,23.0,15579.0,nr76.png,43.0,0.0,0.0,1.0,0.0,0.0,5,0.0
