,subject,trial,repeat,choice,rt,item_value_0,gaze_0,stimulus_0,item_value_1,gaze_1,stimulus_1,item_value_2,gaze_2,stimulus_2,item_value_3,gaze_3,stimulus_3,item_value_4,gaze_4,stimulus_4,item_value_5,gaze_5,stimulus_5,item_value_6,gaze_6,stimulus_6,item_value_7,gaze_7,stimulus_7,item_value_8,gaze_8,stimulus_8,item_value_9,gaze_9,stimulus_9,item_value_10,gaze_10,stimulus_10,item_value_11,gaze_11,stimulus_11,item_value_12,gaze_12,stimulus_12,item_value_13,gaze_13,stimulus_13,item_value_14,gaze_14,stimulus_14,item_value_15,gaze_15,stimulus_15,setsize
0,14.0,4.0,0.0,10.0,3567.0,7.0,0.03365351517891385,nr97.png,1.0,0.08890555502489181,nr124.png,5.0,0.0,nr114.png,7.0,0.08890555502489181,nr65.png,2.0,0.0,nr121.png,7.0,0.07534369069906086,nr51.png,6.0,0.07383681688507962,nr87.png,7.0,0.0,nr60.png,7.0,0.0,nr8.png,7.0,0.06429328272986526,nr42.png,7.0,0.22879367408948145,nr95.png,5.0,0.053745166031996736,nr80.png,6.0,0.0,nr99.png,6.0,0.0,nr31.png,5.0,0.0,nr3.png,6.0,0.0,nr18.png,16
1,14.0,4.0,1.0,10.0,3593.0,7.0,0.03365351517891385,nr97.png,1.0,0.08890555502489181,nr124.png,5.0,0.0,nr114.png,7.0,0.08890555502489181,nr65.png,2.0,0.0,nr121.png,7.0,0.07534369069906086,nr51.png,6.0,0.07383681688507962,nr87.png,7.0,0.0,nr60.png,7.0,0.0,nr8.png,7.0,0.06429328272986526,nr42.png,7.0,0.22879367408948145,nr95.png,5.0,0.053745166031996736,nr80.png,6.0,0.0,nr99.png,6.0,0.0,nr31.png,5.0,0.0,nr3.png,6.0,0.0,nr18.png,16
2,14.0,4.0,2.0,10.0,4110.0,7.0,0.03365351517891385,nr97.png,1.0,0.08890555502489181,nr124.png,5.0,0.0,nr114.png,7.0,0.08890555502489181,nr65.png,2.0,0.0,nr121.png,7.0,0.07534369069906086,nr51.png,6.0,0.07383681688507962,nr87.png,7.0,0.0,nr60.png,7.0,0.0,nr8.png,7.0,0.06429328272986526,nr42.png,7.0,0.22879367408948145,nr95.png,5.0,0.053745166031996736,nr80.png,6.0,0.0,nr99.png,6.0,0.0,nr31.png,5.0,0.0,nr3.png,6.0,0.0,nr18.png,16
3,14.0,4.0,3.0,11.0,3896.0,7.0,0.03365351517891385,nr97.png,1.0,0.08890555502489181,nr124.png,5.0,0.0,nr114.png,7.0,0.08890555502489181,nr65.png,2.0,0.0,nr121.png,7.0,0.07534369069906086,nr51.png,6.0,0.07383681688507962,nr87.png,7.0,0.0,nr60.png,7.0,0.0,nr8.png,7.0,0.06429328272986526,nr42.png,7.0,0.22879367408948145,nr95.png,5.0,0.053745166031996736,nr80.png,6.0,0.0,nr99.png,6.0,0.0,nr31.png,5.0,0.0,nr3.png,6.0,0.0,nr18.png,16
4,14.0,4.0,4.0,0.0,6222.0,7.0,0.03365351517891385,nr97.png,1.0,0.08890555502489181,nr124.png,5.0,0.0,nr114.png,7.0,0.08890555502489181,nr65.png,2.0,0.0,nr121.png,7.0,0.07534369069906086,nr51.png,6.0,0.07383681688507962,nr87.png,7.0,0.0,nr60.png,7.0,0.0,nr8.png,7.0,0.06429328272986526,nr42.png,7.0,0.22879367408948145,nr95.png,5.0,0.053745166031996736,nr80.png,6.0,0.0,nr99.png,6.0,0.0,nr31.png,5.0,0.0,nr3.png,6.0,0.0,nr18.png,16
5,14.0,4.0,5.0,10.0,4073.0,7.0,0.03365351517891385,nr97.png,1.0,0.08890555502489181,nr124.png,5.0,0.0,nr114.png,7.0,0.08890555502489181,nr65.png,2.0,0.0,nr121.png,7.0,0.07534369069906086,nr51.png,6.0,0.07383681688507962,nr87.png,7.0,0.0,nr60.png,7.0,0.0,nr8.png,7.0,0.06429328272986526,nr42.png,7.0,0.22879367408948145,nr95.png,5.0,0.053745166031996736,nr80.png,6.0,0.0,nr99.png,6.0,0.0,nr31.png,5.0,0.0,nr3.png,6.0,0.0,nr18.png,16
6,14.0,4.0,6.0,5.0,6605.0,7.0,0.03365351517891385,nr97.png,1.0,0.08890555502489181,nr124.png,5.0,0.0,nr114.png,7.0,0.08890555502489181,nr65.png,2.0,0.0,nr121.png,7.0,0.07534369069906086,nr51.png,6.0,0.07383681688507962,nr87.png,7.0,0.0,nr60.png,7.0,0.0,nr8.png,7.0,0.06429328272986526,nr42.png,7.0,0.22879367408948145,nr95.png,5.0,0.053745166031996736,nr80.png,6.0,0.0,nr99.png,6.0,0.0,nr31.png,5.0,0.0,nr3.png,6.0,0.0,nr18.png,16
7,14.0,4.0,7.0,0.0,3091.0,7.0,0.03365351517891385,nr97.png,1.0,0.08890555502489181,nr124.png,5.0,0.0,nr114.png,7.0,0.08890555502489181,nr65.png,2.0,0.0,nr121.png,7.0,0.07534369069906086,nr51.png,6.0,0.07383681688507962,nr87.png,7.0,0.0,nr60.png,7.0,0.0,nr8.png,7.0,0.06429328272986526,nr42.png,7.0,0.22879367408948145,nr95.png,5.0,0.053745166031996736,nr80.png,6.0,0.0,nr99.png,6.0,0.0,nr31.png,5.0,0.0,nr3.png,6.0,0.0,nr18.png,16
8,14.0,4.0,8.0,8.0,5042.0,7.0,0.03365351517891385,nr97.png,1.0,0.08890555502489181,nr124.png,5.0,0.0,nr114.png,7.0,0.08890555502489181,nr65.png,2.0,0.0,nr121.png,7.0,0.07534369069906086,nr51.png,6.0,0.07383681688507962,nr87.png,7.0,0.0,nr60.png,7.0,0.0,nr8.png,7.0,0.06429328272986526,nr42.png,7.0,0.22879367408948145,nr95.png,5.0,0.053745166031996736,nr80.png,6.0,0.0,nr99.png,6.0,0.0,nr31.png,5.0,0.0,nr3.png,6.0,0.0,nr18.png,16
9,14.0,4.0,9.0,10.0,5631.0,7.0,0.03365351517891385,nr97.png,1.0,0.08890555502489181,nr124.png,5.0,0.0,nr114.png,7.0,0.08890555502489181,nr65.png,2.0,0.0,nr121.png,7.0,0.07534369069906086,nr51.png,6.0,0.07383681688507962,nr87.png,7.0,0.0,nr60.png,7.0,0.0,nr8.png,7.0,0.06429328272986526,nr42.png,7.0,0.22879367408948145,nr95.png,5.0,0.053745166031996736,nr80.png,6.0,0.0,nr99.png,6.0,0.0,nr31.png,5.0,0.0,nr3.png,6.0,0.0,nr18.png,16
10,14.0,4.0,10.0,5.0,3702.0,7.0,0.03365351517891385,nr97.png,1.0,0.08890555502489181,nr124.png,5.0,0.0,nr114.png,7.0,0.08890555502489181,nr65.png,2.0,0.0,nr121.png,7.0,0.07534369069906086,nr51.png,6.0,0.07383681688507962,nr87.png,7.0,0.0,nr60.png,7.0,0.0,nr8.png,7.0,0.06429328272986526,nr42.png,7.0,0.22879367408948145,nr95.png,5.0,0.053745166031996736,nr80.png,6.0,0.0,nr99.png,6.0,0.0,nr31.png,5.0,0.0,nr3.png,6.0,0.0,nr18.png,16
11,14.0,4.0,11.0,10.0,5042.0,7.0,0.03365351517891385,nr97.png,1.0,0.08890555502489181,nr124.png,5.0,0.0,nr114.png,7.0,0.08890555502489181,nr65.png,2.0,0.0,nr121.png,7.0,0.07534369069906086,nr51.png,6.0,0.07383681688507962,nr87.png,7.0,0.0,nr60.png,7.0,0.0,nr8.png,7.0,0.06429328272986526,nr42.png,7.0,0.22879367408948145,nr95.png,5.0,0.053745166031996736,nr80.png,6.0,0.0,nr99.png,6.0,0.0,nr31.png,5.0,0.0,nr3.png,6.0,0.0,nr18.png,16
12,14.0,4.0,12.0,10.0,5040.0,7.0,0.03365351517891385,nr97.png,1.0,0.08890555502489181,nr124.png,5.0,0.0,nr114.png,7.0,0.08890555502489181,nr65.png,2.0,0.0,nr121.png,7.0,0.07534369069906086,nr51.png,6.0,0.07383681688507962,nr87.png,7.0,0.0,nr60.png,7.0,0.0,nr8.png,7.0,0.06429328272986526,nr42.png,7.0,0.22879367408948145,nr95.png,5.0,0.053745166031996736,nr80.png,6.0,0.0,nr99.png,6.0,0.0,nr31.png,5.0,0.0,nr3.png,6.0,0.0,nr18.png,16
13,14.0,4.0,13.0,6.0,3605.0,7.0,0.03365351517891385,nr97.png,1.0,0.08890555502489181,nr124.png,5.0,0.0,nr114.png,7.0,0.08890555502489181,nr65.png,2.0,0.0,nr121.png,7.0,0.07534369069906086,nr51.png,6.0,0.07383681688507962,nr87.png,7.0,0.0,nr60.png,7.0,0.0,nr8.png,7.0,0.06429328272986526,nr42.png,7.0,0.22879367408948145,nr95.png,5.0,0.053745166031996736,nr80.png,6.0,0.0,nr99.png,6.0,0.0,nr31.png,5.0,0.0,nr3.png,6.0,0.0,nr18.png,16
14,14.0,4.0,14.0,3.0,3381.0,7.0,0.03365351517891385,nr97.png,1.0,0.08890555502489181,nr124.png,5.0,0.0,nr114.png,7.0,0.08890555502489181,nr65.png,2.0,0.0,nr121.png,7.0,0.07534369069906086,nr51.png,6.0,0.07383681688507962,nr87.png,7.0,0.0,nr60.png,7.0,0.0,nr8.png,7.0,0.06429328272986526,nr42.png,7.0,0.22879367408948145,nr95.png,5.0,0.053745166031996736,nr80.png,6.0,0.0,nr99.png,6.0,0.0,nr31.png,5.0,0.0,nr3.png,6.0,0.0,nr18.png,16
15,14.0,4.0,15.0,10.0,5077.0,7.0,0.03365351517891385,nr97.png,1.0,0.08890555502489181,nr124.png,5.0,0.0,nr114.png,7.0,0.08890555502489181,nr65.png,2.0,0.0,nr121.png,7.0,0.07534369069906086,nr51.png,6.0,0.07383681688507962,nr87.png,7.0,0.0,nr60.png,7.0,0.0,nr8.png,7.0,0.06429328272986526,nr42.png,7.0,0.22879367408948145,nr95.png,5.0,0.053745166031996736,nr80.png,6.0,0.0,nr99.png,6.0,0.0,nr31.png,5.0,0.0,nr3.png,6.0,0.0,nr18.png,16
16,14.0,4.0,16.0,10.0,3345.0,7.0,0.03365351517891385,nr97.png,1.0,0.08890555502489181,nr124.png,5.0,0.0,nr114.png,7.0,0.08890555502489181,nr65.png,2.0,0.0,nr121.png,7.0,0.07534369069906086,nr51.png,6.0,0.07383681688507962,nr87.png,7.0,0.0,nr60.png,7.0,0.0,nr8.png,7.0,0.06429328272986526,nr42.png,7.0,0.22879367408948145,nr95.png,5.0,0.053745166031996736,nr80.png,6.0,0.0,nr99.png,6.0,0.0,nr31.png,5.0,0.0,nr3.png,6.0,0.0,nr18.png,16
17,14.0,4.0,17.0,10.0,3894.0,7.0,0.03365351517891385,nr97.png,1.0,0.08890555502489181,nr124.png,5.0,0.0,nr114.png,7.0,0.08890555502489181,nr65.png,2.0,0.0,nr121.png,7.0,0.07534369069906086,nr51.png,6.0,0.07383681688507962,nr87.png,7.0,0.0,nr60.png,7.0,0.0,nr8.png,7.0,0.06429328272986526,nr42.png,7.0,0.22879367408948145,nr95.png,5.0,0.053745166031996736,nr80.png,6.0,0.0,nr99.png,6.0,0.0,nr31.png,5.0,0.0,nr3.png,6.0,0.0,nr18.png,16
18,14.0,4.0,18.0,10.0,3627.0,7.0,0.03365351517891385,nr97.png,1.0,0.08890555502489181,nr124.png,5.0,0.0,nr114.png,7.0,0.08890555502489181,nr65.png,2.0,0.0,nr121.png,7.0,0.07534369069906086,nr51.png,6.0,0.07383681688507962,nr87.png,7.0,0.0,nr60.png,7.0,0.0,nr8.png,7.0,0.06429328272986526,nr42.png,7.0,0.22879367408948145,nr95.png,5.0,0.053745166031996736,nr80.png,6.0,0.0,nr99.png,6.0,0.0,nr31.png,5.0,0.0,nr3.png,6.0,0.0,nr18.png,16
19,14.0,4.0,19.0,10.0,4095.0,7.0,0.03365351517891385,nr97.png,1.0,0.08890555502489181,nr124.png,5.0,0.0,nr114.png,7.0,0.08890555502489181,nr65.png,2.0,0.0,nr121.png,7.0,0.07534369069906086,nr51.png,6.0,0.07383681688507962,nr87.png,7.0,0.0,nr60.png,7.0,0.0,nr8.png,7.0,0.06429328272986526,nr42.png,7.0,0.22879367408948145,nr95.png,5.0,0.053745166031996736,nr80.png,6.0,0.0,nr99.png,6.0,0.0,nr31.png,5.0,0.0,nr3.png,6.0,0.0,nr18.png,16
20,14.0,4.0,20.0,3.0,6409.0,7.0,0.03365351517891385,nr97.png,1.0,0.08890555502489181,nr124.png,5.0,0.0,nr114.png,7.0,0.08890555502489181,nr65.png,2.0,0.0,nr121.png,7.0,0.07534369069906086,nr51.png,6.0,0.07383681688507962,nr87.png,7.0,0.0,nr60.png,7.0,0.0,nr8.png,7.0,0.06429328272986526,nr42.png,7.0,0.22879367408948145,nr95.png,5.0,0.053745166031996736,nr80.png,6.0,0.0,nr99.png,6.0,0.0,nr31.png,5.0,0.0,nr3.png,6.0,0.0,nr18.png,16
21,14.0,4.0,21.0,10.0,6934.0,7.0,0.03365351517891385,nr97.png,1.0,0.08890555502489181,nr124.png,5.0,0.0,nr114.png,7.0,0.08890555502489181,nr65.png,2.0,0.0,nr121.png,7.0,0.07534369069906086,nr51.png,6.0,0.07383681688507962,nr87.png,7.0,0.0,nr60.png,7.0,0.0,nr8.png,7.0,0.06429328272986526,nr42.png,7.0,0.22879367408948145,nr95.png,5.0,0.053745166031996736,nr80.png,6.0,0.0,nr99.png,6.0,0.0,nr31.png,5.0,0.0,nr3.png,6.0,0.0,nr18.png,16
22,14.0,4.0,22.0,10.0,3782.0,7.0,0.03365351517891385,nr97.png,1.0,0.08890555502489181,nr124.png,5.0,0.0,nr114.png,7.0,0.08890555502489181,nr65.png,2.0,0.0,nr121.png,7.0,0.07534369069906086,nr51.png,6.0,0.07383681688507962,nr87.png,7.0,0.0,nr60.png,7.0,0.0,nr8.png,7.0,0.06429328272986526,nr42.png,7.0,0.22879367408948145,nr95.png,5.0,0.053745166031996736,nr80.png,6.0,0.0,nr99.png,6.0,0.0,nr31.png,5.0,0.0,nr3.png,6.0,0.0,nr18.png,16
23,14.0,4.0,23.0,8.0,3949.0,7.0,0.03365351517891385,nr97.png,1.0,0.08890555502489181,nr124.png,5.0,0.0,nr114.png,7.0,0.08890555502489181,nr65.png,2.0,0.0,nr121.png,7.0,0.07534369069906086,nr51.png,6.0,0.07383681688507962,nr87.png,7.0,0.0,nr60.png,7.0,0.0,nr8.png,7.0,0.06429328272986526,nr42.png,7.0,0.22879367408948145,nr95.png,5.0,0.053745166031996736,nr80.png,6.0,0.0,nr99.png,6.0,0.0,nr31.png,5.0,0.0,nr3.png,6.0,0.0,nr18.png,16
24,14.0,4.0,24.0,9.0,5917.0,7.0,0.03365351517891385,nr97.png,1.0,0.08890555502489181,nr124.png,5.0,0.0,nr114.png,7.0,0.08890555502489181,nr65.png,2.0,0.0,nr121.png,7.0,0.07534369069906086,nr51.png,6.0,0.07383681688507962,nr87.png,7.0,0.0,nr60.png,7.0,0.0,nr8.png,7.0,0.06429328272986526,nr42.png,7.0,0.22879367408948145,nr95.png,5.0,0.053745166031996736,nr80.png,6.0,0.0,nr99.png,6.0,0.0,nr31.png,5.0,0.0,nr3.png,6.0,0.0,nr18.png,16
25,14.0,4.0,25.0,9.0,3969.0,7.0,0.03365351517891385,nr97.png,1.0,0.08890555502489181,nr124.png,5.0,0.0,nr114.png,7.0,0.08890555502489181,nr65.png,2.0,0.0,nr121.png,7.0,0.07534369069906086,nr51.png,6.0,0.07383681688507962,nr87.png,7.0,0.0,nr60.png,7.0,0.0,nr8.png,7.0,0.06429328272986526,nr42.png,7.0,0.22879367408948145,nr95.png,5.0,0.053745166031996736,nr80.png,6.0,0.0,nr99.png,6.0,0.0,nr31.png,5.0,0.0,nr3.png,6.0,0.0,nr18.png,16
26,14.0,4.0,26.0,5.0,3914.0,7.0,0.03365351517891385,nr97.png,1.0,0.08890555502489181,nr124.png,5.0,0.0,nr114.png,7.0,0.08890555502489181,nr65.png,2.0,0.0,nr121.png,7.0,0.07534369069906086,nr51.png,6.0,0.07383681688507962,nr87.png,7.0,0.0,nr60.png,7.0,0.0,nr8.png,7.0,0.06429328272986526,nr42.png,7.0,0.22879367408948145,nr95.png,5.0,0.053745166031996736,nr80.png,6.0,0.0,nr99.png,6.0,0.0,nr31.png,5.0,0.0,nr3.png,6.0,0.0,nr18.png,16
27,14.0,4.0,27.0,10.0,3708.0,7.0,0.03365351517891385,nr97.png,1.0,0.08890555502489181,nr124.png,5.0,0.0,nr114.png,7.0,0.08890555502489181,nr65.png,2.0,0.0,nr121.png,7.0,0.07534369069906086,nr51.png,6.0,0.07383681688507962,nr87.png,7.0,0.0,nr60.png,7.0,0.0,nr8.png,7.0,0.06429328272986526,nr42.png,7.0,0.22879367408948145,nr95.png,5.0,0.053745166031996736,nr80.png,6.0,0.0,nr99.png,6.0,0.0,nr31.png,5.0,0.0,nr3.png,6.0,0.0,nr18.png,16
28,14.0,4.0,28.0,10.0,4127.0,7.0,0.03365351517891385,nr97.png,1.0,0.08890555502489181,nr124.png,5.0,0.0,nr114.png,7.0,0.08890555502489181,nr65.png,2.0,0.0,nr121.png,7.0,0.07534369069906086,nr51.png,6.0,0.07383681688507962,nr87.png,7.0,0.0,nr60.png,7.0,0.0,nr8.png,7.0,0.06429328272986526,nr42.png,7.0,0.22879367408948145,nr95.png,5.0,0.053745166031996736,nr80.png,6.0,0.0,nr99.png,6.0,0.0,nr31.png,5.0,0.0,nr3.png,6.0,0.0,nr18.png,16
29,14.0,4.0,29.0,5.0,5429.0,7.0,0.03365351517891385,nr97.png,1.0,0.08890555502489181,nr124.png,5.0,0.0,nr114.png,7.0,0.08890555502489181,nr65.png,2.0,0.0,nr121.png,7.0,0.07534369069906086,nr51.png,6.0,0.07383681688507962,nr87.png,7.0,0.0,nr60.png,7.0,0.0,nr8.png,7.0,0.06429328272986526,nr42.png,7.0,0.22879367408948145,nr95.png,5.0,0.053745166031996736,nr80.png,6.0,0.0,nr99.png,6.0,0.0,nr31.png,5.0,0.0,nr3.png,6.0,0.0,nr18.png,16
30,14.0,4.0,30.0,9.0,4607.0,7.0,0.03365351517891385,nr97.png,1.0,0.08890555502489181,nr124.png,5.0,0.0,nr114.png,7.0,0.08890555502489181,nr65.png,2.0,0.0,nr121.png,7.0,0.07534369069906086,nr51.png,6.0,0.07383681688507962,nr87.png,7.0,0.0,nr60.png,7.0,0.0,nr8.png,7.0,0.06429328272986526,nr42.png,7.0,0.22879367408948145,nr95.png,5.0,0.053745166031996736,nr80.png,6.0,0.0,nr99.png,6.0,0.0,nr31.png,5.0,0.0,nr3.png,6.0,0.0,nr18.png,16
31,14.0,4.0,31.0,9.0,5663.0,7.0,0.03365351517891385,nr97.png,1.0,0.08890555502489181,nr124.png,5.0,0.0,nr114.png,7.0,0.08890555502489181,nr65.png,2.0,0.0,nr121.png,7.0,0.07534369069906086,nr51.png,6.0,0.07383681688507962,nr87.png,7.0,0.0,nr60.png,7.0,0.0,nr8.png,7.0,0.06429328272986526,nr42.png,7.0,0.22879367408948145,nr95.png,5.0,0.053745166031996736,nr80.png,6.0,0.0,nr99.png,6.0,0.0,nr31.png,5.0,0.0,nr3.png,6.0,0.0,nr18.png,16
32,14.0,4.0,32.0,3.0,5182.0,7.0,0.03365351517891385,nr97.png,1.0,0.08890555502489181,nr124.png,5.0,0.0,nr114.png,7.0,0.08890555502489181,nr65.png,2.0,0.0,nr121.png,7.0,0.07534369069906086,nr51.png,6.0,0.07383681688507962,nr87.png,7.0,0.0,nr60.png,7.0,0.0,nr8.png,7.0,0.06429328272986526,nr42.png,7.0,0.22879367408948145,nr95.png,5.0,0.053745166031996736,nr80.png,6.0,0.0,nr99.png,6.0,0.0,nr31.png,5.0,0.0,nr3.png,6.0,0.0,nr18.png,16
33,14.0,4.0,33.0,8.0,5170.0,7.0,0.03365351517891385,nr97.png,1.0,0.08890555502489181,nr124.png,5.0,0.0,nr114.png,7.0,0.08890555502489181,nr65.png,2.0,0.0,nr121.png,7.0,0.07534369069906086,nr51.png,6.0,0.07383681688507962,nr87.png,7.0,0.0,nr60.png,7.0,0.0,nr8.png,7.0,0.06429328272986526,nr42.png,7.0,0.22879367408948145,nr95.png,5.0,0.053745166031996736,nr80.png,6.0,0.0,nr99.png,6.0,0.0,nr31.png,5.0,0.0,nr3.png,6.0,0.0,nr18.png,16
34,14.0,4.0,34.0,3.0,3879.0,7.0,0.03365351517891385,nr97.png,1.0,0.08890555502489181,nr124.png,5.0,0.0,nr114.png,7.0,0.08890555502489181,nr65.png,2.0,0.0,nr121.png,7.0,0.07534369069906086,nr51.png,6.0,0.07383681688507962,nr87.png,7.0,0.0,nr60.png,7.0,0.0,nr8.png,7.0,0.06429328272986526,nr42.png,7.0,0.22879367408948145,nr95.png,5.0,0.053745166031996736,nr80.png,6.0,0.0,nr99.png,6.0,0.0,nr31.png,5.0,0.0,nr3.png,6.0,0.0,nr18.png,16
35,14.0,4.0,35.0,10.0,3813.0,7.0,0.03365351517891385,nr97.png,1.0,0.08890555502489181,nr124.png,5.0,0.0,nr114.png,7.0,0.08890555502489181,nr65.png,2.0,0.0,nr121.png,7.0,0.07534369069906086,nr51.png,6.0,0.07383681688507962,nr87.png,7.0,0.0,nr60.png,7.0,0.0,nr8.png,7.0,0.06429328272986526,nr42.png,7.0,0.22879367408948145,nr95.png,5.0,0.053745166031996736,nr80.png,6.0,0.0,nr99.png,6.0,0.0,nr31.png,5.0,0.0,nr3.png,6.0,0.0,nr18.png,16
36,14.0,4.0,36.0,13.0,4521.0,7.0,0.03365351517891385,nr97.png,1.0,0.08890555502489181,nr124.png,5.0,0.0,nr114.png,7.0,0.08890555502489181,nr65.png,2.0,0.0,nr121.png,7.0,0.07534369069906086,nr51.png,6.0,0.07383681688507962,nr87.png,7.0,0.0,nr60.png,7.0,0.0,nr8.png,7.0,0.06429328272986526,nr42.png,7.0,0.22879367408948145,nr95.png,5.0,0.053745166031996736,nr80.png,6.0,0.0,nr99.png,6.0,0.0,nr31.png,5.0,0.0,nr3.png,6.0,0.0,nr18.png,16
37,14.0,4.0,37.0,7.0,4809.0,7.0,0.03365351517891385,nr97.png,1.0,0.08890555502489181,nr124.png,5.0,0.0,nr114.png,7.0,0.08890555502489181,nr65.png,2.0,0.0,nr121.png,7.0,0.07534369069906086,nr51.png,6.0,0.07383681688507962,nr87.png,7.0,0.0,nr60.png,7.0,0.0,nr8.png,7.0,0.06429328272986526,nr42.png,7.0,0.22879367408948145,nr95.png,5.0,0.053745166031996736,nr80.png,6.0,0.0,nr99.png,6.0,0.0,nr31.png,5.0,0.0,nr3.png,6.0,0.0,nr18.png,16
38,14.0,4.0,38.0,5.0,8005.0,7.0,0.03365351517891385,nr97.png,1.0,0.08890555502489181,nr124.png,5.0,0.0,nr114.png,7.0,0.08890555502489181,nr65.png,2.0,0.0,nr121.png,7.0,0.07534369069906086,nr51.png,6.0,0.07383681688507962,nr87.png,7.0,0.0,nr60.png,7.0,0.0,nr8.png,7.0,0.06429328272986526,nr42.png,7.0,0.22879367408948145,nr95.png,5.0,0.053745166031996736,nr80.png,6.0,0.0,nr99.png,6.0,0.0,nr31.png,5.0,0.0,nr3.png,6.0,0.0,nr18.png,16
39,14.0,4.0,39.0,10.0,3644.0,7.0,0.03365351517891385,nr97.png,1.0,0.08890555502489181,nr124.png,5.0,0.0,nr114.png,7.0,0.08890555502489181,nr65.png,2.0,0.0,nr121.png,7.0,0.07534369069906086,nr51.png,6.0,0.07383681688507962,nr87.png,7.0,0.0,nr60.png,7.0,0.0,nr8.png,7.0,0.06429328272986526,nr42.png,7.0,0.22879367408948145,nr95.png,5.0,0.053745166031996736,nr80.png,6.0,0.0,nr99.png,6.0,0.0,nr31.png,5.0,0.0,nr3.png,6.0,0.0,nr18.png,16
40,14.0,4.0,40.0,3.0,3666.0,7.0,0.03365351517891385,nr97.png,1.0,0.08890555502489181,nr124.png,5.0,0.0,nr114.png,7.0,0.08890555502489181,nr65.png,2.0,0.0,nr121.png,7.0,0.07534369069906086,nr51.png,6.0,0.07383681688507962,nr87.png,7.0,0.0,nr60.png,7.0,0.0,nr8.png,7.0,0.06429328272986526,nr42.png,7.0,0.22879367408948145,nr95.png,5.0,0.053745166031996736,nr80.png,6.0,0.0,nr99.png,6.0,0.0,nr31.png,5.0,0.0,nr3.png,6.0,0.0,nr18.png,16
41,14.0,4.0,41.0,0.0,5697.0,7.0,0.03365351517891385,nr97.png,1.0,0.08890555502489181,nr124.png,5.0,0.0,nr114.png,7.0,0.08890555502489181,nr65.png,2.0,0.0,nr121.png,7.0,0.07534369069906086,nr51.png,6.0,0.07383681688507962,nr87.png,7.0,0.0,nr60.png,7.0,0.0,nr8.png,7.0,0.06429328272986526,nr42.png,7.0,0.22879367408948145,nr95.png,5.0,0.053745166031996736,nr80.png,6.0,0.0,nr99.png,6.0,0.0,nr31.png,5.0,0.0,nr3.png,6.0,0.0,nr18.png,16
42,14.0,4.0,42.0,11.0,4266.0,7.0,0.03365351517891385,nr97.png,1.0,0.08890555502489181,nr124.png,5.0,0.0,nr114.png,7.0,0.08890555502489181,nr65.png,2.0,0.0,nr121.png,7.0,0.07534369069906086,nr51.png,6.0,0.07383681688507962,nr87.png,7.0,0.0,nr60.png,7.0,0.0,nr8.png,7.0,0.06429328272986526,nr42.png,7.0,0.22879367408948145,nr95.png,5.0,0.053745166031996736,nr80.png,6.0,0.0,nr99.png,6.0,0.0,nr31.png,5.0,0.0,nr3.png,6.0,0.0,nr18.png,16
43,14.0,4.0,43.0,10.0,3868.0,7.0,0.03365351517891385,nr97.png,1.0,0.08890555502489181,nr124.png,5.0,0.0,nr114.png,7.0,0.08890555502489181,nr65.png,2.0,0.0,nr121.png,7.0,0.07534369069906086,nr51.png,6.0,0.07383681688507962,nr87.png,7.0,0.0,nr60.png,7.0,0.0,nr8.png,7.0,0.06429328272986526,nr42.png,7.0,0.22879367408948145,nr95.png,5.0,0.053745166031996736,nr80.png,6.0,0.0,nr99.png,6.0,0.0,nr31.png,5.0,0.0,nr3.png,6.0,0.0,nr18.png,16
44,14.0,4.0,44.0,8.0,5038.0,7.0,0.03365351517891385,nr97.png,1.0,0.08890555502489181,nr124.png,5.0,0.0,nr114.png,7.0,0.08890555502489181,nr65.png,2.0,0.0,nr121.png,7.0,0.07534369069906086,nr51.png,6.0,0.07383681688507962,nr87.png,7.0,0.0,nr60.png,7.0,0.0,nr8.png,7.0,0.06429328272986526,nr42.png,7.0,0.22879367408948145,nr95.png,5.0,0.053745166031996736,nr80.png,6.0,0.0,nr99.png,6.0,0.0,nr31.png,5.0,0.0,nr3.png,6.0,0.0,nr18.png,16
45,14.0,4.0,45.0,10.0,6130.0,7.0,0.03365351517891385,nr97.png,1.0,0.08890555502489181,nr124.png,5.0,0.0,nr114.png,7.0,0.08890555502489181,nr65.png,2.0,0.0,nr121.png,7.0,0.07534369069906086,nr51.png,6.0,0.07383681688507962,nr87.png,7.0,0.0,nr60.png,7.0,0.0,nr8.png,7.0,0.06429328272986526,nr42.png,7.0,0.22879367408948145,nr95.png,5.0,0.053745166031996736,nr80.png,6.0,0.0,nr99.png,6.0,0.0,nr31.png,5.0,0.0,nr3.png,6.0,0.0,nr18.png,16
46,14.0,4.0,46.0,10.0,4917.0,7.0,0.03365351517891385,nr97.png,1.0,0.08890555502489181,nr124.png,5.0,0.0,nr114.png,7.0,0.08890555502489181,nr65.png,2.0,0.0,nr121.png,7.0,0.07534369069906086,nr51.png,6.0,0.07383681688507962,nr87.png,7.0,0.0,nr60.png,7.0,0.0,nr8.png,7.0,0.06429328272986526,nr42.png,7.0,0.22879367408948145,nr95.png,5.0,0.053745166031996736,nr80.png,6.0,0.0,nr99.png,6.0,0.0,nr31.png,5.0,0.0,nr3.png,6.0,0.0,nr18.png,16
47,14.0,4.0,47.0,3.0,4795.0,7.0,0.03365351517891385,nr97.png,1.0,0.08890555502489181,nr124.png,5.0,0.0,nr114.png,7.0,0.08890555502489181,nr65.png,2.0,0.0,nr121.png,7.0,0.07534369069906086,nr51.png,6.0,0.07383681688507962,nr87.png,7.0,0.0,nr60.png,7.0,0.0,nr8.png,7.0,0.06429328272986526,nr42.png,7.0,0.22879367408948145,nr95.png,5.0,0.053745166031996736,nr80.png,6.0,0.0,nr99.png,6.0,0.0,nr31.png,5.0,0.0,nr3.png,6.0,0.0,nr18.png,16
48,14.0,4.0,48.0,15.0,4077.0,7.0,0.03365351517891385,nr97.png,1.0,0.08890555502489181,nr124.png,5.0,0.0,nr114.png,7.0,0.08890555502489181,nr65.png,2.0,0.0,nr121.png,7.0,0.07534369069906086,nr51.png,6.0,0.07383681688507962,nr87.png,7.0,0.0,nr60.png,7.0,0.0,nr8.png,7.0,0.06429328272986526,nr42.png,7.0,0.22879367408948145,nr95.png,5.0,0.053745166031996736,nr80.png,6.0,0.0,nr99.png,6.0,0.0,nr31.png,5.0,0.0,nr3.png,6.0,0.0,nr18.png,16
49,14.0,4.0,49.0,10.0,3207.0,7.0,0.03365351517891385,nr97.png,1.0,0.08890555502489181,nr124.png,5.0,0.0,nr114.png,7.0,0.08890555502489181,nr65.png,2.0,0.0,nr121.png,7.0,0.07534369069906086,nr51.png,6.0,0.07383681688507962,nr87.png,7.0,0.0,nr60.png,7.0,0.0,nr8.png,7.0,0.06429328272986526,nr42.png,7.0,0.22879367408948145,nr95.png,5.0,0.053745166031996736,nr80.png,6.0,0.0,nr99.png,6.0,0.0,nr31.png,5.0,0.0,nr3.png,6.0,0.0,nr18.png,16
50,14.0,7.0,0.0,9.0,3472.0,7.0,0.08311114206750259,nr28.png,3.0,0.09373722415832483,nr93.png,1.0,0.0,nr56.png,3.0,0.0,nr48.png,3.0,0.07514158049938591,nr69.png,7.0,0.05920245736315252,nr58.png,1.0,0.025806199363425462,nr72.png,1.0,0.0,nr124.png,7.0,0.13434403786253846,nr45.png,7.0,0.18348966753259133,nr30.png,7.0,0.0,nr8.png,6.0,0.0,nr20.png,6.0,0.0,nr99.png,2.0,0.0,nr4.png,6.0,0.0,nr18.png,7.0,0.0,nr27.png,16
51,14.0,7.0,1.0,5.0,4706.0,7.0,0.08311114206750259,nr28.png,3.0,0.09373722415832483,nr93.png,1.0,0.0,nr56.png,3.0,0.0,nr48.png,3.0,0.07514158049938591,nr69.png,7.0,0.05920245736315252,nr58.png,1.0,0.025806199363425462,nr72.png,1.0,0.0,nr124.png,7.0,0.13434403786253846,nr45.png,7.0,0.18348966753259133,nr30.png,7.0,0.0,nr8.png,6.0,0.0,nr20.png,6.0,0.0,nr99.png,2.0,0.0,nr4.png,6.0,0.0,nr18.png,7.0,0.0,nr27.png,16
52,14.0,7.0,2.0,10.0,6536.0,7.0,0.08311114206750259,nr28.png,3.0,0.09373722415832483,nr93.png,1.0,0.0,nr56.png,3.0,0.0,nr48.png,3.0,0.07514158049938591,nr69.png,7.0,0.05920245736315252,nr58.png,1.0,0.025806199363425462,nr72.png,1.0,0.0,nr124.png,7.0,0.13434403786253846,nr45.png,7.0,0.18348966753259133,nr30.png,7.0,0.0,nr8.png,6.0,0.0,nr20.png,6.0,0.0,nr99.png,2.0,0.0,nr4.png,6.0,0.0,nr18.png,7.0,0.0,nr27.png,16
53,14.0,7.0,3.0,9.0,5452.0,7.0,0.08311114206750259,nr28.png,3.0,0.09373722415832483,nr93.png,1.0,0.0,nr56.png,3.0,0.0,nr48.png,3.0,0.07514158049938591,nr69.png,7.0,0.05920245736315252,nr58.png,1.0,0.025806199363425462,nr72.png,1.0,0.0,nr124.png,7.0,0.13434403786253846,nr45.png,7.0,0.18348966753259133,nr30.png,7.0,0.0,nr8.png,6.0,0.0,nr20.png,6.0,0.0,nr99.png,2.0,0.0,nr4.png,6.0,0.0,nr18.png,7.0,0.0,nr27.png,16
54,14.0,7.0,4.0,5.0,4838.0,7.0,0.08311114206750259,nr28.png,3.0,0.09373722415832483,nr93.png,1.0,0.0,nr56.png,3.0,0.0,nr48.png,3.0,0.07514158049938591,nr69.png,7.0,0.05920245736315252,nr58.png,1.0,0.025806199363425462,nr72.png,1.0,0.0,nr124.png,7.0,0.13434403786253846,nr45.png,7.0,0.18348966753259133,nr30.png,7.0,0.0,nr8.png,6.0,0.0,nr20.png,6.0,0.0,nr99.png,2.0,0.0,nr4.png,6.0,0.0,nr18.png,7.0,0.0,nr27.png,16
55,14.0,7.0,5.0,5.0,5701.0,7.0,0.08311114206750259,nr28.png,3.0,0.09373722415832483,nr93.png,1.0,0.0,nr56.png,3.0,0.0,nr48.png,3.0,0.07514158049938591,nr69.png,7.0,0.05920245736315252,nr58.png,1.0,0.025806199363425462,nr72.png,1.0,0.0,nr124.png,7.0,0.13434403786253846,nr45.png,7.0,0.18348966753259133,nr30.png,7.0,0.0,nr8.png,6.0,0.0,nr20.png,6.0,0.0,nr99.png,2.0,0.0,nr4.png,6.0,0.0,nr18.png,7.0,0.0,nr27.png,16
56,14.0,7.0,6.0,0.0,3966.0,7.0,0.08311114206750259,nr28.png,3.0,0.09373722415832483,nr93.png,1.0,0.0,nr56.png,3.0,0.0,nr48.png,3.0,0.07514158049938591,nr69.png,7.0,0.05920245736315252,nr58.png,1.0,0.025806199363425462,nr72.png,1.0,0.0,nr124.png,7.0,0.13434403786253846,nr45.png,7.0,0.18348966753259133,nr30.png,7.0,0.0,nr8.png,6.0,0.0,nr20.png,6.0,0.0,nr99.png,2.0,0.0,nr4.png,6.0,0.0,nr18.png,7.0,0.0,nr27.png,16
57,14.0,7.0,7.0,5.0,4403.0,7.0,0.08311114206750259,nr28.png,3.0,0.09373722415832483,nr93.png,1.0,0.0,nr56.png,3.0,0.0,nr48.png,3.0,0.07514158049938591,nr69.png,7.0,0.05920245736315252,nr58.png,1.0,0.025806199363425462,nr72.png,1.0,0.0,nr124.png,7.0,0.13434403786253846,nr45.png,7.0,0.18348966753259133,nr30.png,7.0,0.0,nr8.png,6.0,0.0,nr20.png,6.0,0.0,nr99.png,2.0,0.0,nr4.png,6.0,0.0,nr18.png,7.0,0.0,nr27.png,16
58,14.0,7.0,8.0,0.0,5978.0,7.0,0.08311114206750259,nr28.png,3.0,0.09373722415832483,nr93.png,1.0,0.0,nr56.png,3.0,0.0,nr48.png,3.0,0.07514158049938591,nr69.png,7.0,0.05920245736315252,nr58.png,1.0,0.025806199363425462,nr72.png,1.0,0.0,nr124.png,7.0,0.13434403786253846,nr45.png,7.0,0.18348966753259133,nr30.png,7.0,0.0,nr8.png,6.0,0.0,nr20.png,6.0,0.0,nr99.png,2.0,0.0,nr4.png,6.0,0.0,nr18.png,7.0,0.0,nr27.png,16
59,14.0,7.0,9.0,8.0,5364.0,7.0,0.08311114206750259,nr28.png,3.0,0.09373722415832483,nr93.png,1.0,0.0,nr56.png,3.0,0.0,nr48.png,3.0,0.07514158049938591,nr69.png,7.0,0.05920245736315252,nr58.png,1.0,0.025806199363425462,nr72.png,1.0,0.0,nr124.png,7.0,0.13434403786253846,nr45.png,7.0,0.18348966753259133,nr30.png,7.0,0.0,nr8.png,6.0,0.0,nr20.png,6.0,0.0,nr99.png,2.0,0.0,nr4.png,6.0,0.0,nr18.png,7.0,0.0,nr27.png,16
60,14.0,7.0,10.0,9.0,8209.0,7.0,0.08311114206750259,nr28.png,3.0,0.09373722415832483,nr93.png,1.0,0.0,nr56.png,3.0,0.0,nr48.png,3.0,0.07514158049938591,nr69.png,7.0,0.05920245736315252,nr58.png,1.0,0.025806199363425462,nr72.png,1.0,0.0,nr124.png,7.0,0.13434403786253846,nr45.png,7.0,0.18348966753259133,nr30.png,7.0,0.0,nr8.png,6.0,0.0,nr20.png,6.0,0.0,nr99.png,2.0,0.0,nr4.png,6.0,0.0,nr18.png,7.0,0.0,nr27.png,16
61,14.0,7.0,11.0,8.0,5746.0,7.0,0.08311114206750259,nr28.png,3.0,0.09373722415832483,nr93.png,1.0,0.0,nr56.png,3.0,0.0,nr48.png,3.0,0.07514158049938591,nr69.png,7.0,0.05920245736315252,nr58.png,1.0,0.025806199363425462,nr72.png,1.0,0.0,nr124.png,7.0,0.13434403786253846,nr45.png,7.0,0.18348966753259133,nr30.png,7.0,0.0,nr8.png,6.0,0.0,nr20.png,6.0,0.0,nr99.png,2.0,0.0,nr4.png,6.0,0.0,nr18.png,7.0,0.0,nr27.png,16
62,14.0,7.0,12.0,8.0,4112.0,7.0,0.08311114206750259,nr28.png,3.0,0.09373722415832483,nr93.png,1.0,0.0,nr56.png,3.0,0.0,nr48.png,3.0,0.07514158049938591,nr69.png,7.0,0.05920245736315252,nr58.png,1.0,0.025806199363425462,nr72.png,1.0,0.0,nr124.png,7.0,0.13434403786253846,nr45.png,7.0,0.18348966753259133,nr30.png,7.0,0.0,nr8.png,6.0,0.0,nr20.png,6.0,0.0,nr99.png,2.0,0.0,nr4.png,6.0,0.0,nr18.png,7.0,0.0,nr27.png,16
63,14.0,7.0,13.0,9.0,7204.0,7.0,0.08311114206750259,nr28.png,3.0,0.09373722415832483,nr93.png,1.0,0.0,nr56.png,3.0,0.0,nr48.png,3.0,0.07514158049938591,nr69.png,7.0,0.05920245736315252,nr58.png,1.0,0.025806199363425462,nr72.png,1.0,0.0,nr124.png,7.0,0.13434403786253846,nr45.png,7.0,0.18348966753259133,nr30.png,7.0,0.0,nr8.png,6.0,0.0,nr20.png,6.0,0.0,nr99.png,2.0,0.0,nr4.png,6.0,0.0,nr18.png,7.0,0.0,nr27.png,16
64,14.0,7.0,14.0,12.0,3547.0,7.0,0.08311114206750259,nr28.png,3.0,0.09373722415832483,nr93.png,1.0,0.0,nr56.png,3.0,0.0,nr48.png,3.0,0.07514158049938591,nr69.png,7.0,0.05920245736315252,nr58.png,1.0,0.025806199363425462,nr72.png,1.0,0.0,nr124.png,7.0,0.13434403786253846,nr45.png,7.0,0.18348966753259133,nr30.png,7.0,0.0,nr8.png,6.0,0.0,nr20.png,6.0,0.0,nr99.png,2.0,0.0,nr4.png,6.0,0.0,nr18.png,7.0,0.0,nr27.png,16
65,14.0,7.0,15.0,13.0,4541.0,7.0,0.08311114206750259,nr28.png,3.0,0.09373722415832483,nr93.png,1.0,0.0,nr56.png,3.0,0.0,nr48.png,3.0,0.07514158049938591,nr69.png,7.0,0.05920245736315252,nr58.png,1.0,0.025806199363425462,nr72.png,1.0,0.0,nr124.png,7.0,0.13434403786253846,nr45.png,7.0,0.18348966753259133,nr30.png,7.0,0.0,nr8.png,6.0,0.0,nr20.png,6.0,0.0,nr99.png,2.0,0.0,nr4.png,6.0,0.0,nr18.png,7.0,0.0,nr27.png,16
66,14.0,7.0,16.0,8.0,5535.0,7.0,0.08311114206750259,nr28.png,3.0,0.09373722415832483,nr93.png,1.0,0.0,nr56.png,3.0,0.0,nr48.png,3.0,0.07514158049938591,nr69.png,7.0,0.05920245736315252,nr58.png,1.0,0.025806199363425462,nr72.png,1.0,0.0,nr124.png,7.0,0.13434403786253846,nr45.png,7.0,0.18348966753259133,nr30.png,7.0,0.0,nr8.png,6.0,0.0,nr20.png,6.0,0.0,nr99.png,2.0,0.0,nr4.png,6.0,0.0,nr18.png,7.0,0.0,nr27.png,16
67,14.0,7.0,17.0,9.0,3826.0,7.0,0.08311114206750259,nr28.png,3.0,0.09373722415832483,nr93.png,1.0,0.0,nr56.png,3.0,0.0,nr48.png,3.0,0.07514158049938591,nr69.png,7.0,0.05920245736315252,nr58.png,1.0,0.025806199363425462,nr72.png,1.0,0.0,nr124.png,7.0,0.13434403786253846,nr45.png,7.0,0.18348966753259133,nr30.png,7.0,0.0,nr8.png,6.0,0.0,nr20.png,6.0,0.0,nr99.png,2.0,0.0,nr4.png,6.0,0.0,nr18.png,7.0,0.0,nr27.png,16
68,14.0,7.0,18.0,10.0,5465.0,7.0,0.08311114206750259,nr28.png,3.0,0.09373722415832483,nr93.png,1.0,0.0,nr56.png,3.0,0.0,nr48.png,3.0,0.07514158049938591,nr69.png,7.0,0.05920245736315252,nr58.png,1.0,0.025806199363425462,nr72.png,1.0,0.0,nr124.png,7.0,0.13434403786253846,nr45.png,7.0,0.18348966753259133,nr30.png,7.0,0.0,nr8.png,6.0,0.0,nr20.png,6.0,0.0,nr99.png,2.0,0.0,nr4.png,6.0,0.0,nr18.png,7.0,0.0,nr27.png,16
69,14.0,7.0,19.0,10.0,3611.0,7.0,0.08311114206750259,nr28.png,3.0,0.09373722415832483,nr93.png,1.0,0.0,nr56.png,3.0,0.0,nr48.png,3.0,0.07514158049938591,nr69.png,7.0,0.05920245736315252,nr58.png,1.0,0.025806199363425462,nr72.png,1.0,0.0,nr124.png,7.0,0.13434403786253846,nr45.png,7.0,0.18348966753259133,nr30.png,7.0,0.0,nr8.png,6.0,0.0,nr20.png,6.0,0.0,nr99.png,2.0,0.0,nr4.png,6.0,0.0,nr18.png,7.0,0.0,nr27.png,16
70,14.0,7.0,20.0,1.0,8290.0,7.0,0.08311114206750259,nr28.png,3.0,0.09373722415832483,nr93.png,1.0,0.0,nr56.png,3.0,0.0,nr48.png,3.0,0.07514158049938591,nr69.png,7.0,0.05920245736315252,nr58.png,1.0,0.025806199363425462,nr72.png,1.0,0.0,nr124.png,7.0,0.13434403786253846,nr45.png,7.0,0.18348966753259133,nr30.png,7.0,0.0,nr8.png,6.0,0.0,nr20.png,6.0,0.0,nr99.png,2.0,0.0,nr4.png,6.0,0.0,nr18.png,7.0,0.0,nr27.png,16
71,14.0,7.0,21.0,10.0,5776.0,7.0,0.08311114206750259,nr28.png,3.0,0.09373722415832483,nr93.png,1.0,0.0,nr56.png,3.0,0.0,nr48.png,3.0,0.07514158049938591,nr69.png,7.0,0.05920245736315252,nr58.png,1.0,0.025806199363425462,nr72.png,1.0,0.0,nr124.png,7.0,0.13434403786253846,nr45.png,7.0,0.18348966753259133,nr30.png,7.0,0.0,nr8.png,6.0,0.0,nr20.png,6.0,0.0,nr99.png,2.0,0.0,nr4.png,6.0,0.0,nr18.png,7.0,0.0,nr27.png,16
72,14.0,7.0,22.0,5.0,3094.0,7.0,0.08311114206750259,nr28.png,3.0,0.09373722415832483,nr93.png,1.0,0.0,nr56.png,3.0,0.0,nr48.png,3.0,0.07514158049938591,nr69.png,7.0,0.05920245736315252,nr58.png,1.0,0.025806199363425462,nr72.png,1.0,0.0,nr124.png,7.0,0.13434403786253846,nr45.png,7.0,0.18348966753259133,nr30.png,7.0,0.0,nr8.png,6.0,0.0,nr20.png,6.0,0.0,nr99.png,2.0,0.0,nr4.png,6.0,0.0,nr18.png,7.0,0.0,nr27.png,16
73,14.0,7.0,23.0,8.0,2742.0,7.0,0.08311114206750259,nr28.png,3.0,0.09373722415832483,nr93.png,1.0,0.0,nr56.png,3.0,0.0,nr48.png,3.0,0.07514158049938591,nr69.png,7.0,0.05920245736315252,nr58.png,1.0,0.025806199363425462,nr72.png,1.0,0.0,nr124.png,7.0,0.13434403786253846,nr45.png,7.0,0.18348966753259133,nr30.png,7.0,0.0,nr8.png,6.0,0.0,nr20.png,6.0,0.0,nr99.png,2.0,0.0,nr4.png,6.0,0.0,nr18.png,7.0,0.0,nr27.png,16
74,14.0,7.0,24.0,9.0,4095.0,7.0,0.08311114206750259,nr28.png,3.0,0.09373722415832483,nr93.png,1.0,0.0,nr56.png,3.0,0.0,nr48.png,3.0,0.07514158049938591,nr69.png,7.0,0.05920245736315252,nr58.png,1.0,0.025806199363425462,nr72.png,1.0,0.0,nr124.png,7.0,0.13434403786253846,nr45.png,7.0,0.18348966753259133,nr30.png,7.0,0.0,nr8.png,6.0,0.0,nr20.png,6.0,0.0,nr99.png,2.0,0.0,nr4.png,6.0,0.0,nr18.png,7.0,0.0,nr27.png,16
75,14.0,7.0,25.0,9.0,3572.0,7.0,0.08311114206750259,nr28.png,3.0,0.09373722415832483,nr93.png,1.0,0.0,nr56.png,3.0,0.0,nr48.png,3.0,0.07514158049938591,nr69.png,7.0,0.05920245736315252,nr58.png,1.0,0.025806199363425462,nr72.png,1.0,0.0,nr124.png,7.0,0.13434403786253846,nr45.png,7.0,0.18348966753259133,nr30.png,7.0,0.0,nr8.png,6.0,0.0,nr20.png,6.0,0.0,nr99.png,2.0,0.0,nr4.png,6.0,0.0,nr18.png,7.0,0.0,nr27.png,16
76,14.0,7.0,26.0,8.0,4121.0,7.0,0.08311114206750259,nr28.png,3.0,0.09373722415832483,nr93.png,1.0,0.0,nr56.png,3.0,0.0,nr48.png,3.0,0.07514158049938591,nr69.png,7.0,0.05920245736315252,nr58.png,1.0,0.025806199363425462,nr72.png,1.0,0.0,nr124.png,7.0,0.13434403786253846,nr45.png,7.0,0.18348966753259133,nr30.png,7.0,0.0,nr8.png,6.0,0.0,nr20.png,6.0,0.0,nr99.png,2.0,0.0,nr4.png,6.0,0.0,nr18.png,7.0,0.0,nr27.png,16
77,14.0,7.0,27.0,9.0,4745.0,7.0,0.08311114206750259,nr28.png,3.0,0.09373722415832483,nr93.png,1.0,0.0,nr56.png,3.0,0.0,nr48.png,3.0,0.07514158049938591,nr69.png,7.0,0.05920245736315252,nr58.png,1.0,0.025806199363425462,nr72.png,1.0,0.0,nr124.png,7.0,0.13434403786253846,nr45.png,7.0,0.18348966753259133,nr30.png,7.0,0.0,nr8.png,6.0,0.0,nr20.png,6.0,0.0,nr99.png,2.0,0.0,nr4.png,6.0,0.0,nr18.png,7.0,0.0,nr27.png,16
78,14.0,7.0,28.0,8.0,5865.0,7.0,0.08311114206750259,nr28.png,3.0,0.09373722415832483,nr93.png,1.0,0.0,nr56.png,3.0,0.0,nr48.png,3.0,0.07514158049938591,nr69.png,7.0,0.05920245736315252,nr58.png,1.0,0.025806199363425462,nr72.png,1.0,0.0,nr124.png,7.0,0.13434403786253846,nr45.png,7.0,0.18348966753259133,nr30.png,7.0,0.0,nr8.png,6.0,0.0,nr20.png,6.0,0.0,nr99.png,2.0,0.0,nr4.png,6.0,0.0,nr18.png,7.0,0.0,nr27.png,16
79,14.0,7.0,29.0,9.0,4610.0,7.0,0.08311114206750259,nr28.png,3.0,0.09373722415832483,nr93.png,1.0,0.0,nr56.png,3.0,0.0,nr48.png,3.0,0.07514158049938591,nr69.png,7.0,0.05920245736315252,nr58.png,1.0,0.025806199363425462,nr72.png,1.0,0.0,nr124.png,7.0,0.13434403786253846,nr45.png,7.0,0.18348966753259133,nr30.png,7.0,0.0,nr8.png,6.0,0.0,nr20.png,6.0,0.0,nr99.png,2.0,0.0,nr4.png,6.0,0.0,nr18.png,7.0,0.0,nr27.png,16
80,14.0,7.0,30.0,0.0,4723.0,7.0,0.08311114206750259,nr28.png,3.0,0.09373722415832483,nr93.png,1.0,0.0,nr56.png,3.0,0.0,nr48.png,3.0,0.07514158049938591,nr69.png,7.0,0.05920245736315252,nr58.png,1.0,0.025806199363425462,nr72.png,1.0,0.0,nr124.png,7.0,0.13434403786253846,nr45.png,7.0,0.18348966753259133,nr30.png,7.0,0.0,nr8.png,6.0,0.0,nr20.png,6.0,0.0,nr99.png,2.0,0.0,nr4.png,6.0,0.0,nr18.png,7.0,0.0,nr27.png,16
81,14.0,7.0,31.0,0.0,3639.0,7.0,0.08311114206750259,nr28.png,3.0,0.09373722415832483,nr93.png,1.0,0.0,nr56.png,3.0,0.0,nr48.png,3.0,0.07514158049938591,nr69.png,7.0,0.05920245736315252,nr58.png,1.0,0.025806199363425462,nr72.png,1.0,0.0,nr124.png,7.0,0.13434403786253846,nr45.png,7.0,0.18348966753259133,nr30.png,7.0,0.0,nr8.png,6.0,0.0,nr20.png,6.0,0.0,nr99.png,2.0,0.0,nr4.png,6.0,0.0,nr18.png,7.0,0.0,nr27.png,16
82,14.0,7.0,32.0,8.0,6293.0,7.0,0.08311114206750259,nr28.png,3.0,0.09373722415832483,nr93.png,1.0,0.0,nr56.png,3.0,0.0,nr48.png,3.0,0.07514158049938591,nr69.png,7.0,0.05920245736315252,nr58.png,1.0,0.025806199363425462,nr72.png,1.0,0.0,nr124.png,7.0,0.13434403786253846,nr45.png,7.0,0.18348966753259133,nr30.png,7.0,0.0,nr8.png,6.0,0.0,nr20.png,6.0,0.0,nr99.png,2.0,0.0,nr4.png,6.0,0.0,nr18.png,7.0,0.0,nr27.png,16
83,14.0,7.0,33.0,5.0,6415.0,7.0,0.08311114206750259,nr28.png,3.0,0.09373722415832483,nr93.png,1.0,0.0,nr56.png,3.0,0.0,nr48.png,3.0,0.07514158049938591,nr69.png,7.0,0.05920245736315252,nr58.png,1.0,0.025806199363425462,nr72.png,1.0,0.0,nr124.png,7.0,0.13434403786253846,nr45.png,7.0,0.18348966753259133,nr30.png,7.0,0.0,nr8.png,6.0,0.0,nr20.png,6.0,0.0,nr99.png,2.0,0.0,nr4.png,6.0,0.0,nr18.png,7.0,0.0,nr27.png,16
84,14.0,7.0,34.0,9.0,3617.0,7.0,0.08311114206750259,nr28.png,3.0,0.09373722415832483,nr93.png,1.0,0.0,nr56.png,3.0,0.0,nr48.png,3.0,0.07514158049938591,nr69.png,7.0,0.05920245736315252,nr58.png,1.0,0.025806199363425462,nr72.png,1.0,0.0,nr124.png,7.0,0.13434403786253846,nr45.png,7.0,0.18348966753259133,nr30.png,7.0,0.0,nr8.png,6.0,0.0,nr20.png,6.0,0.0,nr99.png,2.0,0.0,nr4.png,6.0,0.0,nr18.png,7.0,0.0,nr27.png,16
85,14.0,7.0,35.0,9.0,5120.0,7.0,0.08311114206750259,nr28.png,3.0,0.09373722415832483,nr93.png,1.0,0.0,nr56.png,3.0,0.0,nr48.png,3.0,0.07514158049938591,nr69.png,7.0,0.05920245736315252,nr58.png,1.0,0.025806199363425462,nr72.png,1.0,0.0,nr124.png,7.0,0.13434403786253846,nr45.png,7.0,0.18348966753259133,nr30.png,7.0,0.0,nr8.png,6.0,0.0,nr20.png,6.0,0.0,nr99.png,2.0,0.0,nr4.png,6.0,0.0,nr18.png,7.0,0.0,nr27.png,16
86,14.0,7.0,36.0,8.0,6361.0,7.0,0.08311114206750259,nr28.png,3.0,0.09373722415832483,nr93.png,1.0,0.0,nr56.png,3.0,0.0,nr48.png,3.0,0.07514158049938591,nr69.png,7.0,0.05920245736315252,nr58.png,1.0,0.025806199363425462,nr72.png,1.0,0.0,nr124.png,7.0,0.13434403786253846,nr45.png,7.0,0.18348966753259133,nr30.png,7.0,0.0,nr8.png,6.0,0.0,nr20.png,6.0,0.0,nr99.png,2.0,0.0,nr4.png,6.0,0.0,nr18.png,7.0,0.0,nr27.png,16
87,14.0,7.0,37.0,0.0,5931.0,7.0,0.08311114206750259,nr28.png,3.0,0.09373722415832483,nr93.png,1.0,0.0,nr56.png,3.0,0.0,nr48.png,3.0,0.07514158049938591,nr69.png,7.0,0.05920245736315252,nr58.png,1.0,0.025806199363425462,nr72.png,1.0,0.0,nr124.png,7.0,0.13434403786253846,nr45.png,7.0,0.18348966753259133,nr30.png,7.0,0.0,nr8.png,6.0,0.0,nr20.png,6.0,0.0,nr99.png,2.0,0.0,nr4.png,6.0,0.0,nr18.png,7.0,0.0,nr27.png,16
88,14.0,7.0,38.0,14.0,5419.0,7.0,0.08311114206750259,nr28.png,3.0,0.09373722415832483,nr93.png,1.0,0.0,nr56.png,3.0,0.0,nr48.png,3.0,0.07514158049938591,nr69.png,7.0,0.05920245736315252,nr58.png,1.0,0.025806199363425462,nr72.png,1.0,0.0,nr124.png,7.0,0.13434403786253846,nr45.png,7.0,0.18348966753259133,nr30.png,7.0,0.0,nr8.png,6.0,0.0,nr20.png,6.0,0.0,nr99.png,2.0,0.0,nr4.png,6.0,0.0,nr18.png,7.0,0.0,nr27.png,16
89,14.0,7.0,39.0,9.0,6022.0,7.0,0.08311114206750259,nr28.png,3.0,0.09373722415832483,nr93.png,1.0,0.0,nr56.png,3.0,0.0,nr48.png,3.0,0.07514158049938591,nr69.png,7.0,0.05920245736315252,nr58.png,1.0,0.025806199363425462,nr72.png,1.0,0.0,nr124.png,7.0,0.13434403786253846,nr45.png,7.0,0.18348966753259133,nr30.png,7.0,0.0,nr8.png,6.0,0.0,nr20.png,6.0,0.0,nr99.png,2.0,0.0,nr4.png,6.0,0.0,nr18.png,7.0,0.0,nr27.png,16
90,14.0,7.0,40.0,9.0,4195.0,7.0,0.08311114206750259,nr28.png,3.0,0.09373722415832483,nr93.png,1.0,0.0,nr56.png,3.0,0.0,nr48.png,3.0,0.07514158049938591,nr69.png,7.0,0.05920245736315252,nr58.png,1.0,0.025806199363425462,nr72.png,1.0,0.0,nr124.png,7.0,0.13434403786253846,nr45.png,7.0,0.18348966753259133,nr30.png,7.0,0.0,nr8.png,6.0,0.0,nr20.png,6.0,0.0,nr99.png,2.0,0.0,nr4.png,6.0,0.0,nr18.png,7.0,0.0,nr27.png,16
91,14.0,7.0,41.0,11.0,4628.0,7.0,0.08311114206750259,nr28.png,3.0,0.09373722415832483,nr93.png,1.0,0.0,nr56.png,3.0,0.0,nr48.png,3.0,0.07514158049938591,nr69.png,7.0,0.05920245736315252,nr58.png,1.0,0.025806199363425462,nr72.png,1.0,0.0,nr124.png,7.0,0.13434403786253846,nr45.png,7.0,0.18348966753259133,nr30.png,7.0,0.0,nr8.png,6.0,0.0,nr20.png,6.0,0.0,nr99.png,2.0,0.0,nr4.png,6.0,0.0,nr18.png,7.0,0.0,nr27.png,16
92,14.0,7.0,42.0,9.0,5090.0,7.0,0.08311114206750259,nr28.png,3.0,0.09373722415832483,nr93.png,1.0,0.0,nr56.png,3.0,0.0,nr48.png,3.0,0.07514158049938591,nr69.png,7.0,0.05920245736315252,nr58.png,1.0,0.025806199363425462,nr72.png,1.0,0.0,nr124.png,7.0,0.13434403786253846,nr45.png,7.0,0.18348966753259133,nr30.png,7.0,0.0,nr8.png,6.0,0.0,nr20.png,6.0,0.0,nr99.png,2.0,0.0,nr4.png,6.0,0.0,nr18.png,7.0,0.0,nr27.png,16
93,14.0,7.0,43.0,5.0,3247.0,7.0,0.08311114206750259,nr28.png,3.0,0.09373722415832483,nr93.png,1.0,0.0,nr56.png,3.0,0.0,nr48.png,3.0,0.07514158049938591,nr69.png,7.0,0.05920245736315252,nr58.png,1.0,0.025806199363425462,nr72.png,1.0,0.0,nr124.png,7.0,0.13434403786253846,nr45.png,7.0,0.18348966753259133,nr30.png,7.0,0.0,nr8.png,6.0,0.0,nr20.png,6.0,0.0,nr99.png,2.0,0.0,nr4.png,6.0,0.0,nr18.png,7.0,0.0,nr27.png,16
94,14.0,7.0,44.0,12.0,5825.0,7.0,0.08311114206750259,nr28.png,3.0,0.09373722415832483,nr93.png,1.0,0.0,nr56.png,3.0,0.0,nr48.png,3.0,0.07514158049938591,nr69.png,7.0,0.05920245736315252,nr58.png,1.0,0.025806199363425462,nr72.png,1.0,0.0,nr124.png,7.0,0.13434403786253846,nr45.png,7.0,0.18348966753259133,nr30.png,7.0,0.0,nr8.png,6.0,0.0,nr20.png,6.0,0.0,nr99.png,2.0,0.0,nr4.png,6.0,0.0,nr18.png,7.0,0.0,nr27.png,16
95,14.0,7.0,45.0,9.0,4187.0,7.0,0.08311114206750259,nr28.png,3.0,0.09373722415832483,nr93.png,1.0,0.0,nr56.png,3.0,0.0,nr48.png,3.0,0.07514158049938591,nr69.png,7.0,0.05920245736315252,nr58.png,1.0,0.025806199363425462,nr72.png,1.0,0.0,nr124.png,7.0,0.13434403786253846,nr45.png,7.0,0.18348966753259133,nr30.png,7.0,0.0,nr8.png,6.0,0.0,nr20.png,6.0,0.0,nr99.png,2.0,0.0,nr4.png,6.0,0.0,nr18.png,7.0,0.0,nr27.png,16
96,14.0,7.0,46.0,15.0,4943.0,7.0,0.08311114206750259,nr28.png,3.0,0.09373722415832483,nr93.png,1.0,0.0,nr56.png,3.0,0.0,nr48.png,3.0,0.07514158049938591,nr69.png,7.0,0.05920245736315252,nr58.png,1.0,0.025806199363425462,nr72.png,1.0,0.0,nr124.png,7.0,0.13434403786253846,nr45.png,7.0,0.18348966753259133,nr30.png,7.0,0.0,nr8.png,6.0,0.0,nr20.png,6.0,0.0,nr99.png,2.0,0.0,nr4.png,6.0,0.0,nr18.png,7.0,0.0,nr27.png,16
97,14.0,7.0,47.0,15.0,2582.0,7.0,0.08311114206750259,nr28.png,3.0,0.09373722415832483,nr93.png,1.0,0.0,nr56.png,3.0,0.0,nr48.png,3.0,0.07514158049938591,nr69.png,7.0,0.05920245736315252,nr58.png,1.0,0.025806199363425462,nr72.png,1.0,0.0,nr124.png,7.0,0.13434403786253846,nr45.png,7.0,0.18348966753259133,nr30.png,7.0,0.0,nr8.png,6.0,0.0,nr20.png,6.0,0.0,nr99.png,2.0,0.0,nr4.png,6.0,0.0,nr18.png,7.0,0.0,nr27.png,16
98,14.0,7.0,48.0,0.0,4245.0,7.0,0.08311114206750259,nr28.png,3.0,0.09373722415832483,nr93.png,1.0,0.0,nr56.png,3.0,0.0,nr48.png,3.0,0.07514158049938591,nr69.png,7.0,0.05920245736315252,nr58.png,1.0,0.025806199363425462,nr72.png,1.0,0.0,nr124.png,7.0,0.13434403786253846,nr45.png,7.0,0.18348966753259133,nr30.png,7.0,0.0,nr8.png,6.0,0.0,nr20.png,6.0,0.0,nr99.png,2.0,0.0,nr4.png,6.0,0.0,nr18.png,7.0,0.0,nr27.png,16
99,14.0,7.0,49.0,15.0,3668.0,7.0,0.08311114206750259,nr28.png,3.0,0.09373722415832483,nr93.png,1.0,0.0,nr56.png,3.0,0.0,nr48.png,3.0,0.07514158049938591,nr69.png,7.0,0.05920245736315252,nr58.png,1.0,0.025806199363425462,nr72.png,1.0,0.0,nr124.png,7.0,0.13434403786253846,nr45.png,7.0,0.18348966753259133,nr30.png,7.0,0.0,nr8.png,6.0,0.0,nr20.png,6.0,0.0,nr99.png,2.0,0.0,nr4.png,6.0,0.0,nr18.png,7.0,0.0,nr27.png,16
100,14.0,11.0,0.0,3.0,3623.0,6.0,0.0,nr44.png,3.0,0.059500465355549474,nr90.png,7.0,0.0167864441366215,nr27.png,7.0,0.03157845926691173,nr49.png,7.0,0.1276434564052011,nr95.png,3.0,0.05185515416461295,nr1.png,5.0,0.0,nr15.png,1.0,0.03623212694835136,nr102.png,5.0,0.05285236866777858,nr106.png,7.0,0.07479108773742253,nr42.png,7.0,0.06548375237454328,nr91.png,7.0,0.0,nr107.png,4.0,0.03357288827324299,nr84.png,5.0,0.04155060429856807,nr74.png,7.0,0.0910789246224612,nr63.png,7.0,0.0701374200559829,nr28.png,16
101,14.0,11.0,1.0,14.0,5838.0,6.0,0.0,nr44.png,3.0,0.059500465355549474,nr90.png,7.0,0.0167864441366215,nr27.png,7.0,0.03157845926691173,nr49.png,7.0,0.1276434564052011,nr95.png,3.0,0.05185515416461295,nr1.png,5.0,0.0,nr15.png,1.0,0.03623212694835136,nr102.png,5.0,0.05285236866777858,nr106.png,7.0,0.07479108773742253,nr42.png,7.0,0.06548375237454328,nr91.png,7.0,0.0,nr107.png,4.0,0.03357288827324299,nr84.png,5.0,0.04155060429856807,nr74.png,7.0,0.0910789246224612,nr63.png,7.0,0.0701374200559829,nr28.png,16
102,14.0,11.0,2.0,9.0,5236.0,6.0,0.0,nr44.png,3.0,0.059500465355549474,nr90.png,7.0,0.0167864441366215,nr27.png,7.0,0.03157845926691173,nr49.png,7.0,0.1276434564052011,nr95.png,3.0,0.05185515416461295,nr1.png,5.0,0.0,nr15.png,1.0,0.03623212694835136,nr102.png,5.0,0.05285236866777858,nr106.png,7.0,0.07479108773742253,nr42.png,7.0,0.06548375237454328,nr91.png,7.0,0.0,nr107.png,4.0,0.03357288827324299,nr84.png,5.0,0.04155060429856807,nr74.png,7.0,0.0910789246224612,nr63.png,7.0,0.0701374200559829,nr28.png,16
103,14.0,11.0,3.0,14.0,4354.0,6.0,0.0,nr44.png,3.0,0.059500465355549474,nr90.png,7.0,0.0167864441366215,nr27.png,7.0,0.03157845926691173,nr49.png,7.0,0.1276434564052011,nr95.png,3.0,0.05185515416461295,nr1.png,5.0,0.0,nr15.png,1.0,0.03623212694835136,nr102.png,5.0,0.05285236866777858,nr106.png,7.0,0.07479108773742253,nr42.png,7.0,0.06548375237454328,nr91.png,7.0,0.0,nr107.png,4.0,0.03357288827324299,nr84.png,5.0,0.04155060429856807,nr74.png,7.0,0.0910789246224612,nr63.png,7.0,0.0701374200559829,nr28.png,16
104,14.0,11.0,4.0,6.0,7451.0,6.0,0.0,nr44.png,3.0,0.059500465355549474,nr90.png,7.0,0.0167864441366215,nr27.png,7.0,0.03157845926691173,nr49.png,7.0,0.1276434564052011,nr95.png,3.0,0.05185515416461295,nr1.png,5.0,0.0,nr15.png,1.0,0.03623212694835136,nr102.png,5.0,0.05285236866777858,nr106.png,7.0,0.07479108773742253,nr42.png,7.0,0.06548375237454328,nr91.png,7.0,0.0,nr107.png,4.0,0.03357288827324299,nr84.png,5.0,0.04155060429856807,nr74.png,7.0,0.0910789246224612,nr63.png,7.0,0.0701374200559829,nr28.png,16
105,14.0,11.0,5.0,4.0,3421.0,6.0,0.0,nr44.png,3.0,0.059500465355549474,nr90.png,7.0,0.0167864441366215,nr27.png,7.0,0.03157845926691173,nr49.png,7.0,0.1276434564052011,nr95.png,3.0,0.05185515416461295,nr1.png,5.0,0.0,nr15.png,1.0,0.03623212694835136,nr102.png,5.0,0.05285236866777858,nr106.png,7.0,0.07479108773742253,nr42.png,7.0,0.06548375237454328,nr91.png,7.0,0.0,nr107.png,4.0,0.03357288827324299,nr84.png,5.0,0.04155060429856807,nr74.png,7.0,0.0910789246224612,nr63.png,7.0,0.0701374200559829,nr28.png,16
106,14.0,11.0,6.0,15.0,5069.0,6.0,0.0,nr44.png,3.0,0.059500465355549474,nr90.png,7.0,0.0167864441366215,nr27.png,7.0,0.03157845926691173,nr49.png,7.0,0.1276434564052011,nr95.png,3.0,0.05185515416461295,nr1.png,5.0,0.0,nr15.png,1.0,0.03623212694835136,nr102.png,5.0,0.05285236866777858,nr106.png,7.0,0.07479108773742253,nr42.png,7.0,0.06548375237454328,nr91.png,7.0,0.0,nr107.png,4.0,0.03357288827324299,nr84.png,5.0,0.04155060429856807,nr74.png,7.0,0.0910789246224612,nr63.png,7.0,0.0701374200559829,nr28.png,16
107,14.0,11.0,7.0,2.0,5400.0,6.0,0.0,nr44.png,3.0,0.059500465355549474,nr90.png,7.0,0.0167864441366215,nr27.png,7.0,0.03157845926691173,nr49.png,7.0,0.1276434564052011,nr95.png,3.0,0.05185515416461295,nr1.png,5.0,0.0,nr15.png,1.0,0.03623212694835136,nr102.png,5.0,0.05285236866777858,nr106.png,7.0,0.07479108773742253,nr42.png,7.0,0.06548375237454328,nr91.png,7.0,0.0,nr107.png,4.0,0.03357288827324299,nr84.png,5.0,0.04155060429856807,nr74.png,7.0,0.0910789246224612,nr63.png,7.0,0.0701374200559829,nr28.png,16
108,14.0,11.0,8.0,4.0,3551.0,6.0,0.0,nr44.png,3.0,0.059500465355549474,nr90.png,7.0,0.0167864441366215,nr27.png,7.0,0.03157845926691173,nr49.png,7.0,0.1276434564052011,nr95.png,3.0,0.05185515416461295,nr1.png,5.0,0.0,nr15.png,1.0,0.03623212694835136,nr102.png,5.0,0.05285236866777858,nr106.png,7.0,0.07479108773742253,nr42.png,7.0,0.06548375237454328,nr91.png,7.0,0.0,nr107.png,4.0,0.03357288827324299,nr84.png,5.0,0.04155060429856807,nr74.png,7.0,0.0910789246224612,nr63.png,7.0,0.0701374200559829,nr28.png,16
109,14.0,11.0,9.0,4.0,4049.0,6.0,0.0,nr44.png,3.0,0.059500465355549474,nr90.png,7.0,0.0167864441366215,nr27.png,7.0,0.03157845926691173,nr49.png,7.0,0.1276434564052011,nr95.png,3.0,0.05185515416461295,nr1.png,5.0,0.0,nr15.png,1.0,0.03623212694835136,nr102.png,5.0,0.05285236866777858,nr106.png,7.0,0.07479108773742253,nr42.png,7.0,0.06548375237454328,nr91.png,7.0,0.0,nr107.png,4.0,0.03357288827324299,nr84.png,5.0,0.04155060429856807,nr74.png,7.0,0.0910789246224612,nr63.png,7.0,0.0701374200559829,nr28.png,16
110,14.0,11.0,10.0,11.0,3916.0,6.0,0.0,nr44.png,3.0,0.059500465355549474,nr90.png,7.0,0.0167864441366215,nr27.png,7.0,0.03157845926691173,nr49.png,7.0,0.1276434564052011,nr95.png,3.0,0.05185515416461295,nr1.png,5.0,0.0,nr15.png,1.0,0.03623212694835136,nr102.png,5.0,0.05285236866777858,nr106.png,7.0,0.07479108773742253,nr42.png,7.0,0.06548375237454328,nr91.png,7.0,0.0,nr107.png,4.0,0.03357288827324299,nr84.png,5.0,0.04155060429856807,nr74.png,7.0,0.0910789246224612,nr63.png,7.0,0.0701374200559829,nr28.png,16
111,14.0,11.0,11.0,4.0,3463.0,6.0,0.0,nr44.png,3.0,0.059500465355549474,nr90.png,7.0,0.0167864441366215,nr27.png,7.0,0.03157845926691173,nr49.png,7.0,0.1276434564052011,nr95.png,3.0,0.05185515416461295,nr1.png,5.0,0.0,nr15.png,1.0,0.03623212694835136,nr102.png,5.0,0.05285236866777858,nr106.png,7.0,0.07479108773742253,nr42.png,7.0,0.06548375237454328,nr91.png,7.0,0.0,nr107.png,4.0,0.03357288827324299,nr84.png,5.0,0.04155060429856807,nr74.png,7.0,0.0910789246224612,nr63.png,7.0,0.0701374200559829,nr28.png,16
112,14.0,11.0,12.0,15.0,4137.0,6.0,0.0,nr44.png,3.0,0.059500465355549474,nr90.png,7.0,0.0167864441366215,nr27.png,7.0,0.03157845926691173,nr49.png,7.0,0.1276434564052011,nr95.png,3.0,0.05185515416461295,nr1.png,5.0,0.0,nr15.png,1.0,0.03623212694835136,nr102.png,5.0,0.05285236866777858,nr106.png,7.0,0.07479108773742253,nr42.png,7.0,0.06548375237454328,nr91.png,7.0,0.0,nr107.png,4.0,0.03357288827324299,nr84.png,5.0,0.04155060429856807,nr74.png,7.0,0.0910789246224612,nr63.png,7.0,0.0701374200559829,nr28.png,16
113,14.0,11.0,13.0,6.0,6862.0,6.0,0.0,nr44.png,3.0,0.059500465355549474,nr90.png,7.0,0.0167864441366215,nr27.png,7.0,0.03157845926691173,nr49.png,7.0,0.1276434564052011,nr95.png,3.0,0.05185515416461295,nr1.png,5.0,0.0,nr15.png,1.0,0.03623212694835136,nr102.png,5.0,0.05285236866777858,nr106.png,7.0,0.07479108773742253,nr42.png,7.0,0.06548375237454328,nr91.png,7.0,0.0,nr107.png,4.0,0.03357288827324299,nr84.png,5.0,0.04155060429856807,nr74.png,7.0,0.0910789246224612,nr63.png,7.0,0.0701374200559829,nr28.png,16
114,14.0,11.0,14.0,15.0,6307.0,6.0,0.0,nr44.png,3.0,0.059500465355549474,nr90.png,7.0,0.0167864441366215,nr27.png,7.0,0.03157845926691173,nr49.png,7.0,0.1276434564052011,nr95.png,3.0,0.05185515416461295,nr1.png,5.0,0.0,nr15.png,1.0,0.03623212694835136,nr102.png,5.0,0.05285236866777858,nr106.png,7.0,0.07479108773742253,nr42.png,7.0,0.06548375237454328,nr91.png,7.0,0.0,nr107.png,4.0,0.03357288827324299,nr84.png,5.0,0.04155060429856807,nr74.png,7.0,0.0910789246224612,nr63.png,7.0,0.0701374200559829,nr28.png,16
115,14.0,11.0,15.0,11.0,5563.0,6.0,0.0,nr44.png,3.0,0.059500465355549474,nr90.png,7.0,0.0167864441366215,nr27.png,7.0,0.03157845926691173,nr49.png,7.0,0.1276434564052011,nr95.png,3.0,0.05185515416461295,nr1.png,5.0,0.0,nr15.png,1.0,0.03623212694835136,nr102.png,5.0,0.05285236866777858,nr106.png,7.0,0.07479108773742253,nr42.png,7.0,0.06548375237454328,nr91.png,7.0,0.0,nr107.png,4.0,0.03357288827324299,nr84.png,5.0,0.04155060429856807,nr74.png,7.0,0.0910789246224612,nr63.png,7.0,0.0701374200559829,nr28.png,16
116,14.0,11.0,16.0,14.0,5065.0,6.0,0.0,nr44.png,3.0,0.059500465355549474,nr90.png,7.0,0.0167864441366215,nr27.png,7.0,0.03157845926691173,nr49.png,7.0,0.1276434564052011,nr95.png,3.0,0.05185515416461295,nr1.png,5.0,0.0,nr15.png,1.0,0.03623212694835136,nr102.png,5.0,0.05285236866777858,nr106.png,7.0,0.07479108773742253,nr42.png,7.0,0.06548375237454328,nr91.png,7.0,0.0,nr107.png,4.0,0.03357288827324299,nr84.png,5.0,0.04155060429856807,nr74.png,7.0,0.0910789246224612,nr63.png,7.0,0.0701374200559829,nr28.png,16
117,14.0,11.0,17.0,4.0,3865.0,6.0,0.0,nr44.png,3.0,0.059500465355549474,nr90.png,7.0,0.0167864441366215,nr27.png,7.0,0.03157845926691173,nr49.png,7.0,0.1276434564052011,nr95.png,3.0,0.05185515416461295,nr1.png,5.0,0.0,nr15.png,1.0,0.03623212694835136,nr102.png,5.0,0.05285236866777858,nr106.png,7.0,0.07479108773742253,nr42.png,7.0,0.06548375237454328,nr91.png,7.0,0.0,nr107.png,4.0,0.03357288827324299,nr84.png,5.0,0.04155060429856807,nr74.png,7.0,0.0910789246224612,nr63.png,7.0,0.0701374200559829,nr28.png,16
118,14.0,11.0,18.0,11.0,3243.0,6.0,0.0,nr44.png,3.0,0.059500465355549474,nr90.png,7.0,0.0167864441366215,nr27.png,7.0,0.03157845926691173,nr49.png,7.0,0.1276434564052011,nr95.png,3.0,0.05185515416461295,nr1.png,5.0,0.0,nr15.png,1.0,0.03623212694835136,nr102.png,5.0,0.05285236866777858,nr106.png,7.0,0.07479108773742253,nr42.png,7.0,0.06548375237454328,nr91.png,7.0,0.0,nr107.png,4.0,0.03357288827324299,nr84.png,5.0,0.04155060429856807,nr74.png,7.0,0.0910789246224612,nr63.png,7.0,0.0701374200559829,nr28.png,16
119,14.0,11.0,19.0,3.0,4688.0,6.0,0.0,nr44.png,3.0,0.059500465355549474,nr90.png,7.0,0.0167864441366215,nr27.png,7.0,0.03157845926691173,nr49.png,7.0,0.1276434564052011,nr95.png,3.0,0.05185515416461295,nr1.png,5.0,0.0,nr15.png,1.0,0.03623212694835136,nr102.png,5.0,0.05285236866777858,nr106.png,7.0,0.07479108773742253,nr42.png,7.0,0.06548375237454328,nr91.png,7.0,0.0,nr107.png,4.0,0.03357288827324299,nr84.png,5.0,0.04155060429856807,nr74.png,7.0,0.0910789246224612,nr63.png,7.0,0.0701374200559829,nr28.png,16
120,14.0,11.0,20.0,9.0,2807.0,6.0,0.0,nr44.png,3.0,0.059500465355549474,nr90.png,7.0,0.0167864441366215,nr27.png,7.0,0.03157845926691173,nr49.png,7.0,0.1276434564052011,nr95.png,3.0,0.05185515416461295,nr1.png,5.0,0.0,nr15.png,1.0,0.03623212694835136,nr102.png,5.0,0.05285236866777858,nr106.png,7.0,0.07479108773742253,nr42.png,7.0,0.06548375237454328,nr91.png,7.0,0.0,nr107.png,4.0,0.03357288827324299,nr84.png,5.0,0.04155060429856807,nr74.png,7.0,0.0910789246224612,nr63.png,7.0,0.0701374200559829,nr28.png,16
121,14.0,11.0,21.0,4.0,5962.0,6.0,0.0,nr44.png,3.0,0.059500465355549474,nr90.png,7.0,0.0167864441366215,nr27.png,7.0,0.03157845926691173,nr49.png,7.0,0.1276434564052011,nr95.png,3.0,0.05185515416461295,nr1.png,5.0,0.0,nr15.png,1.0,0.03623212694835136,nr102.png,5.0,0.05285236866777858,nr106.png,7.0,0.07479108773742253,nr42.png,7.0,0.06548375237454328,nr91.png,7.0,0.0,nr107.png,4.0,0.03357288827324299,nr84.png,5.0,0.04155060429856807,nr74.png,7.0,0.0910789246224612,nr63.png,7.0,0.0701374200559829,nr28.png,16
122,14.0,11.0,22.0,14.0,5132.0,6.0,0.0,nr44.png,3.0,0.059500465355549474,nr90.png,7.0,0.0167864441366215,nr27.png,7.0,0.03157845926691173,nr49.png,7.0,0.1276434564052011,nr95.png,3.0,0.05185515416461295,nr1.png,5.0,0.0,nr15.png,1.0,0.03623212694835136,nr102.png,5.0,0.05285236866777858,nr106.png,7.0,0.07479108773742253,nr42.png,7.0,0.06548375237454328,nr91.png,7.0,0.0,nr107.png,4.0,0.03357288827324299,nr84.png,5.0,0.04155060429856807,nr74.png,7.0,0.0910789246224612,nr63.png,7.0,0.0701374200559829,nr28.png,16
123,14.0,11.0,23.0,4.0,4733.0,6.0,0.0,nr44.png,3.0,0.059500465355549474,nr90.png,7.0,0.0167864441366215,nr27.png,7.0,0.03157845926691173,nr49.png,7.0,0.1276434564052011,nr95.png,3.0,0.05185515416461295,nr1.png,5.0,0.0,nr15.png,1.0,0.03623212694835136,nr102.png,5.0,0.05285236866777858,nr106.png,7.0,0.07479108773742253,nr42.png,7.0,0.06548375237454328,nr91.png,7.0,0.0,nr107.png,4.0,0.03357288827324299,nr84.png,5.0,0.04155060429856807,nr74.png,7.0,0.0910789246224612,nr63.png,7.0,0.0701374200559829,nr28.png,16
124,14.0,11.0,24.0,3.0,4018.0,6.0,0.0,nr44.png,3.0,0.059500465355549474,nr90.png,7.0,0.0167864441366215,nr27.png,7.0,0.03157845926691173,nr49.png,7.0,0.1276434564052011,nr95.png,3.0,0.05185515416461295,nr1.png,5.0,0.0,nr15.png,1.0,0.03623212694835136,nr102.png,5.0,0.05285236866777858,nr106.png,7.0,0.07479108773742253,nr42.png,7.0,0.06548375237454328,nr91.png,7.0,0.0,nr107.png,4.0,0.03357288827324299,nr84.png,5.0,0.04155060429856807,nr74.png,7.0,0.0910789246224612,nr63.png,7.0,0.0701374200559829,nr28.png,16
125,14.0,11.0,25.0,2.0,4971.0,6.0,0.0,nr44.png,3.0,0.059500465355549474,nr90.png,7.0,0.0167864441366215,nr27.png,7.0,0.03157845926691173,nr49.png,7.0,0.1276434564052011,nr95.png,3.0,0.05185515416461295,nr1.png,5.0,0.0,nr15.png,1.0,0.03623212694835136,nr102.png,5.0,0.05285236866777858,nr106.png,7.0,0.07479108773742253,nr42.png,7.0,0.06548375237454328,nr91.png,7.0,0.0,nr107.png,4.0,0.03357288827324299,nr84.png,5.0,0.04155060429856807,nr74.png,7.0,0.0910789246224612,nr63.png,7.0,0.0701374200559829,nr28.png,16
126,14.0,11.0,26.0,11.0,3693.0,6.0,0.0,nr44.png,3.0,0.059500465355549474,nr90.png,7.0,0.0167864441366215,nr27.png,7.0,0.03157845926691173,nr49.png,7.0,0.1276434564052011,nr95.png,3.0,0.05185515416461295,nr1.png,5.0,0.0,nr15.png,1.0,0.03623212694835136,nr102.png,5.0,0.05285236866777858,nr106.png,7.0,0.07479108773742253,nr42.png,7.0,0.06548375237454328,nr91.png,7.0,0.0,nr107.png,4.0,0.03357288827324299,nr84.png,5.0,0.04155060429856807,nr74.png,7.0,0.0910789246224612,nr63.png,7.0,0.0701374200559829,nr28.png,16
127,14.0,11.0,27.0,4.0,5024.0,6.0,0.0,nr44.png,3.0,0.059500465355549474,nr90.png,7.0,0.0167864441366215,nr27.png,7.0,0.03157845926691173,nr49.png,7.0,0.1276434564052011,nr95.png,3.0,0.05185515416461295,nr1.png,5.0,0.0,nr15.png,1.0,0.03623212694835136,nr102.png,5.0,0.05285236866777858,nr106.png,7.0,0.07479108773742253,nr42.png,7.0,0.06548375237454328,nr91.png,7.0,0.0,nr107.png,4.0,0.03357288827324299,nr84.png,5.0,0.04155060429856807,nr74.png,7.0,0.0910789246224612,nr63.png,7.0,0.0701374200559829,nr28.png,16
128,14.0,11.0,28.0,4.0,4405.0,6.0,0.0,nr44.png,3.0,0.059500465355549474,nr90.png,7.0,0.0167864441366215,nr27.png,7.0,0.03157845926691173,nr49.png,7.0,0.1276434564052011,nr95.png,3.0,0.05185515416461295,nr1.png,5.0,0.0,nr15.png,1.0,0.03623212694835136,nr102.png,5.0,0.05285236866777858,nr106.png,7.0,0.07479108773742253,nr42.png,7.0,0.06548375237454328,nr91.png,7.0,0.0,nr107.png,4.0,0.03357288827324299,nr84.png,5.0,0.04155060429856807,nr74.png,7.0,0.0910789246224612,nr63.png,7.0,0.0701374200559829,nr28.png,16
129,14.0,11.0,29.0,4.0,3563.0,6.0,0.0,nr44.png,3.0,0.059500465355549474,nr90.png,7.0,0.0167864441366215,nr27.png,7.0,0.03157845926691173,nr49.png,7.0,0.1276434564052011,nr95.png,3.0,0.05185515416461295,nr1.png,5.0,0.0,nr15.png,1.0,0.03623212694835136,nr102.png,5.0,0.05285236866777858,nr106.png,7.0,0.07479108773742253,nr42.png,7.0,0.06548375237454328,nr91.png,7.0,0.0,nr107.png,4.0,0.03357288827324299,nr84.png,5.0,0.04155060429856807,nr74.png,7.0,0.0910789246224612,nr63.png,7.0,0.0701374200559829,nr28.png,16
130,14.0,11.0,30.0,4.0,5712.0,6.0,0.0,nr44.png,3.0,0.059500465355549474,nr90.png,7.0,0.0167864441366215,nr27.png,7.0,0.03157845926691173,nr49.png,7.0,0.1276434564052011,nr95.png,3.0,0.05185515416461295,nr1.png,5.0,0.0,nr15.png,1.0,0.03623212694835136,nr102.png,5.0,0.05285236866777858,nr106.png,7.0,0.07479108773742253,nr42.png,7.0,0.06548375237454328,nr91.png,7.0,0.0,nr107.png,4.0,0.03357288827324299,nr84.png,5.0,0.04155060429856807,nr74.png,7.0,0.0910789246224612,nr63.png,7.0,0.0701374200559829,nr28.png,16
131,14.0,11.0,31.0,15.0,4957.0,6.0,0.0,nr44.png,3.0,0.059500465355549474,nr90.png,7.0,0.0167864441366215,nr27.png,7.0,0.03157845926691173,nr49.png,7.0,0.1276434564052011,nr95.png,3.0,0.05185515416461295,nr1.png,5.0,0.0,nr15.png,1.0,0.03623212694835136,nr102.png,5.0,0.05285236866777858,nr106.png,7.0,0.07479108773742253,nr42.png,7.0,0.06548375237454328,nr91.png,7.0,0.0,nr107.png,4.0,0.03357288827324299,nr84.png,5.0,0.04155060429856807,nr74.png,7.0,0.0910789246224612,nr63.png,7.0,0.0701374200559829,nr28.png,16
132,14.0,11.0,32.0,9.0,5775.0,6.0,0.0,nr44.png,3.0,0.059500465355549474,nr90.png,7.0,0.0167864441366215,nr27.png,7.0,0.03157845926691173,nr49.png,7.0,0.1276434564052011,nr95.png,3.0,0.05185515416461295,nr1.png,5.0,0.0,nr15.png,1.0,0.03623212694835136,nr102.png,5.0,0.05285236866777858,nr106.png,7.0,0.07479108773742253,nr42.png,7.0,0.06548375237454328,nr91.png,7.0,0.0,nr107.png,4.0,0.03357288827324299,nr84.png,5.0,0.04155060429856807,nr74.png,7.0,0.0910789246224612,nr63.png,7.0,0.0701374200559829,nr28.png,16
133,14.0,11.0,33.0,4.0,5300.0,6.0,0.0,nr44.png,3.0,0.059500465355549474,nr90.png,7.0,0.0167864441366215,nr27.png,7.0,0.03157845926691173,nr49.png,7.0,0.1276434564052011,nr95.png,3.0,0.05185515416461295,nr1.png,5.0,0.0,nr15.png,1.0,0.03623212694835136,nr102.png,5.0,0.05285236866777858,nr106.png,7.0,0.07479108773742253,nr42.png,7.0,0.06548375237454328,nr91.png,7.0,0.0,nr107.png,4.0,0.03357288827324299,nr84.png,5.0,0.04155060429856807,nr74.png,7.0,0.0910789246224612,nr63.png,7.0,0.0701374200559829,nr28.png,16
134,14.0,11.0,34.0,9.0,4909.0,6.0,0.0,nr44.png,3.0,0.059500465355549474,nr90.png,7.0,0.0167864441366215,nr27.png,7.0,0.03157845926691173,nr49.png,7.0,0.1276434564052011,nr95.png,3.0,0.05185515416461295,nr1.png,5.0,0.0,nr15.png,1.0,0.03623212694835136,nr102.png,5.0,0.05285236866777858,nr106.png,7.0,0.07479108773742253,nr42.png,7.0,0.06548375237454328,nr91.png,7.0,0.0,nr107.png,4.0,0.03357288827324299,nr84.png,5.0,0.04155060429856807,nr74.png,7.0,0.0910789246224612,nr63.png,7.0,0.0701374200559829,nr28.png,16
135,14.0,11.0,35.0,15.0,4971.0,6.0,0.0,nr44.png,3.0,0.059500465355549474,nr90.png,7.0,0.0167864441366215,nr27.png,7.0,0.03157845926691173,nr49.png,7.0,0.1276434564052011,nr95.png,3.0,0.05185515416461295,nr1.png,5.0,0.0,nr15.png,1.0,0.03623212694835136,nr102.png,5.0,0.05285236866777858,nr106.png,7.0,0.07479108773742253,nr42.png,7.0,0.06548375237454328,nr91.png,7.0,0.0,nr107.png,4.0,0.03357288827324299,nr84.png,5.0,0.04155060429856807,nr74.png,7.0,0.0910789246224612,nr63.png,7.0,0.0701374200559829,nr28.png,16
136,14.0,11.0,36.0,10.0,4926.0,6.0,0.0,nr44.png,3.0,0.059500465355549474,nr90.png,7.0,0.0167864441366215,nr27.png,7.0,0.03157845926691173,nr49.png,7.0,0.1276434564052011,nr95.png,3.0,0.05185515416461295,nr1.png,5.0,0.0,nr15.png,1.0,0.03623212694835136,nr102.png,5.0,0.05285236866777858,nr106.png,7.0,0.07479108773742253,nr42.png,7.0,0.06548375237454328,nr91.png,7.0,0.0,nr107.png,4.0,0.03357288827324299,nr84.png,5.0,0.04155060429856807,nr74.png,7.0,0.0910789246224612,nr63.png,7.0,0.0701374200559829,nr28.png,16
137,14.0,11.0,37.0,4.0,6139.0,6.0,0.0,nr44.png,3.0,0.059500465355549474,nr90.png,7.0,0.0167864441366215,nr27.png,7.0,0.03157845926691173,nr49.png,7.0,0.1276434564052011,nr95.png,3.0,0.05185515416461295,nr1.png,5.0,0.0,nr15.png,1.0,0.03623212694835136,nr102.png,5.0,0.05285236866777858,nr106.png,7.0,0.07479108773742253,nr42.png,7.0,0.06548375237454328,nr91.png,7.0,0.0,nr107.png,4.0,0.03357288827324299,nr84.png,5.0,0.04155060429856807,nr74.png,7.0,0.0910789246224612,nr63.png,7.0,0.0701374200559829,nr28.png,16
138,14.0,11.0,38.0,2.0,6852.0,6.0,0.0,nr44.png,3.0,0.059500465355549474,nr90.png,7.0,0.0167864441366215,nr27.png,7.0,0.03157845926691173,nr49.png,7.0,0.1276434564052011,nr95.png,3.0,0.05185515416461295,nr1.png,5.0,0.0,nr15.png,1.0,0.03623212694835136,nr102.png,5.0,0.05285236866777858,nr106.png,7.0,0.07479108773742253,nr42.png,7.0,0.06548375237454328,nr91.png,7.0,0.0,nr107.png,4.0,0.03357288827324299,nr84.png,5.0,0.04155060429856807,nr74.png,7.0,0.0910789246224612,nr63.png,7.0,0.0701374200559829,nr28.png,16
139,14.0,11.0,39.0,3.0,3677.0,6.0,0.0,nr44.png,3.0,0.059500465355549474,nr90.png,7.0,0.0167864441366215,nr27.png,7.0,0.03157845926691173,nr49.png,7.0,0.1276434564052011,nr95.png,3.0,0.05185515416461295,nr1.png,5.0,0.0,nr15.png,1.0,0.03623212694835136,nr102.png,5.0,0.05285236866777858,nr106.png,7.0,0.07479108773742253,nr42.png,7.0,0.06548375237454328,nr91.png,7.0,0.0,nr107.png,4.0,0.03357288827324299,nr84.png,5.0,0.04155060429856807,nr74.png,7.0,0.0910789246224612,nr63.png,7.0,0.0701374200559829,nr28.png,16
140,14.0,11.0,40.0,9.0,5097.0,6.0,0.0,nr44.png,3.0,0.059500465355549474,nr90.png,7.0,0.0167864441366215,nr27.png,7.0,0.03157845926691173,nr49.png,7.0,0.1276434564052011,nr95.png,3.0,0.05185515416461295,nr1.png,5.0,0.0,nr15.png,1.0,0.03623212694835136,nr102.png,5.0,0.05285236866777858,nr106.png,7.0,0.07479108773742253,nr42.png,7.0,0.06548375237454328,nr91.png,7.0,0.0,nr107.png,4.0,0.03357288827324299,nr84.png,5.0,0.04155060429856807,nr74.png,7.0,0.0910789246224612,nr63.png,7.0,0.0701374200559829,nr28.png,16
141,14.0,11.0,41.0,15.0,4887.0,6.0,0.0,nr44.png,3.0,0.059500465355549474,nr90.png,7.0,0.0167864441366215,nr27.png,7.0,0.03157845926691173,nr49.png,7.0,0.1276434564052011,nr95.png,3.0,0.05185515416461295,nr1.png,5.0,0.0,nr15.png,1.0,0.03623212694835136,nr102.png,5.0,0.05285236866777858,nr106.png,7.0,0.07479108773742253,nr42.png,7.0,0.06548375237454328,nr91.png,7.0,0.0,nr107.png,4.0,0.03357288827324299,nr84.png,5.0,0.04155060429856807,nr74.png,7.0,0.0910789246224612,nr63.png,7.0,0.0701374200559829,nr28.png,16
142,14.0,11.0,42.0,4.0,4668.0,6.0,0.0,nr44.png,3.0,0.059500465355549474,nr90.png,7.0,0.0167864441366215,nr27.png,7.0,0.03157845926691173,nr49.png,7.0,0.1276434564052011,nr95.png,3.0,0.05185515416461295,nr1.png,5.0,0.0,nr15.png,1.0,0.03623212694835136,nr102.png,5.0,0.05285236866777858,nr106.png,7.0,0.07479108773742253,nr42.png,7.0,0.06548375237454328,nr91.png,7.0,0.0,nr107.png,4.0,0.03357288827324299,nr84.png,5.0,0.04155060429856807,nr74.png,7.0,0.0910789246224612,nr63.png,7.0,0.0701374200559829,nr28.png,16
143,14.0,11.0,43.0,15.0,4140.0,6.0,0.0,nr44.png,3.0,0.059500465355549474,nr90.png,7.0,0.0167864441366215,nr27.png,7.0,0.03157845926691173,nr49.png,7.0,0.1276434564052011,nr95.png,3.0,0.05185515416461295,nr1.png,5.0,0.0,nr15.png,1.0,0.03623212694835136,nr102.png,5.0,0.05285236866777858,nr106.png,7.0,0.07479108773742253,nr42.png,7.0,0.06548375237454328,nr91.png,7.0,0.0,nr107.png,4.0,0.03357288827324299,nr84.png,5.0,0.04155060429856807,nr74.png,7.0,0.0910789246224612,nr63.png,7.0,0.0701374200559829,nr28.png,16
144,14.0,11.0,44.0,15.0,3484.0,6.0,0.0,nr44.png,3.0,0.059500465355549474,nr90.png,7.0,0.0167864441366215,nr27.png,7.0,0.03157845926691173,nr49.png,7.0,0.1276434564052011,nr95.png,3.0,0.05185515416461295,nr1.png,5.0,0.0,nr15.png,1.0,0.03623212694835136,nr102.png,5.0,0.05285236866777858,nr106.png,7.0,0.07479108773742253,nr42.png,7.0,0.06548375237454328,nr91.png,7.0,0.0,nr107.png,4.0,0.03357288827324299,nr84.png,5.0,0.04155060429856807,nr74.png,7.0,0.0910789246224612,nr63.png,7.0,0.0701374200559829,nr28.png,16
145,14.0,11.0,45.0,10.0,4058.0,6.0,0.0,nr44.png,3.0,0.059500465355549474,nr90.png,7.0,0.0167864441366215,nr27.png,7.0,0.03157845926691173,nr49.png,7.0,0.1276434564052011,nr95.png,3.0,0.05185515416461295,nr1.png,5.0,0.0,nr15.png,1.0,0.03623212694835136,nr102.png,5.0,0.05285236866777858,nr106.png,7.0,0.07479108773742253,nr42.png,7.0,0.06548375237454328,nr91.png,7.0,0.0,nr107.png,4.0,0.03357288827324299,nr84.png,5.0,0.04155060429856807,nr74.png,7.0,0.0910789246224612,nr63.png,7.0,0.0701374200559829,nr28.png,16
146,14.0,11.0,46.0,4.0,5737.0,6.0,0.0,nr44.png,3.0,0.059500465355549474,nr90.png,7.0,0.0167864441366215,nr27.png,7.0,0.03157845926691173,nr49.png,7.0,0.1276434564052011,nr95.png,3.0,0.05185515416461295,nr1.png,5.0,0.0,nr15.png,1.0,0.03623212694835136,nr102.png,5.0,0.05285236866777858,nr106.png,7.0,0.07479108773742253,nr42.png,7.0,0.06548375237454328,nr91.png,7.0,0.0,nr107.png,4.0,0.03357288827324299,nr84.png,5.0,0.04155060429856807,nr74.png,7.0,0.0910789246224612,nr63.png,7.0,0.0701374200559829,nr28.png,16
147,14.0,11.0,47.0,3.0,4865.0,6.0,0.0,nr44.png,3.0,0.059500465355549474,nr90.png,7.0,0.0167864441366215,nr27.png,7.0,0.03157845926691173,nr49.png,7.0,0.1276434564052011,nr95.png,3.0,0.05185515416461295,nr1.png,5.0,0.0,nr15.png,1.0,0.03623212694835136,nr102.png,5.0,0.05285236866777858,nr106.png,7.0,0.07479108773742253,nr42.png,7.0,0.06548375237454328,nr91.png,7.0,0.0,nr107.png,4.0,0.03357288827324299,nr84.png,5.0,0.04155060429856807,nr74.png,7.0,0.0910789246224612,nr63.png,7.0,0.0701374200559829,nr28.png,16
148,14.0,11.0,48.0,11.0,5389.0,6.0,0.0,nr44.png,3.0,0.059500465355549474,nr90.png,7.0,0.0167864441366215,nr27.png,7.0,0.03157845926691173,nr49.png,7.0,0.1276434564052011,nr95.png,3.0,0.05185515416461295,nr1.png,5.0,0.0,nr15.png,1.0,0.03623212694835136,nr102.png,5.0,0.05285236866777858,nr106.png,7.0,0.07479108773742253,nr42.png,7.0,0.06548375237454328,nr91.png,7.0,0.0,nr107.png,4.0,0.03357288827324299,nr84.png,5.0,0.04155060429856807,nr74.png,7.0,0.0910789246224612,nr63.png,7.0,0.0701374200559829,nr28.png,16
149,14.0,11.0,49.0,14.0,3509.0,6.0,0.0,nr44.png,3.0,0.059500465355549474,nr90.png,7.0,0.0167864441366215,nr27.png,7.0,0.03157845926691173,nr49.png,7.0,0.1276434564052011,nr95.png,3.0,0.05185515416461295,nr1.png,5.0,0.0,nr15.png,1.0,0.03623212694835136,nr102.png,5.0,0.05285236866777858,nr106.png,7.0,0.07479108773742253,nr42.png,7.0,0.06548375237454328,nr91.png,7.0,0.0,nr107.png,4.0,0.03357288827324299,nr84.png,5.0,0.04155060429856807,nr74.png,7.0,0.0910789246224612,nr63.png,7.0,0.0701374200559829,nr28.png,16
150,14.0,17.0,0.0,1.0,5841.0,5.0,0.0,nr15.png,7.0,0.2328497602719697,nr51.png,6.0,0.08846257267974393,nr53.png,2.0,0.0,nr85.png,5.0,0.0,nr14.png,4.0,0.060330796693465215,nr84.png,3.0,0.05355205549195227,nr69.png,7.0,0.13489694991010762,nr75.png,7.0,0.0,nr28.png,6.0,0.0,nr18.png,7.0,0.034910517187791666,nr27.png,5.0,0.07049890849573462,nr114.png,5.0,0.0,nr3.png,5.0,0.06643166377482687,nr74.png,3.0,0.04473969192998544,nr90.png,1.0,0.0,nr72.png,16
151,14.0,17.0,1.0,1.0,4840.0,5.0,0.0,nr15.png,7.0,0.2328497602719697,nr51.png,6.0,0.08846257267974393,nr53.png,2.0,0.0,nr85.png,5.0,0.0,nr14.png,4.0,0.060330796693465215,nr84.png,3.0,0.05355205549195227,nr69.png,7.0,0.13489694991010762,nr75.png,7.0,0.0,nr28.png,6.0,0.0,nr18.png,7.0,0.034910517187791666,nr27.png,5.0,0.07049890849573462,nr114.png,5.0,0.0,nr3.png,5.0,0.06643166377482687,nr74.png,3.0,0.04473969192998544,nr90.png,1.0,0.0,nr72.png,16
152,14.0,17.0,2.0,13.0,6827.0,5.0,0.0,nr15.png,7.0,0.2328497602719697,nr51.png,6.0,0.08846257267974393,nr53.png,2.0,0.0,nr85.png,5.0,0.0,nr14.png,4.0,0.060330796693465215,nr84.png,3.0,0.05355205549195227,nr69.png,7.0,0.13489694991010762,nr75.png,7.0,0.0,nr28.png,6.0,0.0,nr18.png,7.0,0.034910517187791666,nr27.png,5.0,0.07049890849573462,nr114.png,5.0,0.0,nr3.png,5.0,0.06643166377482687,nr74.png,3.0,0.04473969192998544,nr90.png,1.0,0.0,nr72.png,16
153,14.0,17.0,3.0,1.0,6673.0,5.0,0.0,nr15.png,7.0,0.2328497602719697,nr51.png,6.0,0.08846257267974393,nr53.png,2.0,0.0,nr85.png,5.0,0.0,nr14.png,4.0,0.060330796693465215,nr84.png,3.0,0.05355205549195227,nr69.png,7.0,0.13489694991010762,nr75.png,7.0,0.0,nr28.png,6.0,0.0,nr18.png,7.0,0.034910517187791666,nr27.png,5.0,0.07049890849573462,nr114.png,5.0,0.0,nr3.png,5.0,0.06643166377482687,nr74.png,3.0,0.04473969192998544,nr90.png,1.0,0.0,nr72.png,16
154,14.0,17.0,4.0,10.0,6352.0,5.0,0.0,nr15.png,7.0,0.2328497602719697,nr51.png,6.0,0.08846257267974393,nr53.png,2.0,0.0,nr85.png,5.0,0.0,nr14.png,4.0,0.060330796693465215,nr84.png,3.0,0.05355205549195227,nr69.png,7.0,0.13489694991010762,nr75.png,7.0,0.0,nr28.png,6.0,0.0,nr18.png,7.0,0.034910517187791666,nr27.png,5.0,0.07049890849573462,nr114.png,5.0,0.0,nr3.png,5.0,0.06643166377482687,nr74.png,3.0,0.04473969192998544,nr90.png,1.0,0.0,nr72.png,16
155,14.0,17.0,5.0,1.0,4520.0,5.0,0.0,nr15.png,7.0,0.2328497602719697,nr51.png,6.0,0.08846257267974393,nr53.png,2.0,0.0,nr85.png,5.0,0.0,nr14.png,4.0,0.060330796693465215,nr84.png,3.0,0.05355205549195227,nr69.png,7.0,0.13489694991010762,nr75.png,7.0,0.0,nr28.png,6.0,0.0,nr18.png,7.0,0.034910517187791666,nr27.png,5.0,0.07049890849573462,nr114.png,5.0,0.0,nr3.png,5.0,0.06643166377482687,nr74.png,3.0,0.04473969192998544,nr90.png,1.0,0.0,nr72.png,16
156,14.0,17.0,6.0,1.0,5609.0,5.0,0.0,nr15.png,7.0,0.2328497602719697,nr51.png,6.0,0.08846257267974393,nr53.png,2.0,0.0,nr85.png,5.0,0.0,nr14.png,4.0,0.060330796693465215,nr84.png,3.0,0.05355205549195227,nr69.png,7.0,0.13489694991010762,nr75.png,7.0,0.0,nr28.png,6.0,0.0,nr18.png,7.0,0.034910517187791666,nr27.png,5.0,0.07049890849573462,nr114.png,5.0,0.0,nr3.png,5.0,0.06643166377482687,nr74.png,3.0,0.04473969192998544,nr90.png,1.0,0.0,nr72.png,16
157,14.0,17.0,7.0,2.0,5632.0,5.0,0.0,nr15.png,7.0,0.2328497602719697,nr51.png,6.0,0.08846257267974393,nr53.png,2.0,0.0,nr85.png,5.0,0.0,nr14.png,4.0,0.060330796693465215,nr84.png,3.0,0.05355205549195227,nr69.png,7.0,0.13489694991010762,nr75.png,7.0,0.0,nr28.png,6.0,0.0,nr18.png,7.0,0.034910517187791666,nr27.png,5.0,0.07049890849573462,nr114.png,5.0,0.0,nr3.png,5.0,0.06643166377482687,nr74.png,3.0,0.04473969192998544,nr90.png,1.0,0.0,nr72.png,16
158,14.0,17.0,8.0,1.0,3411.0,5.0,0.0,nr15.png,7.0,0.2328497602719697,nr51.png,6.0,0.08846257267974393,nr53.png,2.0,0.0,nr85.png,5.0,0.0,nr14.png,4.0,0.060330796693465215,nr84.png,3.0,0.05355205549195227,nr69.png,7.0,0.13489694991010762,nr75.png,7.0,0.0,nr28.png,6.0,0.0,nr18.png,7.0,0.034910517187791666,nr27.png,5.0,0.07049890849573462,nr114.png,5.0,0.0,nr3.png,5.0,0.06643166377482687,nr74.png,3.0,0.04473969192998544,nr90.png,1.0,0.0,nr72.png,16
159,14.0,17.0,9.0,1.0,6918.0,5.0,0.0,nr15.png,7.0,0.2328497602719697,nr51.png,6.0,0.08846257267974393,nr53.png,2.0,0.0,nr85.png,5.0,0.0,nr14.png,4.0,0.060330796693465215,nr84.png,3.0,0.05355205549195227,nr69.png,7.0,0.13489694991010762,nr75.png,7.0,0.0,nr28.png,6.0,0.0,nr18.png,7.0,0.034910517187791666,nr27.png,5.0,0.07049890849573462,nr114.png,5.0,0.0,nr3.png,5.0,0.06643166377482687,nr74.png,3.0,0.04473969192998544,nr90.png,1.0,0.0,nr72.png,16
160,14.0,17.0,10.0,7.0,3868.0,5.0,0.0,nr15.png,7.0,0.2328497602719697,nr51.png,6.0,0.08846257267974393,nr53.png,2.0,0.0,nr85.png,5.0,0.0,nr14.png,4.0,0.060330796693465215,nr84.png,3.0,0.05355205549195227,nr69.png,7.0,0.13489694991010762,nr75.png,7.0,0.0,nr28.png,6.0,0.0,nr18.png,7.0,0.034910517187791666,nr27.png,5.0,0.07049890849573462,nr114.png,5.0,0.0,nr3.png,5.0,0.06643166377482687,nr74.png,3.0,0.04473969192998544,nr90.png,1.0,0.0,nr72.png,16
161,14.0,17.0,11.0,8.0,8072.0,5.0,0.0,nr15.png,7.0,0.2328497602719697,nr51.png,6.0,0.08846257267974393,nr53.png,2.0,0.0,nr85.png,5.0,0.0,nr14.png,4.0,0.060330796693465215,nr84.png,3.0,0.05355205549195227,nr69.png,7.0,0.13489694991010762,nr75.png,7.0,0.0,nr28.png,6.0,0.0,nr18.png,7.0,0.034910517187791666,nr27.png,5.0,0.07049890849573462,nr114.png,5.0,0.0,nr3.png,5.0,0.06643166377482687,nr74.png,3.0,0.04473969192998544,nr90.png,1.0,0.0,nr72.png,16
162,14.0,17.0,12.0,7.0,3124.0,5.0,0.0,nr15.png,7.0,0.2328497602719697,nr51.png,6.0,0.08846257267974393,nr53.png,2.0,0.0,nr85.png,5.0,0.0,nr14.png,4.0,0.060330796693465215,nr84.png,3.0,0.05355205549195227,nr69.png,7.0,0.13489694991010762,nr75.png,7.0,0.0,nr28.png,6.0,0.0,nr18.png,7.0,0.034910517187791666,nr27.png,5.0,0.07049890849573462,nr114.png,5.0,0.0,nr3.png,5.0,0.06643166377482687,nr74.png,3.0,0.04473969192998544,nr90.png,1.0,0.0,nr72.png,16
163,14.0,17.0,13.0,1.0,2938.0,5.0,0.0,nr15.png,7.0,0.2328497602719697,nr51.png,6.0,0.08846257267974393,nr53.png,2.0,0.0,nr85.png,5.0,0.0,nr14.png,4.0,0.060330796693465215,nr84.png,3.0,0.05355205549195227,nr69.png,7.0,0.13489694991010762,nr75.png,7.0,0.0,nr28.png,6.0,0.0,nr18.png,7.0,0.034910517187791666,nr27.png,5.0,0.07049890849573462,nr114.png,5.0,0.0,nr3.png,5.0,0.06643166377482687,nr74.png,3.0,0.04473969192998544,nr90.png,1.0,0.0,nr72.png,16
164,14.0,17.0,14.0,1.0,5292.0,5.0,0.0,nr15.png,7.0,0.2328497602719697,nr51.png,6.0,0.08846257267974393,nr53.png,2.0,0.0,nr85.png,5.0,0.0,nr14.png,4.0,0.060330796693465215,nr84.png,3.0,0.05355205549195227,nr69.png,7.0,0.13489694991010762,nr75.png,7.0,0.0,nr28.png,6.0,0.0,nr18.png,7.0,0.034910517187791666,nr27.png,5.0,0.07049890849573462,nr114.png,5.0,0.0,nr3.png,5.0,0.06643166377482687,nr74.png,3.0,0.04473969192998544,nr90.png,1.0,0.0,nr72.png,16
165,14.0,17.0,15.0,8.0,5408.0,5.0,0.0,nr15.png,7.0,0.2328497602719697,nr51.png,6.0,0.08846257267974393,nr53.png,2.0,0.0,nr85.png,5.0,0.0,nr14.png,4.0,0.060330796693465215,nr84.png,3.0,0.05355205549195227,nr69.png,7.0,0.13489694991010762,nr75.png,7.0,0.0,nr28.png,6.0,0.0,nr18.png,7.0,0.034910517187791666,nr27.png,5.0,0.07049890849573462,nr114.png,5.0,0.0,nr3.png,5.0,0.06643166377482687,nr74.png,3.0,0.04473969192998544,nr90.png,1.0,0.0,nr72.png,16
166,14.0,17.0,16.0,10.0,3693.0,5.0,0.0,nr15.png,7.0,0.2328497602719697,nr51.png,6.0,0.08846257267974393,nr53.png,2.0,0.0,nr85.png,5.0,0.0,nr14.png,4.0,0.060330796693465215,nr84.png,3.0,0.05355205549195227,nr69.png,7.0,0.13489694991010762,nr75.png,7.0,0.0,nr28.png,6.0,0.0,nr18.png,7.0,0.034910517187791666,nr27.png,5.0,0.07049890849573462,nr114.png,5.0,0.0,nr3.png,5.0,0.06643166377482687,nr74.png,3.0,0.04473969192998544,nr90.png,1.0,0.0,nr72.png,16
167,14.0,17.0,17.0,7.0,7636.0,5.0,0.0,nr15.png,7.0,0.2328497602719697,nr51.png,6.0,0.08846257267974393,nr53.png,2.0,0.0,nr85.png,5.0,0.0,nr14.png,4.0,0.060330796693465215,nr84.png,3.0,0.05355205549195227,nr69.png,7.0,0.13489694991010762,nr75.png,7.0,0.0,nr28.png,6.0,0.0,nr18.png,7.0,0.034910517187791666,nr27.png,5.0,0.07049890849573462,nr114.png,5.0,0.0,nr3.png,5.0,0.06643166377482687,nr74.png,3.0,0.04473969192998544,nr90.png,1.0,0.0,nr72.png,16
168,14.0,17.0,18.0,1.0,4131.0,5.0,0.0,nr15.png,7.0,0.2328497602719697,nr51.png,6.0,0.08846257267974393,nr53.png,2.0,0.0,nr85.png,5.0,0.0,nr14.png,4.0,0.060330796693465215,nr84.png,3.0,0.05355205549195227,nr69.png,7.0,0.13489694991010762,nr75.png,7.0,0.0,nr28.png,6.0,0.0,nr18.png,7.0,0.034910517187791666,nr27.png,5.0,0.07049890849573462,nr114.png,5.0,0.0,nr3.png,5.0,0.06643166377482687,nr74.png,3.0,0.04473969192998544,nr90.png,1.0,0.0,nr72.png,16
169,14.0,17.0,19.0,1.0,3313.0,5.0,0.0,nr15.png,7.0,0.2328497602719697,nr51.png,6.0,0.08846257267974393,nr53.png,2.0,0.0,nr85.png,5.0,0.0,nr14.png,4.0,0.060330796693465215,nr84.png,3.0,0.05355205549195227,nr69.png,7.0,0.13489694991010762,nr75.png,7.0,0.0,nr28.png,6.0,0.0,nr18.png,7.0,0.034910517187791666,nr27.png,5.0,0.07049890849573462,nr114.png,5.0,0.0,nr3.png,5.0,0.06643166377482687,nr74.png,3.0,0.04473969192998544,nr90.png,1.0,0.0,nr72.png,16
170,14.0,17.0,20.0,2.0,5301.0,5.0,0.0,nr15.png,7.0,0.2328497602719697,nr51.png,6.0,0.08846257267974393,nr53.png,2.0,0.0,nr85.png,5.0,0.0,nr14.png,4.0,0.060330796693465215,nr84.png,3.0,0.05355205549195227,nr69.png,7.0,0.13489694991010762,nr75.png,7.0,0.0,nr28.png,6.0,0.0,nr18.png,7.0,0.034910517187791666,nr27.png,5.0,0.07049890849573462,nr114.png,5.0,0.0,nr3.png,5.0,0.06643166377482687,nr74.png,3.0,0.04473969192998544,nr90.png,1.0,0.0,nr72.png,16
171,14.0,17.0,21.0,1.0,5124.0,5.0,0.0,nr15.png,7.0,0.2328497602719697,nr51.png,6.0,0.08846257267974393,nr53.png,2.0,0.0,nr85.png,5.0,0.0,nr14.png,4.0,0.060330796693465215,nr84.png,3.0,0.05355205549195227,nr69.png,7.0,0.13489694991010762,nr75.png,7.0,0.0,nr28.png,6.0,0.0,nr18.png,7.0,0.034910517187791666,nr27.png,5.0,0.07049890849573462,nr114.png,5.0,0.0,nr3.png,5.0,0.06643166377482687,nr74.png,3.0,0.04473969192998544,nr90.png,1.0,0.0,nr72.png,16
172,14.0,17.0,22.0,1.0,5344.0,5.0,0.0,nr15.png,7.0,0.2328497602719697,nr51.png,6.0,0.08846257267974393,nr53.png,2.0,0.0,nr85.png,5.0,0.0,nr14.png,4.0,0.060330796693465215,nr84.png,3.0,0.05355205549195227,nr69.png,7.0,0.13489694991010762,nr75.png,7.0,0.0,nr28.png,6.0,0.0,nr18.png,7.0,0.034910517187791666,nr27.png,5.0,0.07049890849573462,nr114.png,5.0,0.0,nr3.png,5.0,0.06643166377482687,nr74.png,3.0,0.04473969192998544,nr90.png,1.0,0.0,nr72.png,16
173,14.0,17.0,23.0,1.0,4738.0,5.0,0.0,nr15.png,7.0,0.2328497602719697,nr51.png,6.0,0.08846257267974393,nr53.png,2.0,0.0,nr85.png,5.0,0.0,nr14.png,4.0,0.060330796693465215,nr84.png,3.0,0.05355205549195227,nr69.png,7.0,0.13489694991010762,nr75.png,7.0,0.0,nr28.png,6.0,0.0,nr18.png,7.0,0.034910517187791666,nr27.png,5.0,0.07049890849573462,nr114.png,5.0,0.0,nr3.png,5.0,0.06643166377482687,nr74.png,3.0,0.04473969192998544,nr90.png,1.0,0.0,nr72.png,16
174,14.0,17.0,24.0,1.0,4324.0,5.0,0.0,nr15.png,7.0,0.2328497602719697,nr51.png,6.0,0.08846257267974393,nr53.png,2.0,0.0,nr85.png,5.0,0.0,nr14.png,4.0,0.060330796693465215,nr84.png,3.0,0.05355205549195227,nr69.png,7.0,0.13489694991010762,nr75.png,7.0,0.0,nr28.png,6.0,0.0,nr18.png,7.0,0.034910517187791666,nr27.png,5.0,0.07049890849573462,nr114.png,5.0,0.0,nr3.png,5.0,0.06643166377482687,nr74.png,3.0,0.04473969192998544,nr90.png,1.0,0.0,nr72.png,16
175,14.0,17.0,25.0,7.0,3760.0,5.0,0.0,nr15.png,7.0,0.2328497602719697,nr51.png,6.0,0.08846257267974393,nr53.png,2.0,0.0,nr85.png,5.0,0.0,nr14.png,4.0,0.060330796693465215,nr84.png,3.0,0.05355205549195227,nr69.png,7.0,0.13489694991010762,nr75.png,7.0,0.0,nr28.png,6.0,0.0,nr18.png,7.0,0.034910517187791666,nr27.png,5.0,0.07049890849573462,nr114.png,5.0,0.0,nr3.png,5.0,0.06643166377482687,nr74.png,3.0,0.04473969192998544,nr90.png,1.0,0.0,nr72.png,16
176,14.0,17.0,26.0,1.0,4427.0,5.0,0.0,nr15.png,7.0,0.2328497602719697,nr51.png,6.0,0.08846257267974393,nr53.png,2.0,0.0,nr85.png,5.0,0.0,nr14.png,4.0,0.060330796693465215,nr84.png,3.0,0.05355205549195227,nr69.png,7.0,0.13489694991010762,nr75.png,7.0,0.0,nr28.png,6.0,0.0,nr18.png,7.0,0.034910517187791666,nr27.png,5.0,0.07049890849573462,nr114.png,5.0,0.0,nr3.png,5.0,0.06643166377482687,nr74.png,3.0,0.04473969192998544,nr90.png,1.0,0.0,nr72.png,16
177,14.0,17.0,27.0,1.0,2835.0,5.0,0.0,nr15.png,7.0,0.2328497602719697,nr51.png,6.0,0.08846257267974393,nr53.png,2.0,0.0,nr85.png,5.0,0.0,nr14.png,4.0,0.060330796693465215,nr84.png,3.0,0.05355205549195227,nr69.png,7.0,0.13489694991010762,nr75.png,7.0,0.0,nr28.png,6.0,0.0,nr18.png,7.0,0.034910517187791666,nr27.png,5.0,0.07049890849573462,nr114.png,5.0,0.0,nr3.png,5.0,0.06643166377482687,nr74.png,3.0,0.04473969192998544,nr90.png,1.0,0.0,nr72.png,16
178,14.0,17.0,28.0,7.0,4762.0,5.0,0.0,nr15.png,7.0,0.2328497602719697,nr51.png,6.0,0.08846257267974393,nr53.png,2.0,0.0,nr85.png,5.0,0.0,nr14.png,4.0,0.060330796693465215,nr84.png,3.0,0.05355205549195227,nr69.png,7.0,0.13489694991010762,nr75.png,7.0,0.0,nr28.png,6.0,0.0,nr18.png,7.0,0.034910517187791666,nr27.png,5.0,0.07049890849573462,nr114.png,5.0,0.0,nr3.png,5.0,0.06643166377482687,nr74.png,3.0,0.04473969192998544,nr90.png,1.0,0.0,nr72.png,16
179,14.0,17.0,29.0,7.0,6961.0,5.0,0.0,nr15.png,7.0,0.2328497602719697,nr51.png,6.0,0.08846257267974393,nr53.png,2.0,0.0,nr85.png,5.0,0.0,nr14.png,4.0,0.060330796693465215,nr84.png,3.0,0.05355205549195227,nr69.png,7.0,0.13489694991010762,nr75.png,7.0,0.0,nr28.png,6.0,0.0,nr18.png,7.0,0.034910517187791666,nr27.png,5.0,0.07049890849573462,nr114.png,5.0,0.0,nr3.png,5.0,0.06643166377482687,nr74.png,3.0,0.04473969192998544,nr90.png,1.0,0.0,nr72.png,16
180,14.0,17.0,30.0,1.0,4024.0,5.0,0.0,nr15.png,7.0,0.2328497602719697,nr51.png,6.0,0.08846257267974393,nr53.png,2.0,0.0,nr85.png,5.0,0.0,nr14.png,4.0,0.060330796693465215,nr84.png,3.0,0.05355205549195227,nr69.png,7.0,0.13489694991010762,nr75.png,7.0,0.0,nr28.png,6.0,0.0,nr18.png,7.0,0.034910517187791666,nr27.png,5.0,0.07049890849573462,nr114.png,5.0,0.0,nr3.png,5.0,0.06643166377482687,nr74.png,3.0,0.04473969192998544,nr90.png,1.0,0.0,nr72.png,16
181,14.0,17.0,31.0,1.0,4389.0,5.0,0.0,nr15.png,7.0,0.2328497602719697,nr51.png,6.0,0.08846257267974393,nr53.png,2.0,0.0,nr85.png,5.0,0.0,nr14.png,4.0,0.060330796693465215,nr84.png,3.0,0.05355205549195227,nr69.png,7.0,0.13489694991010762,nr75.png,7.0,0.0,nr28.png,6.0,0.0,nr18.png,7.0,0.034910517187791666,nr27.png,5.0,0.07049890849573462,nr114.png,5.0,0.0,nr3.png,5.0,0.06643166377482687,nr74.png,3.0,0.04473969192998544,nr90.png,1.0,0.0,nr72.png,16
182,14.0,17.0,32.0,1.0,7456.0,5.0,0.0,nr15.png,7.0,0.2328497602719697,nr51.png,6.0,0.08846257267974393,nr53.png,2.0,0.0,nr85.png,5.0,0.0,nr14.png,4.0,0.060330796693465215,nr84.png,3.0,0.05355205549195227,nr69.png,7.0,0.13489694991010762,nr75.png,7.0,0.0,nr28.png,6.0,0.0,nr18.png,7.0,0.034910517187791666,nr27.png,5.0,0.07049890849573462,nr114.png,5.0,0.0,nr3.png,5.0,0.06643166377482687,nr74.png,3.0,0.04473969192998544,nr90.png,1.0,0.0,nr72.png,16
183,14.0,17.0,33.0,1.0,6371.0,5.0,0.0,nr15.png,7.0,0.2328497602719697,nr51.png,6.0,0.08846257267974393,nr53.png,2.0,0.0,nr85.png,5.0,0.0,nr14.png,4.0,0.060330796693465215,nr84.png,3.0,0.05355205549195227,nr69.png,7.0,0.13489694991010762,nr75.png,7.0,0.0,nr28.png,6.0,0.0,nr18.png,7.0,0.034910517187791666,nr27.png,5.0,0.07049890849573462,nr114.png,5.0,0.0,nr3.png,5.0,0.06643166377482687,nr74.png,3.0,0.04473969192998544,nr90.png,1.0,0.0,nr72.png,16
184,14.0,17.0,34.0,11.0,6123.0,5.0,0.0,nr15.png,7.0,0.2328497602719697,nr51.png,6.0,0.08846257267974393,nr53.png,2.0,0.0,nr85.png,5.0,0.0,nr14.png,4.0,0.060330796693465215,nr84.png,3.0,0.05355205549195227,nr69.png,7.0,0.13489694991010762,nr75.png,7.0,0.0,nr28.png,6.0,0.0,nr18.png,7.0,0.034910517187791666,nr27.png,5.0,0.07049890849573462,nr114.png,5.0,0.0,nr3.png,5.0,0.06643166377482687,nr74.png,3.0,0.04473969192998544,nr90.png,1.0,0.0,nr72.png,16
185,14.0,17.0,35.0,1.0,6193.0,5.0,0.0,nr15.png,7.0,0.2328497602719697,nr51.png,6.0,0.08846257267974393,nr53.png,2.0,0.0,nr85.png,5.0,0.0,nr14.png,4.0,0.060330796693465215,nr84.png,3.0,0.05355205549195227,nr69.png,7.0,0.13489694991010762,nr75.png,7.0,0.0,nr28.png,6.0,0.0,nr18.png,7.0,0.034910517187791666,nr27.png,5.0,0.07049890849573462,nr114.png,5.0,0.0,nr3.png,5.0,0.06643166377482687,nr74.png,3.0,0.04473969192998544,nr90.png,1.0,0.0,nr72.png,16
186,14.0,17.0,36.0,8.0,5936.0,5.0,0.0,nr15.png,7.0,0.2328497602719697,nr51.png,6.0,0.08846257267974393,nr53.png,2.0,0.0,nr85.png,5.0,0.0,nr14.png,4.0,0.060330796693465215,nr84.png,3.0,0.05355205549195227,nr69.png,7.0,0.13489694991010762,nr75.png,7.0,0.0,nr28.png,6.0,0.0,nr18.png,7.0,0.034910517187791666,nr27.png,5.0,0.07049890849573462,nr114.png,5.0,0.0,nr3.png,5.0,0.06643166377482687,nr74.png,3.0,0.04473969192998544,nr90.png,1.0,0.0,nr72.png,16
187,14.0,17.0,37.0,10.0,6062.0,5.0,0.0,nr15.png,7.0,0.2328497602719697,nr51.png,6.0,0.08846257267974393,nr53.png,2.0,0.0,nr85.png,5.0,0.0,nr14.png,4.0,0.060330796693465215,nr84.png,3.0,0.05355205549195227,nr69.png,7.0,0.13489694991010762,nr75.png,7.0,0.0,nr28.png,6.0,0.0,nr18.png,7.0,0.034910517187791666,nr27.png,5.0,0.07049890849573462,nr114.png,5.0,0.0,nr3.png,5.0,0.06643166377482687,nr74.png,3.0,0.04473969192998544,nr90.png,1.0,0.0,nr72.png,16
188,14.0,17.0,38.0,2.0,3808.0,5.0,0.0,nr15.png,7.0,0.2328497602719697,nr51.png,6.0,0.08846257267974393,nr53.png,2.0,0.0,nr85.png,5.0,0.0,nr14.png,4.0,0.060330796693465215,nr84.png,3.0,0.05355205549195227,nr69.png,7.0,0.13489694991010762,nr75.png,7.0,0.0,nr28.png,6.0,0.0,nr18.png,7.0,0.034910517187791666,nr27.png,5.0,0.07049890849573462,nr114.png,5.0,0.0,nr3.png,5.0,0.06643166377482687,nr74.png,3.0,0.04473969192998544,nr90.png,1.0,0.0,nr72.png,16
189,14.0,17.0,39.0,1.0,3238.0,5.0,0.0,nr15.png,7.0,0.2328497602719697,nr51.png,6.0,0.08846257267974393,nr53.png,2.0,0.0,nr85.png,5.0,0.0,nr14.png,4.0,0.060330796693465215,nr84.png,3.0,0.05355205549195227,nr69.png,7.0,0.13489694991010762,nr75.png,7.0,0.0,nr28.png,6.0,0.0,nr18.png,7.0,0.034910517187791666,nr27.png,5.0,0.07049890849573462,nr114.png,5.0,0.0,nr3.png,5.0,0.06643166377482687,nr74.png,3.0,0.04473969192998544,nr90.png,1.0,0.0,nr72.png,16
190,14.0,17.0,40.0,1.0,5352.0,5.0,0.0,nr15.png,7.0,0.2328497602719697,nr51.png,6.0,0.08846257267974393,nr53.png,2.0,0.0,nr85.png,5.0,0.0,nr14.png,4.0,0.060330796693465215,nr84.png,3.0,0.05355205549195227,nr69.png,7.0,0.13489694991010762,nr75.png,7.0,0.0,nr28.png,6.0,0.0,nr18.png,7.0,0.034910517187791666,nr27.png,5.0,0.07049890849573462,nr114.png,5.0,0.0,nr3.png,5.0,0.06643166377482687,nr74.png,3.0,0.04473969192998544,nr90.png,1.0,0.0,nr72.png,16
191,14.0,17.0,41.0,10.0,4697.0,5.0,0.0,nr15.png,7.0,0.2328497602719697,nr51.png,6.0,0.08846257267974393,nr53.png,2.0,0.0,nr85.png,5.0,0.0,nr14.png,4.0,0.060330796693465215,nr84.png,3.0,0.05355205549195227,nr69.png,7.0,0.13489694991010762,nr75.png,7.0,0.0,nr28.png,6.0,0.0,nr18.png,7.0,0.034910517187791666,nr27.png,5.0,0.07049890849573462,nr114.png,5.0,0.0,nr3.png,5.0,0.06643166377482687,nr74.png,3.0,0.04473969192998544,nr90.png,1.0,0.0,nr72.png,16
192,14.0,17.0,42.0,1.0,4435.0,5.0,0.0,nr15.png,7.0,0.2328497602719697,nr51.png,6.0,0.08846257267974393,nr53.png,2.0,0.0,nr85.png,5.0,0.0,nr14.png,4.0,0.060330796693465215,nr84.png,3.0,0.05355205549195227,nr69.png,7.0,0.13489694991010762,nr75.png,7.0,0.0,nr28.png,6.0,0.0,nr18.png,7.0,0.034910517187791666,nr27.png,5.0,0.07049890849573462,nr114.png,5.0,0.0,nr3.png,5.0,0.06643166377482687,nr74.png,3.0,0.04473969192998544,nr90.png,1.0,0.0,nr72.png,16
193,14.0,17.0,43.0,7.0,7412.0,5.0,0.0,nr15.png,7.0,0.2328497602719697,nr51.png,6.0,0.08846257267974393,nr53.png,2.0,0.0,nr85.png,5.0,0.0,nr14.png,4.0,0.060330796693465215,nr84.png,3.0,0.05355205549195227,nr69.png,7.0,0.13489694991010762,nr75.png,7.0,0.0,nr28.png,6.0,0.0,nr18.png,7.0,0.034910517187791666,nr27.png,5.0,0.07049890849573462,nr114.png,5.0,0.0,nr3.png,5.0,0.06643166377482687,nr74.png,3.0,0.04473969192998544,nr90.png,1.0,0.0,nr72.png,16
194,14.0,17.0,44.0,1.0,3873.0,5.0,0.0,nr15.png,7.0,0.2328497602719697,nr51.png,6.0,0.08846257267974393,nr53.png,2.0,0.0,nr85.png,5.0,0.0,nr14.png,4.0,0.060330796693465215,nr84.png,3.0,0.05355205549195227,nr69.png,7.0,0.13489694991010762,nr75.png,7.0,0.0,nr28.png,6.0,0.0,nr18.png,7.0,0.034910517187791666,nr27.png,5.0,0.07049890849573462,nr114.png,5.0,0.0,nr3.png,5.0,0.06643166377482687,nr74.png,3.0,0.04473969192998544,nr90.png,1.0,0.0,nr72.png,16
195,14.0,17.0,45.0,1.0,5353.0,5.0,0.0,nr15.png,7.0,0.2328497602719697,nr51.png,6.0,0.08846257267974393,nr53.png,2.0,0.0,nr85.png,5.0,0.0,nr14.png,4.0,0.060330796693465215,nr84.png,3.0,0.05355205549195227,nr69.png,7.0,0.13489694991010762,nr75.png,7.0,0.0,nr28.png,6.0,0.0,nr18.png,7.0,0.034910517187791666,nr27.png,5.0,0.07049890849573462,nr114.png,5.0,0.0,nr3.png,5.0,0.06643166377482687,nr74.png,3.0,0.04473969192998544,nr90.png,1.0,0.0,nr72.png,16
196,14.0,17.0,46.0,7.0,3412.0,5.0,0.0,nr15.png,7.0,0.2328497602719697,nr51.png,6.0,0.08846257267974393,nr53.png,2.0,0.0,nr85.png,5.0,0.0,nr14.png,4.0,0.060330796693465215,nr84.png,3.0,0.05355205549195227,nr69.png,7.0,0.13489694991010762,nr75.png,7.0,0.0,nr28.png,6.0,0.0,nr18.png,7.0,0.034910517187791666,nr27.png,5.0,0.07049890849573462,nr114.png,5.0,0.0,nr3.png,5.0,0.06643166377482687,nr74.png,3.0,0.04473969192998544,nr90.png,1.0,0.0,nr72.png,16
197,14.0,17.0,47.0,1.0,5738.0,5.0,0.0,nr15.png,7.0,0.2328497602719697,nr51.png,6.0,0.08846257267974393,nr53.png,2.0,0.0,nr85.png,5.0,0.0,nr14.png,4.0,0.060330796693465215,nr84.png,3.0,0.05355205549195227,nr69.png,7.0,0.13489694991010762,nr75.png,7.0,0.0,nr28.png,6.0,0.0,nr18.png,7.0,0.034910517187791666,nr27.png,5.0,0.07049890849573462,nr114.png,5.0,0.0,nr3.png,5.0,0.06643166377482687,nr74.png,3.0,0.04473969192998544,nr90.png,1.0,0.0,nr72.png,16
198,14.0,17.0,48.0,10.0,6306.0,5.0,0.0,nr15.png,7.0,0.2328497602719697,nr51.png,6.0,0.08846257267974393,nr53.png,2.0,0.0,nr85.png,5.0,0.0,nr14.png,4.0,0.060330796693465215,nr84.png,3.0,0.05355205549195227,nr69.png,7.0,0.13489694991010762,nr75.png,7.0,0.0,nr28.png,6.0,0.0,nr18.png,7.0,0.034910517187791666,nr27.png,5.0,0.07049890849573462,nr114.png,5.0,0.0,nr3.png,5.0,0.06643166377482687,nr74.png,3.0,0.04473969192998544,nr90.png,1.0,0.0,nr72.png,16
199,14.0,17.0,49.0,1.0,8004.0,5.0,0.0,nr15.png,7.0,0.2328497602719697,nr51.png,6.0,0.08846257267974393,nr53.png,2.0,0.0,nr85.png,5.0,0.0,nr14.png,4.0,0.060330796693465215,nr84.png,3.0,0.05355205549195227,nr69.png,7.0,0.13489694991010762,nr75.png,7.0,0.0,nr28.png,6.0,0.0,nr18.png,7.0,0.034910517187791666,nr27.png,5.0,0.07049890849573462,nr114.png,5.0,0.0,nr3.png,5.0,0.06643166377482687,nr74.png,3.0,0.04473969192998544,nr90.png,1.0,0.0,nr72.png,16
200,14.0,20.0,0.0,12.0,4727.0,5.0,0.0,nr52.png,7.0,0.0,nr42.png,3.0,0.0,nr90.png,5.0,0.0,nr125.png,7.0,0.0,nr95.png,4.0,0.16089616673129764,nr2.png,4.0,0.0714138066240519,nr111.png,5.0,0.0,nr3.png,7.0,0.06883258469788135,nr45.png,1.0,0.0,nr124.png,5.0,0.0589379006475609,nr114.png,1.0,0.05549627141266684,nr41.png,7.0,0.11400396840586598,nr65.png,2.0,0.0787272687482018,nr4.png,6.0,0.0920635820334163,nr20.png,3.0,0.0744252322045842,nr69.png,16
201,14.0,20.0,1.0,4.0,4798.0,5.0,0.0,nr52.png,7.0,0.0,nr42.png,3.0,0.0,nr90.png,5.0,0.0,nr125.png,7.0,0.0,nr95.png,4.0,0.16089616673129764,nr2.png,4.0,0.0714138066240519,nr111.png,5.0,0.0,nr3.png,7.0,0.06883258469788135,nr45.png,1.0,0.0,nr124.png,5.0,0.0589379006475609,nr114.png,1.0,0.05549627141266684,nr41.png,7.0,0.11400396840586598,nr65.png,2.0,0.0787272687482018,nr4.png,6.0,0.0920635820334163,nr20.png,3.0,0.0744252322045842,nr69.png,16
202,14.0,20.0,2.0,12.0,4610.0,5.0,0.0,nr52.png,7.0,0.0,nr42.png,3.0,0.0,nr90.png,5.0,0.0,nr125.png,7.0,0.0,nr95.png,4.0,0.16089616673129764,nr2.png,4.0,0.0714138066240519,nr111.png,5.0,0.0,nr3.png,7.0,0.06883258469788135,nr45.png,1.0,0.0,nr124.png,5.0,0.0589379006475609,nr114.png,1.0,0.05549627141266684,nr41.png,7.0,0.11400396840586598,nr65.png,2.0,0.0787272687482018,nr4.png,6.0,0.0920635820334163,nr20.png,3.0,0.0744252322045842,nr69.png,16
203,14.0,20.0,3.0,10.0,7298.0,5.0,0.0,nr52.png,7.0,0.0,nr42.png,3.0,0.0,nr90.png,5.0,0.0,nr125.png,7.0,0.0,nr95.png,4.0,0.16089616673129764,nr2.png,4.0,0.0714138066240519,nr111.png,5.0,0.0,nr3.png,7.0,0.06883258469788135,nr45.png,1.0,0.0,nr124.png,5.0,0.0589379006475609,nr114.png,1.0,0.05549627141266684,nr41.png,7.0,0.11400396840586598,nr65.png,2.0,0.0787272687482018,nr4.png,6.0,0.0920635820334163,nr20.png,3.0,0.0744252322045842,nr69.png,16
204,14.0,20.0,4.0,12.0,4133.0,5.0,0.0,nr52.png,7.0,0.0,nr42.png,3.0,0.0,nr90.png,5.0,0.0,nr125.png,7.0,0.0,nr95.png,4.0,0.16089616673129764,nr2.png,4.0,0.0714138066240519,nr111.png,5.0,0.0,nr3.png,7.0,0.06883258469788135,nr45.png,1.0,0.0,nr124.png,5.0,0.0589379006475609,nr114.png,1.0,0.05549627141266684,nr41.png,7.0,0.11400396840586598,nr65.png,2.0,0.0787272687482018,nr4.png,6.0,0.0920635820334163,nr20.png,3.0,0.0744252322045842,nr69.png,16
205,14.0,20.0,5.0,12.0,3874.0,5.0,0.0,nr52.png,7.0,0.0,nr42.png,3.0,0.0,nr90.png,5.0,0.0,nr125.png,7.0,0.0,nr95.png,4.0,0.16089616673129764,nr2.png,4.0,0.0714138066240519,nr111.png,5.0,0.0,nr3.png,7.0,0.06883258469788135,nr45.png,1.0,0.0,nr124.png,5.0,0.0589379006475609,nr114.png,1.0,0.05549627141266684,nr41.png,7.0,0.11400396840586598,nr65.png,2.0,0.0787272687482018,nr4.png,6.0,0.0920635820334163,nr20.png,3.0,0.0744252322045842,nr69.png,16
206,14.0,20.0,6.0,12.0,4550.0,5.0,0.0,nr52.png,7.0,0.0,nr42.png,3.0,0.0,nr90.png,5.0,0.0,nr125.png,7.0,0.0,nr95.png,4.0,0.16089616673129764,nr2.png,4.0,0.0714138066240519,nr111.png,5.0,0.0,nr3.png,7.0,0.06883258469788135,nr45.png,1.0,0.0,nr124.png,5.0,0.0589379006475609,nr114.png,1.0,0.05549627141266684,nr41.png,7.0,0.11400396840586598,nr65.png,2.0,0.0787272687482018,nr4.png,6.0,0.0920635820334163,nr20.png,3.0,0.0744252322045842,nr69.png,16
207,14.0,20.0,7.0,15.0,3147.0,5.0,0.0,nr52.png,7.0,0.0,nr42.png,3.0,0.0,nr90.png,5.0,0.0,nr125.png,7.0,0.0,nr95.png,4.0,0.16089616673129764,nr2.png,4.0,0.0714138066240519,nr111.png,5.0,0.0,nr3.png,7.0,0.06883258469788135,nr45.png,1.0,0.0,nr124.png,5.0,0.0589379006475609,nr114.png,1.0,0.05549627141266684,nr41.png,7.0,0.11400396840586598,nr65.png,2.0,0.0787272687482018,nr4.png,6.0,0.0920635820334163,nr20.png,3.0,0.0744252322045842,nr69.png,16
208,14.0,20.0,8.0,12.0,4102.0,5.0,0.0,nr52.png,7.0,0.0,nr42.png,3.0,0.0,nr90.png,5.0,0.0,nr125.png,7.0,0.0,nr95.png,4.0,0.16089616673129764,nr2.png,4.0,0.0714138066240519,nr111.png,5.0,0.0,nr3.png,7.0,0.06883258469788135,nr45.png,1.0,0.0,nr124.png,5.0,0.0589379006475609,nr114.png,1.0,0.05549627141266684,nr41.png,7.0,0.11400396840586598,nr65.png,2.0,0.0787272687482018,nr4.png,6.0,0.0920635820334163,nr20.png,3.0,0.0744252322045842,nr69.png,16
209,14.0,20.0,9.0,12.0,5939.0,5.0,0.0,nr52.png,7.0,0.0,nr42.png,3.0,0.0,nr90.png,5.0,0.0,nr125.png,7.0,0.0,nr95.png,4.0,0.16089616673129764,nr2.png,4.0,0.0714138066240519,nr111.png,5.0,0.0,nr3.png,7.0,0.06883258469788135,nr45.png,1.0,0.0,nr124.png,5.0,0.0589379006475609,nr114.png,1.0,0.05549627141266684,nr41.png,7.0,0.11400396840586598,nr65.png,2.0,0.0787272687482018,nr4.png,6.0,0.0920635820334163,nr20.png,3.0,0.0744252322045842,nr69.png,16
210,14.0,20.0,10.0,10.0,4807.0,5.0,0.0,nr52.png,7.0,0.0,nr42.png,3.0,0.0,nr90.png,5.0,0.0,nr125.png,7.0,0.0,nr95.png,4.0,0.16089616673129764,nr2.png,4.0,0.0714138066240519,nr111.png,5.0,0.0,nr3.png,7.0,0.06883258469788135,nr45.png,1.0,0.0,nr124.png,5.0,0.0589379006475609,nr114.png,1.0,0.05549627141266684,nr41.png,7.0,0.11400396840586598,nr65.png,2.0,0.0787272687482018,nr4.png,6.0,0.0920635820334163,nr20.png,3.0,0.0744252322045842,nr69.png,16
211,14.0,20.0,11.0,7.0,5027.0,5.0,0.0,nr52.png,7.0,0.0,nr42.png,3.0,0.0,nr90.png,5.0,0.0,nr125.png,7.0,0.0,nr95.png,4.0,0.16089616673129764,nr2.png,4.0,0.0714138066240519,nr111.png,5.0,0.0,nr3.png,7.0,0.06883258469788135,nr45.png,1.0,0.0,nr124.png,5.0,0.0589379006475609,nr114.png,1.0,0.05549627141266684,nr41.png,7.0,0.11400396840586598,nr65.png,2.0,0.0787272687482018,nr4.png,6.0,0.0920635820334163,nr20.png,3.0,0.0744252322045842,nr69.png,16
212,14.0,20.0,12.0,12.0,3160.0,5.0,0.0,nr52.png,7.0,0.0,nr42.png,3.0,0.0,nr90.png,5.0,0.0,nr125.png,7.0,0.0,nr95.png,4.0,0.16089616673129764,nr2.png,4.0,0.0714138066240519,nr111.png,5.0,0.0,nr3.png,7.0,0.06883258469788135,nr45.png,1.0,0.0,nr124.png,5.0,0.0589379006475609,nr114.png,1.0,0.05549627141266684,nr41.png,7.0,0.11400396840586598,nr65.png,2.0,0.0787272687482018,nr4.png,6.0,0.0920635820334163,nr20.png,3.0,0.0744252322045842,nr69.png,16
213,14.0,20.0,13.0,8.0,4682.0,5.0,0.0,nr52.png,7.0,0.0,nr42.png,3.0,0.0,nr90.png,5.0,0.0,nr125.png,7.0,0.0,nr95.png,4.0,0.16089616673129764,nr2.png,4.0,0.0714138066240519,nr111.png,5.0,0.0,nr3.png,7.0,0.06883258469788135,nr45.png,1.0,0.0,nr124.png,5.0,0.0589379006475609,nr114.png,1.0,0.05549627141266684,nr41.png,7.0,0.11400396840586598,nr65.png,2.0,0.0787272687482018,nr4.png,6.0,0.0920635820334163,nr20.png,3.0,0.0744252322045842,nr69.png,16
214,14.0,20.0,14.0,14.0,4233.0,5.0,0.0,nr52.png,7.0,0.0,nr42.png,3.0,0.0,nr90.png,5.0,0.0,nr125.png,7.0,0.0,nr95.png,4.0,0.16089616673129764,nr2.png,4.0,0.0714138066240519,nr111.png,5.0,0.0,nr3.png,7.0,0.06883258469788135,nr45.png,1.0,0.0,nr124.png,5.0,0.0589379006475609,nr114.png,1.0,0.05549627141266684,nr41.png,7.0,0.11400396840586598,nr65.png,2.0,0.0787272687482018,nr4.png,6.0,0.0920635820334163,nr20.png,3.0,0.0744252322045842,nr69.png,16
215,14.0,20.0,15.0,8.0,4538.0,5.0,0.0,nr52.png,7.0,0.0,nr42.png,3.0,0.0,nr90.png,5.0,0.0,nr125.png,7.0,0.0,nr95.png,4.0,0.16089616673129764,nr2.png,4.0,0.0714138066240519,nr111.png,5.0,0.0,nr3.png,7.0,0.06883258469788135,nr45.png,1.0,0.0,nr124.png,5.0,0.0589379006475609,nr114.png,1.0,0.05549627141266684,nr41.png,7.0,0.11400396840586598,nr65.png,2.0,0.0787272687482018,nr4.png,6.0,0.0920635820334163,nr20.png,3.0,0.0744252322045842,nr69.png,16
216,14.0,20.0,16.0,8.0,4798.0,5.0,0.0,nr52.png,7.0,0.0,nr42.png,3.0,0.0,nr90.png,5.0,0.0,nr125.png,7.0,0.0,nr95.png,4.0,0.16089616673129764,nr2.png,4.0,0.0714138066240519,nr111.png,5.0,0.0,nr3.png,7.0,0.06883258469788135,nr45.png,1.0,0.0,nr124.png,5.0,0.0589379006475609,nr114.png,1.0,0.05549627141266684,nr41.png,7.0,0.11400396840586598,nr65.png,2.0,0.0787272687482018,nr4.png,6.0,0.0920635820334163,nr20.png,3.0,0.0744252322045842,nr69.png,16
217,14.0,20.0,17.0,10.0,3661.0,5.0,0.0,nr52.png,7.0,0.0,nr42.png,3.0,0.0,nr90.png,5.0,0.0,nr125.png,7.0,0.0,nr95.png,4.0,0.16089616673129764,nr2.png,4.0,0.0714138066240519,nr111.png,5.0,0.0,nr3.png,7.0,0.06883258469788135,nr45.png,1.0,0.0,nr124.png,5.0,0.0589379006475609,nr114.png,1.0,0.05549627141266684,nr41.png,7.0,0.11400396840586598,nr65.png,2.0,0.0787272687482018,nr4.png,6.0,0.0920635820334163,nr20.png,3.0,0.0744252322045842,nr69.png,16
218,14.0,20.0,18.0,3.0,3701.0,5.0,0.0,nr52.png,7.0,0.0,nr42.png,3.0,0.0,nr90.png,5.0,0.0,nr125.png,7.0,0.0,nr95.png,4.0,0.16089616673129764,nr2.png,4.0,0.0714138066240519,nr111.png,5.0,0.0,nr3.png,7.0,0.06883258469788135,nr45.png,1.0,0.0,nr124.png,5.0,0.0589379006475609,nr114.png,1.0,0.05549627141266684,nr41.png,7.0,0.11400396840586598,nr65.png,2.0,0.0787272687482018,nr4.png,6.0,0.0920635820334163,nr20.png,3.0,0.0744252322045842,nr69.png,16
219,14.0,20.0,19.0,12.0,4165.0,5.0,0.0,nr52.png,7.0,0.0,nr42.png,3.0,0.0,nr90.png,5.0,0.0,nr125.png,7.0,0.0,nr95.png,4.0,0.16089616673129764,nr2.png,4.0,0.0714138066240519,nr111.png,5.0,0.0,nr3.png,7.0,0.06883258469788135,nr45.png,1.0,0.0,nr124.png,5.0,0.0589379006475609,nr114.png,1.0,0.05549627141266684,nr41.png,7.0,0.11400396840586598,nr65.png,2.0,0.0787272687482018,nr4.png,6.0,0.0920635820334163,nr20.png,3.0,0.0744252322045842,nr69.png,16
220,14.0,20.0,20.0,8.0,4663.0,5.0,0.0,nr52.png,7.0,0.0,nr42.png,3.0,0.0,nr90.png,5.0,0.0,nr125.png,7.0,0.0,nr95.png,4.0,0.16089616673129764,nr2.png,4.0,0.0714138066240519,nr111.png,5.0,0.0,nr3.png,7.0,0.06883258469788135,nr45.png,1.0,0.0,nr124.png,5.0,0.0589379006475609,nr114.png,1.0,0.05549627141266684,nr41.png,7.0,0.11400396840586598,nr65.png,2.0,0.0787272687482018,nr4.png,6.0,0.0920635820334163,nr20.png,3.0,0.0744252322045842,nr69.png,16
221,14.0,20.0,21.0,12.0,3296.0,5.0,0.0,nr52.png,7.0,0.0,nr42.png,3.0,0.0,nr90.png,5.0,0.0,nr125.png,7.0,0.0,nr95.png,4.0,0.16089616673129764,nr2.png,4.0,0.0714138066240519,nr111.png,5.0,0.0,nr3.png,7.0,0.06883258469788135,nr45.png,1.0,0.0,nr124.png,5.0,0.0589379006475609,nr114.png,1.0,0.05549627141266684,nr41.png,7.0,0.11400396840586598,nr65.png,2.0,0.0787272687482018,nr4.png,6.0,0.0920635820334163,nr20.png,3.0,0.0744252322045842,nr69.png,16
222,14.0,20.0,22.0,12.0,4180.0,5.0,0.0,nr52.png,7.0,0.0,nr42.png,3.0,0.0,nr90.png,5.0,0.0,nr125.png,7.0,0.0,nr95.png,4.0,0.16089616673129764,nr2.png,4.0,0.0714138066240519,nr111.png,5.0,0.0,nr3.png,7.0,0.06883258469788135,nr45.png,1.0,0.0,nr124.png,5.0,0.0589379006475609,nr114.png,1.0,0.05549627141266684,nr41.png,7.0,0.11400396840586598,nr65.png,2.0,0.0787272687482018,nr4.png,6.0,0.0920635820334163,nr20.png,3.0,0.0744252322045842,nr69.png,16
223,14.0,20.0,23.0,12.0,4782.0,5.0,0.0,nr52.png,7.0,0.0,nr42.png,3.0,0.0,nr90.png,5.0,0.0,nr125.png,7.0,0.0,nr95.png,4.0,0.16089616673129764,nr2.png,4.0,0.0714138066240519,nr111.png,5.0,0.0,nr3.png,7.0,0.06883258469788135,nr45.png,1.0,0.0,nr124.png,5.0,0.0589379006475609,nr114.png,1.0,0.05549627141266684,nr41.png,7.0,0.11400396840586598,nr65.png,2.0,0.0787272687482018,nr4.png,6.0,0.0920635820334163,nr20.png,3.0,0.0744252322045842,nr69.png,16
224,14.0,20.0,24.0,9.0,7656.0,5.0,0.0,nr52.png,7.0,0.0,nr42.png,3.0,0.0,nr90.png,5.0,0.0,nr125.png,7.0,0.0,nr95.png,4.0,0.16089616673129764,nr2.png,4.0,0.0714138066240519,nr111.png,5.0,0.0,nr3.png,7.0,0.06883258469788135,nr45.png,1.0,0.0,nr124.png,5.0,0.0589379006475609,nr114.png,1.0,0.05549627141266684,nr41.png,7.0,0.11400396840586598,nr65.png,2.0,0.0787272687482018,nr4.png,6.0,0.0920635820334163,nr20.png,3.0,0.0744252322045842,nr69.png,16
225,14.0,20.0,25.0,4.0,4983.0,5.0,0.0,nr52.png,7.0,0.0,nr42.png,3.0,0.0,nr90.png,5.0,0.0,nr125.png,7.0,0.0,nr95.png,4.0,0.16089616673129764,nr2.png,4.0,0.0714138066240519,nr111.png,5.0,0.0,nr3.png,7.0,0.06883258469788135,nr45.png,1.0,0.0,nr124.png,5.0,0.0589379006475609,nr114.png,1.0,0.05549627141266684,nr41.png,7.0,0.11400396840586598,nr65.png,2.0,0.0787272687482018,nr4.png,6.0,0.0920635820334163,nr20.png,3.0,0.0744252322045842,nr69.png,16
226,14.0,20.0,26.0,4.0,3774.0,5.0,0.0,nr52.png,7.0,0.0,nr42.png,3.0,0.0,nr90.png,5.0,0.0,nr125.png,7.0,0.0,nr95.png,4.0,0.16089616673129764,nr2.png,4.0,0.0714138066240519,nr111.png,5.0,0.0,nr3.png,7.0,0.06883258469788135,nr45.png,1.0,0.0,nr124.png,5.0,0.0589379006475609,nr114.png,1.0,0.05549627141266684,nr41.png,7.0,0.11400396840586598,nr65.png,2.0,0.0787272687482018,nr4.png,6.0,0.0920635820334163,nr20.png,3.0,0.0744252322045842,nr69.png,16
227,14.0,20.0,27.0,8.0,4535.0,5.0,0.0,nr52.png,7.0,0.0,nr42.png,3.0,0.0,nr90.png,5.0,0.0,nr125.png,7.0,0.0,nr95.png,4.0,0.16089616673129764,nr2.png,4.0,0.0714138066240519,nr111.png,5.0,0.0,nr3.png,7.0,0.06883258469788135,nr45.png,1.0,0.0,nr124.png,5.0,0.0589379006475609,nr114.png,1.0,0.05549627141266684,nr41.png,7.0,0.11400396840586598,nr65.png,2.0,0.0787272687482018,nr4.png,6.0,0.0920635820334163,nr20.png,3.0,0.0744252322045842,nr69.png,16
228,14.0,20.0,28.0,8.0,5011.0,5.0,0.0,nr52.png,7.0,0.0,nr42.png,3.0,0.0,nr90.png,5.0,0.0,nr125.png,7.0,0.0,nr95.png,4.0,0.16089616673129764,nr2.png,4.0,0.0714138066240519,nr111.png,5.0,0.0,nr3.png,7.0,0.06883258469788135,nr45.png,1.0,0.0,nr124.png,5.0,0.0589379006475609,nr114.png,1.0,0.05549627141266684,nr41.png,7.0,0.11400396840586598,nr65.png,2.0,0.0787272687482018,nr4.png,6.0,0.0920635820334163,nr20.png,3.0,0.0744252322045842,nr69.png,16
229,14.0,20.0,29.0,8.0,3734.0,5.0,0.0,nr52.png,7.0,0.0,nr42.png,3.0,0.0,nr90.png,5.0,0.0,nr125.png,7.0,0.0,nr95.png,4.0,0.16089616673129764,nr2.png,4.0,0.0714138066240519,nr111.png,5.0,0.0,nr3.png,7.0,0.06883258469788135,nr45.png,1.0,0.0,nr124.png,5.0,0.0589379006475609,nr114.png,1.0,0.05549627141266684,nr41.png,7.0,0.11400396840586598,nr65.png,2.0,0.0787272687482018,nr4.png,6.0,0.0920635820334163,nr20.png,3.0,0.0744252322045842,nr69.png,16
230,14.0,20.0,30.0,4.0,4914.0,5.0,0.0,nr52.png,7.0,0.0,nr42.png,3.0,0.0,nr90.png,5.0,0.0,nr125.png,7.0,0.0,nr95.png,4.0,0.16089616673129764,nr2.png,4.0,0.0714138066240519,nr111.png,5.0,0.0,nr3.png,7.0,0.06883258469788135,nr45.png,1.0,0.0,nr124.png,5.0,0.0589379006475609,nr114.png,1.0,0.05549627141266684,nr41.png,7.0,0.11400396840586598,nr65.png,2.0,0.0787272687482018,nr4.png,6.0,0.0920635820334163,nr20.png,3.0,0.0744252322045842,nr69.png,16
231,14.0,20.0,31.0,1.0,4374.0,5.0,0.0,nr52.png,7.0,0.0,nr42.png,3.0,0.0,nr90.png,5.0,0.0,nr125.png,7.0,0.0,nr95.png,4.0,0.16089616673129764,nr2.png,4.0,0.0714138066240519,nr111.png,5.0,0.0,nr3.png,7.0,0.06883258469788135,nr45.png,1.0,0.0,nr124.png,5.0,0.0589379006475609,nr114.png,1.0,0.05549627141266684,nr41.png,7.0,0.11400396840586598,nr65.png,2.0,0.0787272687482018,nr4.png,6.0,0.0920635820334163,nr20.png,3.0,0.0744252322045842,nr69.png,16
232,14.0,20.0,32.0,4.0,5295.0,5.0,0.0,nr52.png,7.0,0.0,nr42.png,3.0,0.0,nr90.png,5.0,0.0,nr125.png,7.0,0.0,nr95.png,4.0,0.16089616673129764,nr2.png,4.0,0.0714138066240519,nr111.png,5.0,0.0,nr3.png,7.0,0.06883258469788135,nr45.png,1.0,0.0,nr124.png,5.0,0.0589379006475609,nr114.png,1.0,0.05549627141266684,nr41.png,7.0,0.11400396840586598,nr65.png,2.0,0.0787272687482018,nr4.png,6.0,0.0920635820334163,nr20.png,3.0,0.0744252322045842,nr69.png,16
233,14.0,20.0,33.0,4.0,6481.0,5.0,0.0,nr52.png,7.0,0.0,nr42.png,3.0,0.0,nr90.png,5.0,0.0,nr125.png,7.0,0.0,nr95.png,4.0,0.16089616673129764,nr2.png,4.0,0.0714138066240519,nr111.png,5.0,0.0,nr3.png,7.0,0.06883258469788135,nr45.png,1.0,0.0,nr124.png,5.0,0.0589379006475609,nr114.png,1.0,0.05549627141266684,nr41.png,7.0,0.11400396840586598,nr65.png,2.0,0.0787272687482018,nr4.png,6.0,0.0920635820334163,nr20.png,3.0,0.0744252322045842,nr69.png,16
234,14.0,20.0,34.0,14.0,4396.0,5.0,0.0,nr52.png,7.0,0.0,nr42.png,3.0,0.0,nr90.png,5.0,0.0,nr125.png,7.0,0.0,nr95.png,4.0,0.16089616673129764,nr2.png,4.0,0.0714138066240519,nr111.png,5.0,0.0,nr3.png,7.0,0.06883258469788135,nr45.png,1.0,0.0,nr124.png,5.0,0.0589379006475609,nr114.png,1.0,0.05549627141266684,nr41.png,7.0,0.11400396840586598,nr65.png,2.0,0.0787272687482018,nr4.png,6.0,0.0920635820334163,nr20.png,3.0,0.0744252322045842,nr69.png,16
235,14.0,20.0,35.0,4.0,4884.0,5.0,0.0,nr52.png,7.0,0.0,nr42.png,3.0,0.0,nr90.png,5.0,0.0,nr125.png,7.0,0.0,nr95.png,4.0,0.16089616673129764,nr2.png,4.0,0.0714138066240519,nr111.png,5.0,0.0,nr3.png,7.0,0.06883258469788135,nr45.png,1.0,0.0,nr124.png,5.0,0.0589379006475609,nr114.png,1.0,0.05549627141266684,nr41.png,7.0,0.11400396840586598,nr65.png,2.0,0.0787272687482018,nr4.png,6.0,0.0920635820334163,nr20.png,3.0,0.0744252322045842,nr69.png,16
236,14.0,20.0,36.0,1.0,3780.0,5.0,0.0,nr52.png,7.0,0.0,nr42.png,3.0,0.0,nr90.png,5.0,0.0,nr125.png,7.0,0.0,nr95.png,4.0,0.16089616673129764,nr2.png,4.0,0.0714138066240519,nr111.png,5.0,0.0,nr3.png,7.0,0.06883258469788135,nr45.png,1.0,0.0,nr124.png,5.0,0.0589379006475609,nr114.png,1.0,0.05549627141266684,nr41.png,7.0,0.11400396840586598,nr65.png,2.0,0.0787272687482018,nr4.png,6.0,0.0920635820334163,nr20.png,3.0,0.0744252322045842,nr69.png,16
237,14.0,20.0,37.0,3.0,4837.0,5.0,0.0,nr52.png,7.0,0.0,nr42.png,3.0,0.0,nr90.png,5.0,0.0,nr125.png,7.0,0.0,nr95.png,4.0,0.16089616673129764,nr2.png,4.0,0.0714138066240519,nr111.png,5.0,0.0,nr3.png,7.0,0.06883258469788135,nr45.png,1.0,0.0,nr124.png,5.0,0.0589379006475609,nr114.png,1.0,0.05549627141266684,nr41.png,7.0,0.11400396840586598,nr65.png,2.0,0.0787272687482018,nr4.png,6.0,0.0920635820334163,nr20.png,3.0,0.0744252322045842,nr69.png,16
238,14.0,20.0,38.0,12.0,7084.0,5.0,0.0,nr52.png,7.0,0.0,nr42.png,3.0,0.0,nr90.png,5.0,0.0,nr125.png,7.0,0.0,nr95.png,4.0,0.16089616673129764,nr2.png,4.0,0.0714138066240519,nr111.png,5.0,0.0,nr3.png,7.0,0.06883258469788135,nr45.png,1.0,0.0,nr124.png,5.0,0.0589379006475609,nr114.png,1.0,0.05549627141266684,nr41.png,7.0,0.11400396840586598,nr65.png,2.0,0.0787272687482018,nr4.png,6.0,0.0920635820334163,nr20.png,3.0,0.0744252322045842,nr69.png,16
239,14.0,20.0,39.0,12.0,5891.0,5.0,0.0,nr52.png,7.0,0.0,nr42.png,3.0,0.0,nr90.png,5.0,0.0,nr125.png,7.0,0.0,nr95.png,4.0,0.16089616673129764,nr2.png,4.0,0.0714138066240519,nr111.png,5.0,0.0,nr3.png,7.0,0.06883258469788135,nr45.png,1.0,0.0,nr124.png,5.0,0.0589379006475609,nr114.png,1.0,0.05549627141266684,nr41.png,7.0,0.11400396840586598,nr65.png,2.0,0.0787272687482018,nr4.png,6.0,0.0920635820334163,nr20.png,3.0,0.0744252322045842,nr69.png,16
240,14.0,20.0,40.0,4.0,3639.0,5.0,0.0,nr52.png,7.0,0.0,nr42.png,3.0,0.0,nr90.png,5.0,0.0,nr125.png,7.0,0.0,nr95.png,4.0,0.16089616673129764,nr2.png,4.0,0.0714138066240519,nr111.png,5.0,0.0,nr3.png,7.0,0.06883258469788135,nr45.png,1.0,0.0,nr124.png,5.0,0.0589379006475609,nr114.png,1.0,0.05549627141266684,nr41.png,7.0,0.11400396840586598,nr65.png,2.0,0.0787272687482018,nr4.png,6.0,0.0920635820334163,nr20.png,3.0,0.0744252322045842,nr69.png,16
241,14.0,20.0,41.0,8.0,3931.0,5.0,0.0,nr52.png,7.0,0.0,nr42.png,3.0,0.0,nr90.png,5.0,0.0,nr125.png,7.0,0.0,nr95.png,4.0,0.16089616673129764,nr2.png,4.0,0.0714138066240519,nr111.png,5.0,0.0,nr3.png,7.0,0.06883258469788135,nr45.png,1.0,0.0,nr124.png,5.0,0.0589379006475609,nr114.png,1.0,0.05549627141266684,nr41.png,7.0,0.11400396840586598,nr65.png,2.0,0.0787272687482018,nr4.png,6.0,0.0920635820334163,nr20.png,3.0,0.0744252322045842,nr69.png,16
242,14.0,20.0,42.0,12.0,3041.0,5.0,0.0,nr52.png,7.0,0.0,nr42.png,3.0,0.0,nr90.png,5.0,0.0,nr125.png,7.0,0.0,nr95.png,4.0,0.16089616673129764,nr2.png,4.0,0.0714138066240519,nr111.png,5.0,0.0,nr3.png,7.0,0.06883258469788135,nr45.png,1.0,0.0,nr124.png,5.0,0.0589379006475609,nr114.png,1.0,0.05549627141266684,nr41.png,7.0,0.11400396840586598,nr65.png,2.0,0.0787272687482018,nr4.png,6.0,0.0920635820334163,nr20.png,3.0,0.0744252322045842,nr69.png,16
243,14.0,20.0,43.0,5.0,5309.0,5.0,0.0,nr52.png,7.0,0.0,nr42.png,3.0,0.0,nr90.png,5.0,0.0,nr125.png,7.0,0.0,nr95.png,4.0,0.16089616673129764,nr2.png,4.0,0.0714138066240519,nr111.png,5.0,0.0,nr3.png,7.0,0.06883258469788135,nr45.png,1.0,0.0,nr124.png,5.0,0.0589379006475609,nr114.png,1.0,0.05549627141266684,nr41.png,7.0,0.11400396840586598,nr65.png,2.0,0.0787272687482018,nr4.png,6.0,0.0920635820334163,nr20.png,3.0,0.0744252322045842,nr69.png,16
244,14.0,20.0,44.0,8.0,2974.0,5.0,0.0,nr52.png,7.0,0.0,nr42.png,3.0,0.0,nr90.png,5.0,0.0,nr125.png,7.0,0.0,nr95.png,4.0,0.16089616673129764,nr2.png,4.0,0.0714138066240519,nr111.png,5.0,0.0,nr3.png,7.0,0.06883258469788135,nr45.png,1.0,0.0,nr124.png,5.0,0.0589379006475609,nr114.png,1.0,0.05549627141266684,nr41.png,7.0,0.11400396840586598,nr65.png,2.0,0.0787272687482018,nr4.png,6.0,0.0920635820334163,nr20.png,3.0,0.0744252322045842,nr69.png,16
245,14.0,20.0,45.0,10.0,3050.0,5.0,0.0,nr52.png,7.0,0.0,nr42.png,3.0,0.0,nr90.png,5.0,0.0,nr125.png,7.0,0.0,nr95.png,4.0,0.16089616673129764,nr2.png,4.0,0.0714138066240519,nr111.png,5.0,0.0,nr3.png,7.0,0.06883258469788135,nr45.png,1.0,0.0,nr124.png,5.0,0.0589379006475609,nr114.png,1.0,0.05549627141266684,nr41.png,7.0,0.11400396840586598,nr65.png,2.0,0.0787272687482018,nr4.png,6.0,0.0920635820334163,nr20.png,3.0,0.0744252322045842,nr69.png,16
246,14.0,20.0,46.0,14.0,4396.0,5.0,0.0,nr52.png,7.0,0.0,nr42.png,3.0,0.0,nr90.png,5.0,0.0,nr125.png,7.0,0.0,nr95.png,4.0,0.16089616673129764,nr2.png,4.0,0.0714138066240519,nr111.png,5.0,0.0,nr3.png,7.0,0.06883258469788135,nr45.png,1.0,0.0,nr124.png,5.0,0.0589379006475609,nr114.png,1.0,0.05549627141266684,nr41.png,7.0,0.11400396840586598,nr65.png,2.0,0.0787272687482018,nr4.png,6.0,0.0920635820334163,nr20.png,3.0,0.0744252322045842,nr69.png,16
247,14.0,20.0,47.0,1.0,3396.0,5.0,0.0,nr52.png,7.0,0.0,nr42.png,3.0,0.0,nr90.png,5.0,0.0,nr125.png,7.0,0.0,nr95.png,4.0,0.16089616673129764,nr2.png,4.0,0.0714138066240519,nr111.png,5.0,0.0,nr3.png,7.0,0.06883258469788135,nr45.png,1.0,0.0,nr124.png,5.0,0.0589379006475609,nr114.png,1.0,0.05549627141266684,nr41.png,7.0,0.11400396840586598,nr65.png,2.0,0.0787272687482018,nr4.png,6.0,0.0920635820334163,nr20.png,3.0,0.0744252322045842,nr69.png,16
248,14.0,20.0,48.0,5.0,5541.0,5.0,0.0,nr52.png,7.0,0.0,nr42.png,3.0,0.0,nr90.png,5.0,0.0,nr125.png,7.0,0.0,nr95.png,4.0,0.16089616673129764,nr2.png,4.0,0.0714138066240519,nr111.png,5.0,0.0,nr3.png,7.0,0.06883258469788135,nr45.png,1.0,0.0,nr124.png,5.0,0.0589379006475609,nr114.png,1.0,0.05549627141266684,nr41.png,7.0,0.11400396840586598,nr65.png,2.0,0.0787272687482018,nr4.png,6.0,0.0920635820334163,nr20.png,3.0,0.0744252322045842,nr69.png,16
249,14.0,20.0,49.0,12.0,5632.0,5.0,0.0,nr52.png,7.0,0.0,nr42.png,3.0,0.0,nr90.png,5.0,0.0,nr125.png,7.0,0.0,nr95.png,4.0,0.16089616673129764,nr2.png,4.0,0.0714138066240519,nr111.png,5.0,0.0,nr3.png,7.0,0.06883258469788135,nr45.png,1.0,0.0,nr124.png,5.0,0.0589379006475609,nr114.png,1.0,0.05549627141266684,nr41.png,7.0,0.11400396840586598,nr65.png,2.0,0.0787272687482018,nr4.png,6.0,0.0920635820334163,nr20.png,3.0,0.0744252322045842,nr69.png,16
250,14.0,22.0,0.0,1.0,5735.0,1.0,0.0,nr72.png,7.0,0.12882110471336408,nr98.png,4.0,0.0,nr84.png,5.0,0.0,nr94.png,5.0,0.0,nr125.png,1.0,0.052586792424710885,nr102.png,3.0,0.0,nr48.png,6.0,0.0,nr44.png,7.0,0.0,nr107.png,5.0,0.061185890557053535,nr106.png,7.0,0.1534608282079613,nr12.png,4.0,0.06350103236191502,nr113.png,1.0,0.0,nr120.png,7.0,0.053578996055365806,nr65.png,7.0,0.1921567698035033,nr60.png,3.0,0.028443170745441112,nr7.png,16
251,14.0,22.0,1.0,3.0,5536.0,1.0,0.0,nr72.png,7.0,0.12882110471336408,nr98.png,4.0,0.0,nr84.png,5.0,0.0,nr94.png,5.0,0.0,nr125.png,1.0,0.052586792424710885,nr102.png,3.0,0.0,nr48.png,6.0,0.0,nr44.png,7.0,0.0,nr107.png,5.0,0.061185890557053535,nr106.png,7.0,0.1534608282079613,nr12.png,4.0,0.06350103236191502,nr113.png,1.0,0.0,nr120.png,7.0,0.053578996055365806,nr65.png,7.0,0.1921567698035033,nr60.png,3.0,0.028443170745441112,nr7.png,16
252,14.0,22.0,2.0,14.0,3841.0,1.0,0.0,nr72.png,7.0,0.12882110471336408,nr98.png,4.0,0.0,nr84.png,5.0,0.0,nr94.png,5.0,0.0,nr125.png,1.0,0.052586792424710885,nr102.png,3.0,0.0,nr48.png,6.0,0.0,nr44.png,7.0,0.0,nr107.png,5.0,0.061185890557053535,nr106.png,7.0,0.1534608282079613,nr12.png,4.0,0.06350103236191502,nr113.png,1.0,0.0,nr120.png,7.0,0.053578996055365806,nr65.png,7.0,0.1921567698035033,nr60.png,3.0,0.028443170745441112,nr7.png,16
253,14.0,22.0,3.0,10.0,2895.0,1.0,0.0,nr72.png,7.0,0.12882110471336408,nr98.png,4.0,0.0,nr84.png,5.0,0.0,nr94.png,5.0,0.0,nr125.png,1.0,0.052586792424710885,nr102.png,3.0,0.0,nr48.png,6.0,0.0,nr44.png,7.0,0.0,nr107.png,5.0,0.061185890557053535,nr106.png,7.0,0.1534608282079613,nr12.png,4.0,0.06350103236191502,nr113.png,1.0,0.0,nr120.png,7.0,0.053578996055365806,nr65.png,7.0,0.1921567698035033,nr60.png,3.0,0.028443170745441112,nr7.png,16
254,14.0,22.0,4.0,10.0,3529.0,1.0,0.0,nr72.png,7.0,0.12882110471336408,nr98.png,4.0,0.0,nr84.png,5.0,0.0,nr94.png,5.0,0.0,nr125.png,1.0,0.052586792424710885,nr102.png,3.0,0.0,nr48.png,6.0,0.0,nr44.png,7.0,0.0,nr107.png,5.0,0.061185890557053535,nr106.png,7.0,0.1534608282079613,nr12.png,4.0,0.06350103236191502,nr113.png,1.0,0.0,nr120.png,7.0,0.053578996055365806,nr65.png,7.0,0.1921567698035033,nr60.png,3.0,0.028443170745441112,nr7.png,16
255,14.0,22.0,5.0,14.0,5427.0,1.0,0.0,nr72.png,7.0,0.12882110471336408,nr98.png,4.0,0.0,nr84.png,5.0,0.0,nr94.png,5.0,0.0,nr125.png,1.0,0.052586792424710885,nr102.png,3.0,0.0,nr48.png,6.0,0.0,nr44.png,7.0,0.0,nr107.png,5.0,0.061185890557053535,nr106.png,7.0,0.1534608282079613,nr12.png,4.0,0.06350103236191502,nr113.png,1.0,0.0,nr120.png,7.0,0.053578996055365806,nr65.png,7.0,0.1921567698035033,nr60.png,3.0,0.028443170745441112,nr7.png,16
256,14.0,22.0,6.0,14.0,5758.0,1.0,0.0,nr72.png,7.0,0.12882110471336408,nr98.png,4.0,0.0,nr84.png,5.0,0.0,nr94.png,5.0,0.0,nr125.png,1.0,0.052586792424710885,nr102.png,3.0,0.0,nr48.png,6.0,0.0,nr44.png,7.0,0.0,nr107.png,5.0,0.061185890557053535,nr106.png,7.0,0.1534608282079613,nr12.png,4.0,0.06350103236191502,nr113.png,1.0,0.0,nr120.png,7.0,0.053578996055365806,nr65.png,7.0,0.1921567698035033,nr60.png,3.0,0.028443170745441112,nr7.png,16
257,14.0,22.0,7.0,1.0,4058.0,1.0,0.0,nr72.png,7.0,0.12882110471336408,nr98.png,4.0,0.0,nr84.png,5.0,0.0,nr94.png,5.0,0.0,nr125.png,1.0,0.052586792424710885,nr102.png,3.0,0.0,nr48.png,6.0,0.0,nr44.png,7.0,0.0,nr107.png,5.0,0.061185890557053535,nr106.png,7.0,0.1534608282079613,nr12.png,4.0,0.06350103236191502,nr113.png,1.0,0.0,nr120.png,7.0,0.053578996055365806,nr65.png,7.0,0.1921567698035033,nr60.png,3.0,0.028443170745441112,nr7.png,16
258,14.0,22.0,8.0,14.0,4619.0,1.0,0.0,nr72.png,7.0,0.12882110471336408,nr98.png,4.0,0.0,nr84.png,5.0,0.0,nr94.png,5.0,0.0,nr125.png,1.0,0.052586792424710885,nr102.png,3.0,0.0,nr48.png,6.0,0.0,nr44.png,7.0,0.0,nr107.png,5.0,0.061185890557053535,nr106.png,7.0,0.1534608282079613,nr12.png,4.0,0.06350103236191502,nr113.png,1.0,0.0,nr120.png,7.0,0.053578996055365806,nr65.png,7.0,0.1921567698035033,nr60.png,3.0,0.028443170745441112,nr7.png,16
259,14.0,22.0,9.0,1.0,4449.0,1.0,0.0,nr72.png,7.0,0.12882110471336408,nr98.png,4.0,0.0,nr84.png,5.0,0.0,nr94.png,5.0,0.0,nr125.png,1.0,0.052586792424710885,nr102.png,3.0,0.0,nr48.png,6.0,0.0,nr44.png,7.0,0.0,nr107.png,5.0,0.061185890557053535,nr106.png,7.0,0.1534608282079613,nr12.png,4.0,0.06350103236191502,nr113.png,1.0,0.0,nr120.png,7.0,0.053578996055365806,nr65.png,7.0,0.1921567698035033,nr60.png,3.0,0.028443170745441112,nr7.png,16
260,14.0,22.0,10.0,1.0,4661.0,1.0,0.0,nr72.png,7.0,0.12882110471336408,nr98.png,4.0,0.0,nr84.png,5.0,0.0,nr94.png,5.0,0.0,nr125.png,1.0,0.052586792424710885,nr102.png,3.0,0.0,nr48.png,6.0,0.0,nr44.png,7.0,0.0,nr107.png,5.0,0.061185890557053535,nr106.png,7.0,0.1534608282079613,nr12.png,4.0,0.06350103236191502,nr113.png,1.0,0.0,nr120.png,7.0,0.053578996055365806,nr65.png,7.0,0.1921567698035033,nr60.png,3.0,0.028443170745441112,nr7.png,16
261,14.0,22.0,11.0,14.0,2514.0,1.0,0.0,nr72.png,7.0,0.12882110471336408,nr98.png,4.0,0.0,nr84.png,5.0,0.0,nr94.png,5.0,0.0,nr125.png,1.0,0.052586792424710885,nr102.png,3.0,0.0,nr48.png,6.0,0.0,nr44.png,7.0,0.0,nr107.png,5.0,0.061185890557053535,nr106.png,7.0,0.1534608282079613,nr12.png,4.0,0.06350103236191502,nr113.png,1.0,0.0,nr120.png,7.0,0.053578996055365806,nr65.png,7.0,0.1921567698035033,nr60.png,3.0,0.028443170745441112,nr7.png,16
262,14.0,22.0,12.0,14.0,3835.0,1.0,0.0,nr72.png,7.0,0.12882110471336408,nr98.png,4.0,0.0,nr84.png,5.0,0.0,nr94.png,5.0,0.0,nr125.png,1.0,0.052586792424710885,nr102.png,3.0,0.0,nr48.png,6.0,0.0,nr44.png,7.0,0.0,nr107.png,5.0,0.061185890557053535,nr106.png,7.0,0.1534608282079613,nr12.png,4.0,0.06350103236191502,nr113.png,1.0,0.0,nr120.png,7.0,0.053578996055365806,nr65.png,7.0,0.1921567698035033,nr60.png,3.0,0.028443170745441112,nr7.png,16
263,14.0,22.0,13.0,10.0,3678.0,1.0,0.0,nr72.png,7.0,0.12882110471336408,nr98.png,4.0,0.0,nr84.png,5.0,0.0,nr94.png,5.0,0.0,nr125.png,1.0,0.052586792424710885,nr102.png,3.0,0.0,nr48.png,6.0,0.0,nr44.png,7.0,0.0,nr107.png,5.0,0.061185890557053535,nr106.png,7.0,0.1534608282079613,nr12.png,4.0,0.06350103236191502,nr113.png,1.0,0.0,nr120.png,7.0,0.053578996055365806,nr65.png,7.0,0.1921567698035033,nr60.png,3.0,0.028443170745441112,nr7.png,16
264,14.0,22.0,14.0,12.0,5414.0,1.0,0.0,nr72.png,7.0,0.12882110471336408,nr98.png,4.0,0.0,nr84.png,5.0,0.0,nr94.png,5.0,0.0,nr125.png,1.0,0.052586792424710885,nr102.png,3.0,0.0,nr48.png,6.0,0.0,nr44.png,7.0,0.0,nr107.png,5.0,0.061185890557053535,nr106.png,7.0,0.1534608282079613,nr12.png,4.0,0.06350103236191502,nr113.png,1.0,0.0,nr120.png,7.0,0.053578996055365806,nr65.png,7.0,0.1921567698035033,nr60.png,3.0,0.028443170745441112,nr7.png,16
265,14.0,22.0,15.0,14.0,4890.0,1.0,0.0,nr72.png,7.0,0.12882110471336408,nr98.png,4.0,0.0,nr84.png,5.0,0.0,nr94.png,5.0,0.0,nr125.png,1.0,0.052586792424710885,nr102.png,3.0,0.0,nr48.png,6.0,0.0,nr44.png,7.0,0.0,nr107.png,5.0,0.061185890557053535,nr106.png,7.0,0.1534608282079613,nr12.png,4.0,0.06350103236191502,nr113.png,1.0,0.0,nr120.png,7.0,0.053578996055365806,nr65.png,7.0,0.1921567698035033,nr60.png,3.0,0.028443170745441112,nr7.png,16
266,14.0,22.0,16.0,10.0,5751.0,1.0,0.0,nr72.png,7.0,0.12882110471336408,nr98.png,4.0,0.0,nr84.png,5.0,0.0,nr94.png,5.0,0.0,nr125.png,1.0,0.052586792424710885,nr102.png,3.0,0.0,nr48.png,6.0,0.0,nr44.png,7.0,0.0,nr107.png,5.0,0.061185890557053535,nr106.png,7.0,0.1534608282079613,nr12.png,4.0,0.06350103236191502,nr113.png,1.0,0.0,nr120.png,7.0,0.053578996055365806,nr65.png,7.0,0.1921567698035033,nr60.png,3.0,0.028443170745441112,nr7.png,16
267,14.0,22.0,17.0,15.0,5058.0,1.0,0.0,nr72.png,7.0,0.12882110471336408,nr98.png,4.0,0.0,nr84.png,5.0,0.0,nr94.png,5.0,0.0,nr125.png,1.0,0.052586792424710885,nr102.png,3.0,0.0,nr48.png,6.0,0.0,nr44.png,7.0,0.0,nr107.png,5.0,0.061185890557053535,nr106.png,7.0,0.1534608282079613,nr12.png,4.0,0.06350103236191502,nr113.png,1.0,0.0,nr120.png,7.0,0.053578996055365806,nr65.png,7.0,0.1921567698035033,nr60.png,3.0,0.028443170745441112,nr7.png,16
268,14.0,22.0,18.0,1.0,3985.0,1.0,0.0,nr72.png,7.0,0.12882110471336408,nr98.png,4.0,0.0,nr84.png,5.0,0.0,nr94.png,5.0,0.0,nr125.png,1.0,0.052586792424710885,nr102.png,3.0,0.0,nr48.png,6.0,0.0,nr44.png,7.0,0.0,nr107.png,5.0,0.061185890557053535,nr106.png,7.0,0.1534608282079613,nr12.png,4.0,0.06350103236191502,nr113.png,1.0,0.0,nr120.png,7.0,0.053578996055365806,nr65.png,7.0,0.1921567698035033,nr60.png,3.0,0.028443170745441112,nr7.png,16
269,14.0,22.0,19.0,14.0,3907.0,1.0,0.0,nr72.png,7.0,0.12882110471336408,nr98.png,4.0,0.0,nr84.png,5.0,0.0,nr94.png,5.0,0.0,nr125.png,1.0,0.052586792424710885,nr102.png,3.0,0.0,nr48.png,6.0,0.0,nr44.png,7.0,0.0,nr107.png,5.0,0.061185890557053535,nr106.png,7.0,0.1534608282079613,nr12.png,4.0,0.06350103236191502,nr113.png,1.0,0.0,nr120.png,7.0,0.053578996055365806,nr65.png,7.0,0.1921567698035033,nr60.png,3.0,0.028443170745441112,nr7.png,16
270,14.0,22.0,20.0,8.0,3447.0,1.0,0.0,nr72.png,7.0,0.12882110471336408,nr98.png,4.0,0.0,nr84.png,5.0,0.0,nr94.png,5.0,0.0,nr125.png,1.0,0.052586792424710885,nr102.png,3.0,0.0,nr48.png,6.0,0.0,nr44.png,7.0,0.0,nr107.png,5.0,0.061185890557053535,nr106.png,7.0,0.1534608282079613,nr12.png,4.0,0.06350103236191502,nr113.png,1.0,0.0,nr120.png,7.0,0.053578996055365806,nr65.png,7.0,0.1921567698035033,nr60.png,3.0,0.028443170745441112,nr7.png,16
271,14.0,22.0,21.0,1.0,6569.0,1.0,0.0,nr72.png,7.0,0.12882110471336408,nr98.png,4.0,0.0,nr84.png,5.0,0.0,nr94.png,5.0,0.0,nr125.png,1.0,0.052586792424710885,nr102.png,3.0,0.0,nr48.png,6.0,0.0,nr44.png,7.0,0.0,nr107.png,5.0,0.061185890557053535,nr106.png,7.0,0.1534608282079613,nr12.png,4.0,0.06350103236191502,nr113.png,1.0,0.0,nr120.png,7.0,0.053578996055365806,nr65.png,7.0,0.1921567698035033,nr60.png,3.0,0.028443170745441112,nr7.png,16
272,14.0,22.0,22.0,10.0,4404.0,1.0,0.0,nr72.png,7.0,0.12882110471336408,nr98.png,4.0,0.0,nr84.png,5.0,0.0,nr94.png,5.0,0.0,nr125.png,1.0,0.052586792424710885,nr102.png,3.0,0.0,nr48.png,6.0,0.0,nr44.png,7.0,0.0,nr107.png,5.0,0.061185890557053535,nr106.png,7.0,0.1534608282079613,nr12.png,4.0,0.06350103236191502,nr113.png,1.0,0.0,nr120.png,7.0,0.053578996055365806,nr65.png,7.0,0.1921567698035033,nr60.png,3.0,0.028443170745441112,nr7.png,16
273,14.0,22.0,23.0,1.0,5790.0,1.0,0.0,nr72.png,7.0,0.12882110471336408,nr98.png,4.0,0.0,nr84.png,5.0,0.0,nr94.png,5.0,0.0,nr125.png,1.0,0.052586792424710885,nr102.png,3.0,0.0,nr48.png,6.0,0.0,nr44.png,7.0,0.0,nr107.png,5.0,0.061185890557053535,nr106.png,7.0,0.1534608282079613,nr12.png,4.0,0.06350103236191502,nr113.png,1.0,0.0,nr120.png,7.0,0.053578996055365806,nr65.png,7.0,0.1921567698035033,nr60.png,3.0,0.028443170745441112,nr7.png,16
274,14.0,22.0,24.0,8.0,5000.0,1.0,0.0,nr72.png,7.0,0.12882110471336408,nr98.png,4.0,0.0,nr84.png,5.0,0.0,nr94.png,5.0,0.0,nr125.png,1.0,0.052586792424710885,nr102.png,3.0,0.0,nr48.png,6.0,0.0,nr44.png,7.0,0.0,nr107.png,5.0,0.061185890557053535,nr106.png,7.0,0.1534608282079613,nr12.png,4.0,0.06350103236191502,nr113.png,1.0,0.0,nr120.png,7.0,0.053578996055365806,nr65.png,7.0,0.1921567698035033,nr60.png,3.0,0.028443170745441112,nr7.png,16
275,14.0,22.0,25.0,14.0,4906.0,1.0,0.0,nr72.png,7.0,0.12882110471336408,nr98.png,4.0,0.0,nr84.png,5.0,0.0,nr94.png,5.0,0.0,nr125.png,1.0,0.052586792424710885,nr102.png,3.0,0.0,nr48.png,6.0,0.0,nr44.png,7.0,0.0,nr107.png,5.0,0.061185890557053535,nr106.png,7.0,0.1534608282079613,nr12.png,4.0,0.06350103236191502,nr113.png,1.0,0.0,nr120.png,7.0,0.053578996055365806,nr65.png,7.0,0.1921567698035033,nr60.png,3.0,0.028443170745441112,nr7.png,16
276,14.0,22.0,26.0,14.0,5711.0,1.0,0.0,nr72.png,7.0,0.12882110471336408,nr98.png,4.0,0.0,nr84.png,5.0,0.0,nr94.png,5.0,0.0,nr125.png,1.0,0.052586792424710885,nr102.png,3.0,0.0,nr48.png,6.0,0.0,nr44.png,7.0,0.0,nr107.png,5.0,0.061185890557053535,nr106.png,7.0,0.1534608282079613,nr12.png,4.0,0.06350103236191502,nr113.png,1.0,0.0,nr120.png,7.0,0.053578996055365806,nr65.png,7.0,0.1921567698035033,nr60.png,3.0,0.028443170745441112,nr7.png,16
277,14.0,22.0,27.0,13.0,3977.0,1.0,0.0,nr72.png,7.0,0.12882110471336408,nr98.png,4.0,0.0,nr84.png,5.0,0.0,nr94.png,5.0,0.0,nr125.png,1.0,0.052586792424710885,nr102.png,3.0,0.0,nr48.png,6.0,0.0,nr44.png,7.0,0.0,nr107.png,5.0,0.061185890557053535,nr106.png,7.0,0.1534608282079613,nr12.png,4.0,0.06350103236191502,nr113.png,1.0,0.0,nr120.png,7.0,0.053578996055365806,nr65.png,7.0,0.1921567698035033,nr60.png,3.0,0.028443170745441112,nr7.png,16
278,14.0,22.0,28.0,10.0,5183.0,1.0,0.0,nr72.png,7.0,0.12882110471336408,nr98.png,4.0,0.0,nr84.png,5.0,0.0,nr94.png,5.0,0.0,nr125.png,1.0,0.052586792424710885,nr102.png,3.0,0.0,nr48.png,6.0,0.0,nr44.png,7.0,0.0,nr107.png,5.0,0.061185890557053535,nr106.png,7.0,0.1534608282079613,nr12.png,4.0,0.06350103236191502,nr113.png,1.0,0.0,nr120.png,7.0,0.053578996055365806,nr65.png,7.0,0.1921567698035033,nr60.png,3.0,0.028443170745441112,nr7.png,16
279,14.0,22.0,29.0,14.0,4426.0,1.0,0.0,nr72.png,7.0,0.12882110471336408,nr98.png,4.0,0.0,nr84.png,5.0,0.0,nr94.png,5.0,0.0,nr125.png,1.0,0.052586792424710885,nr102.png,3.0,0.0,nr48.png,6.0,0.0,nr44.png,7.0,0.0,nr107.png,5.0,0.061185890557053535,nr106.png,7.0,0.1534608282079613,nr12.png,4.0,0.06350103236191502,nr113.png,1.0,0.0,nr120.png,7.0,0.053578996055365806,nr65.png,7.0,0.1921567698035033,nr60.png,3.0,0.028443170745441112,nr7.png,16
280,14.0,22.0,30.0,1.0,6813.0,1.0,0.0,nr72.png,7.0,0.12882110471336408,nr98.png,4.0,0.0,nr84.png,5.0,0.0,nr94.png,5.0,0.0,nr125.png,1.0,0.052586792424710885,nr102.png,3.0,0.0,nr48.png,6.0,0.0,nr44.png,7.0,0.0,nr107.png,5.0,0.061185890557053535,nr106.png,7.0,0.1534608282079613,nr12.png,4.0,0.06350103236191502,nr113.png,1.0,0.0,nr120.png,7.0,0.053578996055365806,nr65.png,7.0,0.1921567698035033,nr60.png,3.0,0.028443170745441112,nr7.png,16
281,14.0,22.0,31.0,13.0,4586.0,1.0,0.0,nr72.png,7.0,0.12882110471336408,nr98.png,4.0,0.0,nr84.png,5.0,0.0,nr94.png,5.0,0.0,nr125.png,1.0,0.052586792424710885,nr102.png,3.0,0.0,nr48.png,6.0,0.0,nr44.png,7.0,0.0,nr107.png,5.0,0.061185890557053535,nr106.png,7.0,0.1534608282079613,nr12.png,4.0,0.06350103236191502,nr113.png,1.0,0.0,nr120.png,7.0,0.053578996055365806,nr65.png,7.0,0.1921567698035033,nr60.png,3.0,0.028443170745441112,nr7.png,16
282,14.0,22.0,32.0,1.0,2935.0,1.0,0.0,nr72.png,7.0,0.12882110471336408,nr98.png,4.0,0.0,nr84.png,5.0,0.0,nr94.png,5.0,0.0,nr125.png,1.0,0.052586792424710885,nr102.png,3.0,0.0,nr48.png,6.0,0.0,nr44.png,7.0,0.0,nr107.png,5.0,0.061185890557053535,nr106.png,7.0,0.1534608282079613,nr12.png,4.0,0.06350103236191502,nr113.png,1.0,0.0,nr120.png,7.0,0.053578996055365806,nr65.png,7.0,0.1921567698035033,nr60.png,3.0,0.028443170745441112,nr7.png,16
283,14.0,22.0,33.0,13.0,6455.0,1.0,0.0,nr72.png,7.0,0.12882110471336408,nr98.png,4.0,0.0,nr84.png,5.0,0.0,nr94.png,5.0,0.0,nr125.png,1.0,0.052586792424710885,nr102.png,3.0,0.0,nr48.png,6.0,0.0,nr44.png,7.0,0.0,nr107.png,5.0,0.061185890557053535,nr106.png,7.0,0.1534608282079613,nr12.png,4.0,0.06350103236191502,nr113.png,1.0,0.0,nr120.png,7.0,0.053578996055365806,nr65.png,7.0,0.1921567698035033,nr60.png,3.0,0.028443170745441112,nr7.png,16
284,14.0,22.0,34.0,10.0,4118.0,1.0,0.0,nr72.png,7.0,0.12882110471336408,nr98.png,4.0,0.0,nr84.png,5.0,0.0,nr94.png,5.0,0.0,nr125.png,1.0,0.052586792424710885,nr102.png,3.0,0.0,nr48.png,6.0,0.0,nr44.png,7.0,0.0,nr107.png,5.0,0.061185890557053535,nr106.png,7.0,0.1534608282079613,nr12.png,4.0,0.06350103236191502,nr113.png,1.0,0.0,nr120.png,7.0,0.053578996055365806,nr65.png,7.0,0.1921567698035033,nr60.png,3.0,0.028443170745441112,nr7.png,16
285,14.0,22.0,35.0,1.0,3327.0,1.0,0.0,nr72.png,7.0,0.12882110471336408,nr98.png,4.0,0.0,nr84.png,5.0,0.0,nr94.png,5.0,0.0,nr125.png,1.0,0.052586792424710885,nr102.png,3.0,0.0,nr48.png,6.0,0.0,nr44.png,7.0,0.0,nr107.png,5.0,0.061185890557053535,nr106.png,7.0,0.1534608282079613,nr12.png,4.0,0.06350103236191502,nr113.png,1.0,0.0,nr120.png,7.0,0.053578996055365806,nr65.png,7.0,0.1921567698035033,nr60.png,3.0,0.028443170745441112,nr7.png,16
286,14.0,22.0,36.0,14.0,4152.0,1.0,0.0,nr72.png,7.0,0.12882110471336408,nr98.png,4.0,0.0,nr84.png,5.0,0.0,nr94.png,5.0,0.0,nr125.png,1.0,0.052586792424710885,nr102.png,3.0,0.0,nr48.png,6.0,0.0,nr44.png,7.0,0.0,nr107.png,5.0,0.061185890557053535,nr106.png,7.0,0.1534608282079613,nr12.png,4.0,0.06350103236191502,nr113.png,1.0,0.0,nr120.png,7.0,0.053578996055365806,nr65.png,7.0,0.1921567698035033,nr60.png,3.0,0.028443170745441112,nr7.png,16
287,14.0,22.0,37.0,10.0,6092.0,1.0,0.0,nr72.png,7.0,0.12882110471336408,nr98.png,4.0,0.0,nr84.png,5.0,0.0,nr94.png,5.0,0.0,nr125.png,1.0,0.052586792424710885,nr102.png,3.0,0.0,nr48.png,6.0,0.0,nr44.png,7.0,0.0,nr107.png,5.0,0.061185890557053535,nr106.png,7.0,0.1534608282079613,nr12.png,4.0,0.06350103236191502,nr113.png,1.0,0.0,nr120.png,7.0,0.053578996055365806,nr65.png,7.0,0.1921567698035033,nr60.png,3.0,0.028443170745441112,nr7.png,16
288,14.0,22.0,38.0,10.0,4944.0,1.0,0.0,nr72.png,7.0,0.12882110471336408,nr98.png,4.0,0.0,nr84.png,5.0,0.0,nr94.png,5.0,0.0,nr125.png,1.0,0.052586792424710885,nr102.png,3.0,0.0,nr48.png,6.0,0.0,nr44.png,7.0,0.0,nr107.png,5.0,0.061185890557053535,nr106.png,7.0,0.1534608282079613,nr12.png,4.0,0.06350103236191502,nr113.png,1.0,0.0,nr120.png,7.0,0.053578996055365806,nr65.png,7.0,0.1921567698035033,nr60.png,3.0,0.028443170745441112,nr7.png,16
289,14.0,22.0,39.0,8.0,5771.0,1.0,0.0,nr72.png,7.0,0.12882110471336408,nr98.png,4.0,0.0,nr84.png,5.0,0.0,nr94.png,5.0,0.0,nr125.png,1.0,0.052586792424710885,nr102.png,3.0,0.0,nr48.png,6.0,0.0,nr44.png,7.0,0.0,nr107.png,5.0,0.061185890557053535,nr106.png,7.0,0.1534608282079613,nr12.png,4.0,0.06350103236191502,nr113.png,1.0,0.0,nr120.png,7.0,0.053578996055365806,nr65.png,7.0,0.1921567698035033,nr60.png,3.0,0.028443170745441112,nr7.png,16
290,14.0,22.0,40.0,10.0,3575.0,1.0,0.0,nr72.png,7.0,0.12882110471336408,nr98.png,4.0,0.0,nr84.png,5.0,0.0,nr94.png,5.0,0.0,nr125.png,1.0,0.052586792424710885,nr102.png,3.0,0.0,nr48.png,6.0,0.0,nr44.png,7.0,0.0,nr107.png,5.0,0.061185890557053535,nr106.png,7.0,0.1534608282079613,nr12.png,4.0,0.06350103236191502,nr113.png,1.0,0.0,nr120.png,7.0,0.053578996055365806,nr65.png,7.0,0.1921567698035033,nr60.png,3.0,0.028443170745441112,nr7.png,16
291,14.0,22.0,41.0,13.0,6774.0,1.0,0.0,nr72.png,7.0,0.12882110471336408,nr98.png,4.0,0.0,nr84.png,5.0,0.0,nr94.png,5.0,0.0,nr125.png,1.0,0.052586792424710885,nr102.png,3.0,0.0,nr48.png,6.0,0.0,nr44.png,7.0,0.0,nr107.png,5.0,0.061185890557053535,nr106.png,7.0,0.1534608282079613,nr12.png,4.0,0.06350103236191502,nr113.png,1.0,0.0,nr120.png,7.0,0.053578996055365806,nr65.png,7.0,0.1921567698035033,nr60.png,3.0,0.028443170745441112,nr7.png,16
292,14.0,22.0,42.0,14.0,6646.0,1.0,0.0,nr72.png,7.0,0.12882110471336408,nr98.png,4.0,0.0,nr84.png,5.0,0.0,nr94.png,5.0,0.0,nr125.png,1.0,0.052586792424710885,nr102.png,3.0,0.0,nr48.png,6.0,0.0,nr44.png,7.0,0.0,nr107.png,5.0,0.061185890557053535,nr106.png,7.0,0.1534608282079613,nr12.png,4.0,0.06350103236191502,nr113.png,1.0,0.0,nr120.png,7.0,0.053578996055365806,nr65.png,7.0,0.1921567698035033,nr60.png,3.0,0.028443170745441112,nr7.png,16
293,14.0,22.0,43.0,13.0,5678.0,1.0,0.0,nr72.png,7.0,0.12882110471336408,nr98.png,4.0,0.0,nr84.png,5.0,0.0,nr94.png,5.0,0.0,nr125.png,1.0,0.052586792424710885,nr102.png,3.0,0.0,nr48.png,6.0,0.0,nr44.png,7.0,0.0,nr107.png,5.0,0.061185890557053535,nr106.png,7.0,0.1534608282079613,nr12.png,4.0,0.06350103236191502,nr113.png,1.0,0.0,nr120.png,7.0,0.053578996055365806,nr65.png,7.0,0.1921567698035033,nr60.png,3.0,0.028443170745441112,nr7.png,16
294,14.0,22.0,44.0,10.0,3021.0,1.0,0.0,nr72.png,7.0,0.12882110471336408,nr98.png,4.0,0.0,nr84.png,5.0,0.0,nr94.png,5.0,0.0,nr125.png,1.0,0.052586792424710885,nr102.png,3.0,0.0,nr48.png,6.0,0.0,nr44.png,7.0,0.0,nr107.png,5.0,0.061185890557053535,nr106.png,7.0,0.1534608282079613,nr12.png,4.0,0.06350103236191502,nr113.png,1.0,0.0,nr120.png,7.0,0.053578996055365806,nr65.png,7.0,0.1921567698035033,nr60.png,3.0,0.028443170745441112,nr7.png,16
295,14.0,22.0,45.0,10.0,3496.0,1.0,0.0,nr72.png,7.0,0.12882110471336408,nr98.png,4.0,0.0,nr84.png,5.0,0.0,nr94.png,5.0,0.0,nr125.png,1.0,0.052586792424710885,nr102.png,3.0,0.0,nr48.png,6.0,0.0,nr44.png,7.0,0.0,nr107.png,5.0,0.061185890557053535,nr106.png,7.0,0.1534608282079613,nr12.png,4.0,0.06350103236191502,nr113.png,1.0,0.0,nr120.png,7.0,0.053578996055365806,nr65.png,7.0,0.1921567698035033,nr60.png,3.0,0.028443170745441112,nr7.png,16
296,14.0,22.0,46.0,14.0,6428.0,1.0,0.0,nr72.png,7.0,0.12882110471336408,nr98.png,4.0,0.0,nr84.png,5.0,0.0,nr94.png,5.0,0.0,nr125.png,1.0,0.052586792424710885,nr102.png,3.0,0.0,nr48.png,6.0,0.0,nr44.png,7.0,0.0,nr107.png,5.0,0.061185890557053535,nr106.png,7.0,0.1534608282079613,nr12.png,4.0,0.06350103236191502,nr113.png,1.0,0.0,nr120.png,7.0,0.053578996055365806,nr65.png,7.0,0.1921567698035033,nr60.png,3.0,0.028443170745441112,nr7.png,16
297,14.0,22.0,47.0,8.0,6985.0,1.0,0.0,nr72.png,7.0,0.12882110471336408,nr98.png,4.0,0.0,nr84.png,5.0,0.0,nr94.png,5.0,0.0,nr125.png,1.0,0.052586792424710885,nr102.png,3.0,0.0,nr48.png,6.0,0.0,nr44.png,7.0,0.0,nr107.png,5.0,0.061185890557053535,nr106.png,7.0,0.1534608282079613,nr12.png,4.0,0.06350103236191502,nr113.png,1.0,0.0,nr120.png,7.0,0.053578996055365806,nr65.png,7.0,0.1921567698035033,nr60.png,3.0,0.028443170745441112,nr7.png,16
298,14.0,22.0,48.0,14.0,4276.0,1.0,0.0,nr72.png,7.0,0.12882110471336408,nr98.png,4.0,0.0,nr84.png,5.0,0.0,nr94.png,5.0,0.0,nr125.png,1.0,0.052586792424710885,nr102.png,3.0,0.0,nr48.png,6.0,0.0,nr44.png,7.0,0.0,nr107.png,5.0,0.061185890557053535,nr106.png,7.0,0.1534608282079613,nr12.png,4.0,0.06350103236191502,nr113.png,1.0,0.0,nr120.png,7.0,0.053578996055365806,nr65.png,7.0,0.1921567698035033,nr60.png,3.0,0.028443170745441112,nr7.png,16
299,14.0,22.0,49.0,3.0,5580.0,1.0,0.0,nr72.png,7.0,0.12882110471336408,nr98.png,4.0,0.0,nr84.png,5.0,0.0,nr94.png,5.0,0.0,nr125.png,1.0,0.052586792424710885,nr102.png,3.0,0.0,nr48.png,6.0,0.0,nr44.png,7.0,0.0,nr107.png,5.0,0.061185890557053535,nr106.png,7.0,0.1534608282079613,nr12.png,4.0,0.06350103236191502,nr113.png,1.0,0.0,nr120.png,7.0,0.053578996055365806,nr65.png,7.0,0.1921567698035033,nr60.png,3.0,0.028443170745441112,nr7.png,16
300,14.0,30.0,0.0,15.0,4898.0,7.0,0.11324617559209996,nr63.png,7.0,0.0,nr8.png,5.0,0.07276451101392847,nr3.png,1.0,0.0871124427631538,nr101.png,5.0,0.0,nr94.png,7.0,0.05482959632739681,nr58.png,6.0,0.0,nr18.png,1.0,0.06968995421052304,nr72.png,5.0,0.0,nr80.png,6.0,0.0,nr31.png,5.0,0.0,nr125.png,4.0,0.09274913023606376,nr100.png,7.0,0.0,nr39.png,7.0,0.061491136068108576,nr65.png,5.0,0.0,nr114.png,7.0,0.12144499373451442,nr109.png,16
301,14.0,30.0,1.0,15.0,4777.0,7.0,0.11324617559209996,nr63.png,7.0,0.0,nr8.png,5.0,0.07276451101392847,nr3.png,1.0,0.0871124427631538,nr101.png,5.0,0.0,nr94.png,7.0,0.05482959632739681,nr58.png,6.0,0.0,nr18.png,1.0,0.06968995421052304,nr72.png,5.0,0.0,nr80.png,6.0,0.0,nr31.png,5.0,0.0,nr125.png,4.0,0.09274913023606376,nr100.png,7.0,0.0,nr39.png,7.0,0.061491136068108576,nr65.png,5.0,0.0,nr114.png,7.0,0.12144499373451442,nr109.png,16
302,14.0,30.0,2.0,5.0,4991.0,7.0,0.11324617559209996,nr63.png,7.0,0.0,nr8.png,5.0,0.07276451101392847,nr3.png,1.0,0.0871124427631538,nr101.png,5.0,0.0,nr94.png,7.0,0.05482959632739681,nr58.png,6.0,0.0,nr18.png,1.0,0.06968995421052304,nr72.png,5.0,0.0,nr80.png,6.0,0.0,nr31.png,5.0,0.0,nr125.png,4.0,0.09274913023606376,nr100.png,7.0,0.0,nr39.png,7.0,0.061491136068108576,nr65.png,5.0,0.0,nr114.png,7.0,0.12144499373451442,nr109.png,16
303,14.0,30.0,3.0,12.0,3268.0,7.0,0.11324617559209996,nr63.png,7.0,0.0,nr8.png,5.0,0.07276451101392847,nr3.png,1.0,0.0871124427631538,nr101.png,5.0,0.0,nr94.png,7.0,0.05482959632739681,nr58.png,6.0,0.0,nr18.png,1.0,0.06968995421052304,nr72.png,5.0,0.0,nr80.png,6.0,0.0,nr31.png,5.0,0.0,nr125.png,4.0,0.09274913023606376,nr100.png,7.0,0.0,nr39.png,7.0,0.061491136068108576,nr65.png,5.0,0.0,nr114.png,7.0,0.12144499373451442,nr109.png,16
304,14.0,30.0,4.0,5.0,5998.0,7.0,0.11324617559209996,nr63.png,7.0,0.0,nr8.png,5.0,0.07276451101392847,nr3.png,1.0,0.0871124427631538,nr101.png,5.0,0.0,nr94.png,7.0,0.05482959632739681,nr58.png,6.0,0.0,nr18.png,1.0,0.06968995421052304,nr72.png,5.0,0.0,nr80.png,6.0,0.0,nr31.png,5.0,0.0,nr125.png,4.0,0.09274913023606376,nr100.png,7.0,0.0,nr39.png,7.0,0.061491136068108576,nr65.png,5.0,0.0,nr114.png,7.0,0.12144499373451442,nr109.png,16
305,14.0,30.0,5.0,1.0,3567.0,7.0,0.11324617559209996,nr63.png,7.0,0.0,nr8.png,5.0,0.07276451101392847,nr3.png,1.0,0.0871124427631538,nr101.png,5.0,0.0,nr94.png,7.0,0.05482959632739681,nr58.png,6.0,0.0,nr18.png,1.0,0.06968995421052304,nr72.png,5.0,0.0,nr80.png,6.0,0.0,nr31.png,5.0,0.0,nr125.png,4.0,0.09274913023606376,nr100.png,7.0,0.0,nr39.png,7.0,0.061491136068108576,nr65.png,5.0,0.0,nr114.png,7.0,0.12144499373451442,nr109.png,16
306,14.0,30.0,6.0,15.0,3988.0,7.0,0.11324617559209996,nr63.png,7.0,0.0,nr8.png,5.0,0.07276451101392847,nr3.png,1.0,0.0871124427631538,nr101.png,5.0,0.0,nr94.png,7.0,0.05482959632739681,nr58.png,6.0,0.0,nr18.png,1.0,0.06968995421052304,nr72.png,5.0,0.0,nr80.png,6.0,0.0,nr31.png,5.0,0.0,nr125.png,4.0,0.09274913023606376,nr100.png,7.0,0.0,nr39.png,7.0,0.061491136068108576,nr65.png,5.0,0.0,nr114.png,7.0,0.12144499373451442,nr109.png,16
307,14.0,30.0,7.0,12.0,4875.0,7.0,0.11324617559209996,nr63.png,7.0,0.0,nr8.png,5.0,0.07276451101392847,nr3.png,1.0,0.0871124427631538,nr101.png,5.0,0.0,nr94.png,7.0,0.05482959632739681,nr58.png,6.0,0.0,nr18.png,1.0,0.06968995421052304,nr72.png,5.0,0.0,nr80.png,6.0,0.0,nr31.png,5.0,0.0,nr125.png,4.0,0.09274913023606376,nr100.png,7.0,0.0,nr39.png,7.0,0.061491136068108576,nr65.png,5.0,0.0,nr114.png,7.0,0.12144499373451442,nr109.png,16
308,14.0,30.0,8.0,15.0,4695.0,7.0,0.11324617559209996,nr63.png,7.0,0.0,nr8.png,5.0,0.07276451101392847,nr3.png,1.0,0.0871124427631538,nr101.png,5.0,0.0,nr94.png,7.0,0.05482959632739681,nr58.png,6.0,0.0,nr18.png,1.0,0.06968995421052304,nr72.png,5.0,0.0,nr80.png,6.0,0.0,nr31.png,5.0,0.0,nr125.png,4.0,0.09274913023606376,nr100.png,7.0,0.0,nr39.png,7.0,0.061491136068108576,nr65.png,5.0,0.0,nr114.png,7.0,0.12144499373451442,nr109.png,16
309,14.0,30.0,9.0,15.0,3694.0,7.0,0.11324617559209996,nr63.png,7.0,0.0,nr8.png,5.0,0.07276451101392847,nr3.png,1.0,0.0871124427631538,nr101.png,5.0,0.0,nr94.png,7.0,0.05482959632739681,nr58.png,6.0,0.0,nr18.png,1.0,0.06968995421052304,nr72.png,5.0,0.0,nr80.png,6.0,0.0,nr31.png,5.0,0.0,nr125.png,4.0,0.09274913023606376,nr100.png,7.0,0.0,nr39.png,7.0,0.061491136068108576,nr65.png,5.0,0.0,nr114.png,7.0,0.12144499373451442,nr109.png,16
310,14.0,30.0,10.0,5.0,4289.0,7.0,0.11324617559209996,nr63.png,7.0,0.0,nr8.png,5.0,0.07276451101392847,nr3.png,1.0,0.0871124427631538,nr101.png,5.0,0.0,nr94.png,7.0,0.05482959632739681,nr58.png,6.0,0.0,nr18.png,1.0,0.06968995421052304,nr72.png,5.0,0.0,nr80.png,6.0,0.0,nr31.png,5.0,0.0,nr125.png,4.0,0.09274913023606376,nr100.png,7.0,0.0,nr39.png,7.0,0.061491136068108576,nr65.png,5.0,0.0,nr114.png,7.0,0.12144499373451442,nr109.png,16
311,14.0,30.0,11.0,6.0,4607.0,7.0,0.11324617559209996,nr63.png,7.0,0.0,nr8.png,5.0,0.07276451101392847,nr3.png,1.0,0.0871124427631538,nr101.png,5.0,0.0,nr94.png,7.0,0.05482959632739681,nr58.png,6.0,0.0,nr18.png,1.0,0.06968995421052304,nr72.png,5.0,0.0,nr80.png,6.0,0.0,nr31.png,5.0,0.0,nr125.png,4.0,0.09274913023606376,nr100.png,7.0,0.0,nr39.png,7.0,0.061491136068108576,nr65.png,5.0,0.0,nr114.png,7.0,0.12144499373451442,nr109.png,16
312,14.0,30.0,12.0,5.0,5328.0,7.0,0.11324617559209996,nr63.png,7.0,0.0,nr8.png,5.0,0.07276451101392847,nr3.png,1.0,0.0871124427631538,nr101.png,5.0,0.0,nr94.png,7.0,0.05482959632739681,nr58.png,6.0,0.0,nr18.png,1.0,0.06968995421052304,nr72.png,5.0,0.0,nr80.png,6.0,0.0,nr31.png,5.0,0.0,nr125.png,4.0,0.09274913023606376,nr100.png,7.0,0.0,nr39.png,7.0,0.061491136068108576,nr65.png,5.0,0.0,nr114.png,7.0,0.12144499373451442,nr109.png,16
313,14.0,30.0,13.0,13.0,3722.0,7.0,0.11324617559209996,nr63.png,7.0,0.0,nr8.png,5.0,0.07276451101392847,nr3.png,1.0,0.0871124427631538,nr101.png,5.0,0.0,nr94.png,7.0,0.05482959632739681,nr58.png,6.0,0.0,nr18.png,1.0,0.06968995421052304,nr72.png,5.0,0.0,nr80.png,6.0,0.0,nr31.png,5.0,0.0,nr125.png,4.0,0.09274913023606376,nr100.png,7.0,0.0,nr39.png,7.0,0.061491136068108576,nr65.png,5.0,0.0,nr114.png,7.0,0.12144499373451442,nr109.png,16
314,14.0,30.0,14.0,0.0,3880.0,7.0,0.11324617559209996,nr63.png,7.0,0.0,nr8.png,5.0,0.07276451101392847,nr3.png,1.0,0.0871124427631538,nr101.png,5.0,0.0,nr94.png,7.0,0.05482959632739681,nr58.png,6.0,0.0,nr18.png,1.0,0.06968995421052304,nr72.png,5.0,0.0,nr80.png,6.0,0.0,nr31.png,5.0,0.0,nr125.png,4.0,0.09274913023606376,nr100.png,7.0,0.0,nr39.png,7.0,0.061491136068108576,nr65.png,5.0,0.0,nr114.png,7.0,0.12144499373451442,nr109.png,16
315,14.0,30.0,15.0,0.0,4377.0,7.0,0.11324617559209996,nr63.png,7.0,0.0,nr8.png,5.0,0.07276451101392847,nr3.png,1.0,0.0871124427631538,nr101.png,5.0,0.0,nr94.png,7.0,0.05482959632739681,nr58.png,6.0,0.0,nr18.png,1.0,0.06968995421052304,nr72.png,5.0,0.0,nr80.png,6.0,0.0,nr31.png,5.0,0.0,nr125.png,4.0,0.09274913023606376,nr100.png,7.0,0.0,nr39.png,7.0,0.061491136068108576,nr65.png,5.0,0.0,nr114.png,7.0,0.12144499373451442,nr109.png,16
316,14.0,30.0,16.0,8.0,3245.0,7.0,0.11324617559209996,nr63.png,7.0,0.0,nr8.png,5.0,0.07276451101392847,nr3.png,1.0,0.0871124427631538,nr101.png,5.0,0.0,nr94.png,7.0,0.05482959632739681,nr58.png,6.0,0.0,nr18.png,1.0,0.06968995421052304,nr72.png,5.0,0.0,nr80.png,6.0,0.0,nr31.png,5.0,0.0,nr125.png,4.0,0.09274913023606376,nr100.png,7.0,0.0,nr39.png,7.0,0.061491136068108576,nr65.png,5.0,0.0,nr114.png,7.0,0.12144499373451442,nr109.png,16
317,14.0,30.0,17.0,13.0,5999.0,7.0,0.11324617559209996,nr63.png,7.0,0.0,nr8.png,5.0,0.07276451101392847,nr3.png,1.0,0.0871124427631538,nr101.png,5.0,0.0,nr94.png,7.0,0.05482959632739681,nr58.png,6.0,0.0,nr18.png,1.0,0.06968995421052304,nr72.png,5.0,0.0,nr80.png,6.0,0.0,nr31.png,5.0,0.0,nr125.png,4.0,0.09274913023606376,nr100.png,7.0,0.0,nr39.png,7.0,0.061491136068108576,nr65.png,5.0,0.0,nr114.png,7.0,0.12144499373451442,nr109.png,16
318,14.0,30.0,18.0,1.0,4712.0,7.0,0.11324617559209996,nr63.png,7.0,0.0,nr8.png,5.0,0.07276451101392847,nr3.png,1.0,0.0871124427631538,nr101.png,5.0,0.0,nr94.png,7.0,0.05482959632739681,nr58.png,6.0,0.0,nr18.png,1.0,0.06968995421052304,nr72.png,5.0,0.0,nr80.png,6.0,0.0,nr31.png,5.0,0.0,nr125.png,4.0,0.09274913023606376,nr100.png,7.0,0.0,nr39.png,7.0,0.061491136068108576,nr65.png,5.0,0.0,nr114.png,7.0,0.12144499373451442,nr109.png,16
319,14.0,30.0,19.0,6.0,4224.0,7.0,0.11324617559209996,nr63.png,7.0,0.0,nr8.png,5.0,0.07276451101392847,nr3.png,1.0,0.0871124427631538,nr101.png,5.0,0.0,nr94.png,7.0,0.05482959632739681,nr58.png,6.0,0.0,nr18.png,1.0,0.06968995421052304,nr72.png,5.0,0.0,nr80.png,6.0,0.0,nr31.png,5.0,0.0,nr125.png,4.0,0.09274913023606376,nr100.png,7.0,0.0,nr39.png,7.0,0.061491136068108576,nr65.png,5.0,0.0,nr114.png,7.0,0.12144499373451442,nr109.png,16
320,14.0,30.0,20.0,5.0,1808.0,7.0,0.11324617559209996,nr63.png,7.0,0.0,nr8.png,5.0,0.07276451101392847,nr3.png,1.0,0.0871124427631538,nr101.png,5.0,0.0,nr94.png,7.0,0.05482959632739681,nr58.png,6.0,0.0,nr18.png,1.0,0.06968995421052304,nr72.png,5.0,0.0,nr80.png,6.0,0.0,nr31.png,5.0,0.0,nr125.png,4.0,0.09274913023606376,nr100.png,7.0,0.0,nr39.png,7.0,0.061491136068108576,nr65.png,5.0,0.0,nr114.png,7.0,0.12144499373451442,nr109.png,16
321,14.0,30.0,21.0,15.0,4850.0,7.0,0.11324617559209996,nr63.png,7.0,0.0,nr8.png,5.0,0.07276451101392847,nr3.png,1.0,0.0871124427631538,nr101.png,5.0,0.0,nr94.png,7.0,0.05482959632739681,nr58.png,6.0,0.0,nr18.png,1.0,0.06968995421052304,nr72.png,5.0,0.0,nr80.png,6.0,0.0,nr31.png,5.0,0.0,nr125.png,4.0,0.09274913023606376,nr100.png,7.0,0.0,nr39.png,7.0,0.061491136068108576,nr65.png,5.0,0.0,nr114.png,7.0,0.12144499373451442,nr109.png,16
322,14.0,30.0,22.0,9.0,4804.0,7.0,0.11324617559209996,nr63.png,7.0,0.0,nr8.png,5.0,0.07276451101392847,nr3.png,1.0,0.0871124427631538,nr101.png,5.0,0.0,nr94.png,7.0,0.05482959632739681,nr58.png,6.0,0.0,nr18.png,1.0,0.06968995421052304,nr72.png,5.0,0.0,nr80.png,6.0,0.0,nr31.png,5.0,0.0,nr125.png,4.0,0.09274913023606376,nr100.png,7.0,0.0,nr39.png,7.0,0.061491136068108576,nr65.png,5.0,0.0,nr114.png,7.0,0.12144499373451442,nr109.png,16
323,14.0,30.0,23.0,14.0,4452.0,7.0,0.11324617559209996,nr63.png,7.0,0.0,nr8.png,5.0,0.07276451101392847,nr3.png,1.0,0.0871124427631538,nr101.png,5.0,0.0,nr94.png,7.0,0.05482959632739681,nr58.png,6.0,0.0,nr18.png,1.0,0.06968995421052304,nr72.png,5.0,0.0,nr80.png,6.0,0.0,nr31.png,5.0,0.0,nr125.png,4.0,0.09274913023606376,nr100.png,7.0,0.0,nr39.png,7.0,0.061491136068108576,nr65.png,5.0,0.0,nr114.png,7.0,0.12144499373451442,nr109.png,16
324,14.0,30.0,24.0,13.0,3711.0,7.0,0.11324617559209996,nr63.png,7.0,0.0,nr8.png,5.0,0.07276451101392847,nr3.png,1.0,0.0871124427631538,nr101.png,5.0,0.0,nr94.png,7.0,0.05482959632739681,nr58.png,6.0,0.0,nr18.png,1.0,0.06968995421052304,nr72.png,5.0,0.0,nr80.png,6.0,0.0,nr31.png,5.0,0.0,nr125.png,4.0,0.09274913023606376,nr100.png,7.0,0.0,nr39.png,7.0,0.061491136068108576,nr65.png,5.0,0.0,nr114.png,7.0,0.12144499373451442,nr109.png,16
325,14.0,30.0,25.0,15.0,4498.0,7.0,0.11324617559209996,nr63.png,7.0,0.0,nr8.png,5.0,0.07276451101392847,nr3.png,1.0,0.0871124427631538,nr101.png,5.0,0.0,nr94.png,7.0,0.05482959632739681,nr58.png,6.0,0.0,nr18.png,1.0,0.06968995421052304,nr72.png,5.0,0.0,nr80.png,6.0,0.0,nr31.png,5.0,0.0,nr125.png,4.0,0.09274913023606376,nr100.png,7.0,0.0,nr39.png,7.0,0.061491136068108576,nr65.png,5.0,0.0,nr114.png,7.0,0.12144499373451442,nr109.png,16
326,14.0,30.0,26.0,0.0,5083.0,7.0,0.11324617559209996,nr63.png,7.0,0.0,nr8.png,5.0,0.07276451101392847,nr3.png,1.0,0.0871124427631538,nr101.png,5.0,0.0,nr94.png,7.0,0.05482959632739681,nr58.png,6.0,0.0,nr18.png,1.0,0.06968995421052304,nr72.png,5.0,0.0,nr80.png,6.0,0.0,nr31.png,5.0,0.0,nr125.png,4.0,0.09274913023606376,nr100.png,7.0,0.0,nr39.png,7.0,0.061491136068108576,nr65.png,5.0,0.0,nr114.png,7.0,0.12144499373451442,nr109.png,16
327,14.0,30.0,27.0,5.0,3524.0,7.0,0.11324617559209996,nr63.png,7.0,0.0,nr8.png,5.0,0.07276451101392847,nr3.png,1.0,0.0871124427631538,nr101.png,5.0,0.0,nr94.png,7.0,0.05482959632739681,nr58.png,6.0,0.0,nr18.png,1.0,0.06968995421052304,nr72.png,5.0,0.0,nr80.png,6.0,0.0,nr31.png,5.0,0.0,nr125.png,4.0,0.09274913023606376,nr100.png,7.0,0.0,nr39.png,7.0,0.061491136068108576,nr65.png,5.0,0.0,nr114.png,7.0,0.12144499373451442,nr109.png,16
328,14.0,30.0,28.0,1.0,4816.0,7.0,0.11324617559209996,nr63.png,7.0,0.0,nr8.png,5.0,0.07276451101392847,nr3.png,1.0,0.0871124427631538,nr101.png,5.0,0.0,nr94.png,7.0,0.05482959632739681,nr58.png,6.0,0.0,nr18.png,1.0,0.06968995421052304,nr72.png,5.0,0.0,nr80.png,6.0,0.0,nr31.png,5.0,0.0,nr125.png,4.0,0.09274913023606376,nr100.png,7.0,0.0,nr39.png,7.0,0.061491136068108576,nr65.png,5.0,0.0,nr114.png,7.0,0.12144499373451442,nr109.png,16
329,14.0,30.0,29.0,6.0,4580.0,7.0,0.11324617559209996,nr63.png,7.0,0.0,nr8.png,5.0,0.07276451101392847,nr3.png,1.0,0.0871124427631538,nr101.png,5.0,0.0,nr94.png,7.0,0.05482959632739681,nr58.png,6.0,0.0,nr18.png,1.0,0.06968995421052304,nr72.png,5.0,0.0,nr80.png,6.0,0.0,nr31.png,5.0,0.0,nr125.png,4.0,0.09274913023606376,nr100.png,7.0,0.0,nr39.png,7.0,0.061491136068108576,nr65.png,5.0,0.0,nr114.png,7.0,0.12144499373451442,nr109.png,16
330,14.0,30.0,30.0,5.0,3003.0,7.0,0.11324617559209996,nr63.png,7.0,0.0,nr8.png,5.0,0.07276451101392847,nr3.png,1.0,0.0871124427631538,nr101.png,5.0,0.0,nr94.png,7.0,0.05482959632739681,nr58.png,6.0,0.0,nr18.png,1.0,0.06968995421052304,nr72.png,5.0,0.0,nr80.png,6.0,0.0,nr31.png,5.0,0.0,nr125.png,4.0,0.09274913023606376,nr100.png,7.0,0.0,nr39.png,7.0,0.061491136068108576,nr65.png,5.0,0.0,nr114.png,7.0,0.12144499373451442,nr109.png,16
331,14.0,30.0,31.0,0.0,4416.0,7.0,0.11324617559209996,nr63.png,7.0,0.0,nr8.png,5.0,0.07276451101392847,nr3.png,1.0,0.0871124427631538,nr101.png,5.0,0.0,nr94.png,7.0,0.05482959632739681,nr58.png,6.0,0.0,nr18.png,1.0,0.06968995421052304,nr72.png,5.0,0.0,nr80.png,6.0,0.0,nr31.png,5.0,0.0,nr125.png,4.0,0.09274913023606376,nr100.png,7.0,0.0,nr39.png,7.0,0.061491136068108576,nr65.png,5.0,0.0,nr114.png,7.0,0.12144499373451442,nr109.png,16
332,14.0,30.0,32.0,14.0,6607.0,7.0,0.11324617559209996,nr63.png,7.0,0.0,nr8.png,5.0,0.07276451101392847,nr3.png,1.0,0.0871124427631538,nr101.png,5.0,0.0,nr94.png,7.0,0.05482959632739681,nr58.png,6.0,0.0,nr18.png,1.0,0.06968995421052304,nr72.png,5.0,0.0,nr80.png,6.0,0.0,nr31.png,5.0,0.0,nr125.png,4.0,0.09274913023606376,nr100.png,7.0,0.0,nr39.png,7.0,0.061491136068108576,nr65.png,5.0,0.0,nr114.png,7.0,0.12144499373451442,nr109.png,16
333,14.0,30.0,33.0,12.0,5593.0,7.0,0.11324617559209996,nr63.png,7.0,0.0,nr8.png,5.0,0.07276451101392847,nr3.png,1.0,0.0871124427631538,nr101.png,5.0,0.0,nr94.png,7.0,0.05482959632739681,nr58.png,6.0,0.0,nr18.png,1.0,0.06968995421052304,nr72.png,5.0,0.0,nr80.png,6.0,0.0,nr31.png,5.0,0.0,nr125.png,4.0,0.09274913023606376,nr100.png,7.0,0.0,nr39.png,7.0,0.061491136068108576,nr65.png,5.0,0.0,nr114.png,7.0,0.12144499373451442,nr109.png,16
334,14.0,30.0,34.0,13.0,2997.0,7.0,0.11324617559209996,nr63.png,7.0,0.0,nr8.png,5.0,0.07276451101392847,nr3.png,1.0,0.0871124427631538,nr101.png,5.0,0.0,nr94.png,7.0,0.05482959632739681,nr58.png,6.0,0.0,nr18.png,1.0,0.06968995421052304,nr72.png,5.0,0.0,nr80.png,6.0,0.0,nr31.png,5.0,0.0,nr125.png,4.0,0.09274913023606376,nr100.png,7.0,0.0,nr39.png,7.0,0.061491136068108576,nr65.png,5.0,0.0,nr114.png,7.0,0.12144499373451442,nr109.png,16
335,14.0,30.0,35.0,15.0,2933.0,7.0,0.11324617559209996,nr63.png,7.0,0.0,nr8.png,5.0,0.07276451101392847,nr3.png,1.0,0.0871124427631538,nr101.png,5.0,0.0,nr94.png,7.0,0.05482959632739681,nr58.png,6.0,0.0,nr18.png,1.0,0.06968995421052304,nr72.png,5.0,0.0,nr80.png,6.0,0.0,nr31.png,5.0,0.0,nr125.png,4.0,0.09274913023606376,nr100.png,7.0,0.0,nr39.png,7.0,0.061491136068108576,nr65.png,5.0,0.0,nr114.png,7.0,0.12144499373451442,nr109.png,16
336,14.0,30.0,36.0,0.0,4404.0,7.0,0.11324617559209996,nr63.png,7.0,0.0,nr8.png,5.0,0.07276451101392847,nr3.png,1.0,0.0871124427631538,nr101.png,5.0,0.0,nr94.png,7.0,0.05482959632739681,nr58.png,6.0,0.0,nr18.png,1.0,0.06968995421052304,nr72.png,5.0,0.0,nr80.png,6.0,0.0,nr31.png,5.0,0.0,nr125.png,4.0,0.09274913023606376,nr100.png,7.0,0.0,nr39.png,7.0,0.061491136068108576,nr65.png,5.0,0.0,nr114.png,7.0,0.12144499373451442,nr109.png,16
337,14.0,30.0,37.0,0.0,4950.0,7.0,0.11324617559209996,nr63.png,7.0,0.0,nr8.png,5.0,0.07276451101392847,nr3.png,1.0,0.0871124427631538,nr101.png,5.0,0.0,nr94.png,7.0,0.05482959632739681,nr58.png,6.0,0.0,nr18.png,1.0,0.06968995421052304,nr72.png,5.0,0.0,nr80.png,6.0,0.0,nr31.png,5.0,0.0,nr125.png,4.0,0.09274913023606376,nr100.png,7.0,0.0,nr39.png,7.0,0.061491136068108576,nr65.png,5.0,0.0,nr114.png,7.0,0.12144499373451442,nr109.png,16
338,14.0,30.0,38.0,1.0,3783.0,7.0,0.11324617559209996,nr63.png,7.0,0.0,nr8.png,5.0,0.07276451101392847,nr3.png,1.0,0.0871124427631538,nr101.png,5.0,0.0,nr94.png,7.0,0.05482959632739681,nr58.png,6.0,0.0,nr18.png,1.0,0.06968995421052304,nr72.png,5.0,0.0,nr80.png,6.0,0.0,nr31.png,5.0,0.0,nr125.png,4.0,0.09274913023606376,nr100.png,7.0,0.0,nr39.png,7.0,0.061491136068108576,nr65.png,5.0,0.0,nr114.png,7.0,0.12144499373451442,nr109.png,16
339,14.0,30.0,39.0,0.0,4955.0,7.0,0.11324617559209996,nr63.png,7.0,0.0,nr8.png,5.0,0.07276451101392847,nr3.png,1.0,0.0871124427631538,nr101.png,5.0,0.0,nr94.png,7.0,0.05482959632739681,nr58.png,6.0,0.0,nr18.png,1.0,0.06968995421052304,nr72.png,5.0,0.0,nr80.png,6.0,0.0,nr31.png,5.0,0.0,nr125.png,4.0,0.09274913023606376,nr100.png,7.0,0.0,nr39.png,7.0,0.061491136068108576,nr65.png,5.0,0.0,nr114.png,7.0,0.12144499373451442,nr109.png,16
340,14.0,30.0,40.0,6.0,8271.0,7.0,0.11324617559209996,nr63.png,7.0,0.0,nr8.png,5.0,0.07276451101392847,nr3.png,1.0,0.0871124427631538,nr101.png,5.0,0.0,nr94.png,7.0,0.05482959632739681,nr58.png,6.0,0.0,nr18.png,1.0,0.06968995421052304,nr72.png,5.0,0.0,nr80.png,6.0,0.0,nr31.png,5.0,0.0,nr125.png,4.0,0.09274913023606376,nr100.png,7.0,0.0,nr39.png,7.0,0.061491136068108576,nr65.png,5.0,0.0,nr114.png,7.0,0.12144499373451442,nr109.png,16
341,14.0,30.0,41.0,6.0,4394.0,7.0,0.11324617559209996,nr63.png,7.0,0.0,nr8.png,5.0,0.07276451101392847,nr3.png,1.0,0.0871124427631538,nr101.png,5.0,0.0,nr94.png,7.0,0.05482959632739681,nr58.png,6.0,0.0,nr18.png,1.0,0.06968995421052304,nr72.png,5.0,0.0,nr80.png,6.0,0.0,nr31.png,5.0,0.0,nr125.png,4.0,0.09274913023606376,nr100.png,7.0,0.0,nr39.png,7.0,0.061491136068108576,nr65.png,5.0,0.0,nr114.png,7.0,0.12144499373451442,nr109.png,16
342,14.0,30.0,42.0,5.0,4537.0,7.0,0.11324617559209996,nr63.png,7.0,0.0,nr8.png,5.0,0.07276451101392847,nr3.png,1.0,0.0871124427631538,nr101.png,5.0,0.0,nr94.png,7.0,0.05482959632739681,nr58.png,6.0,0.0,nr18.png,1.0,0.06968995421052304,nr72.png,5.0,0.0,nr80.png,6.0,0.0,nr31.png,5.0,0.0,nr125.png,4.0,0.09274913023606376,nr100.png,7.0,0.0,nr39.png,7.0,0.061491136068108576,nr65.png,5.0,0.0,nr114.png,7.0,0.12144499373451442,nr109.png,16
343,14.0,30.0,43.0,14.0,5516.0,7.0,0.11324617559209996,nr63.png,7.0,0.0,nr8.png,5.0,0.07276451101392847,nr3.png,1.0,0.0871124427631538,nr101.png,5.0,0.0,nr94.png,7.0,0.05482959632739681,nr58.png,6.0,0.0,nr18.png,1.0,0.06968995421052304,nr72.png,5.0,0.0,nr80.png,6.0,0.0,nr31.png,5.0,0.0,nr125.png,4.0,0.09274913023606376,nr100.png,7.0,0.0,nr39.png,7.0,0.061491136068108576,nr65.png,5.0,0.0,nr114.png,7.0,0.12144499373451442,nr109.png,16
344,14.0,30.0,44.0,0.0,3810.0,7.0,0.11324617559209996,nr63.png,7.0,0.0,nr8.png,5.0,0.07276451101392847,nr3.png,1.0,0.0871124427631538,nr101.png,5.0,0.0,nr94.png,7.0,0.05482959632739681,nr58.png,6.0,0.0,nr18.png,1.0,0.06968995421052304,nr72.png,5.0,0.0,nr80.png,6.0,0.0,nr31.png,5.0,0.0,nr125.png,4.0,0.09274913023606376,nr100.png,7.0,0.0,nr39.png,7.0,0.061491136068108576,nr65.png,5.0,0.0,nr114.png,7.0,0.12144499373451442,nr109.png,16
345,14.0,30.0,45.0,2.0,5942.0,7.0,0.11324617559209996,nr63.png,7.0,0.0,nr8.png,5.0,0.07276451101392847,nr3.png,1.0,0.0871124427631538,nr101.png,5.0,0.0,nr94.png,7.0,0.05482959632739681,nr58.png,6.0,0.0,nr18.png,1.0,0.06968995421052304,nr72.png,5.0,0.0,nr80.png,6.0,0.0,nr31.png,5.0,0.0,nr125.png,4.0,0.09274913023606376,nr100.png,7.0,0.0,nr39.png,7.0,0.061491136068108576,nr65.png,5.0,0.0,nr114.png,7.0,0.12144499373451442,nr109.png,16
346,14.0,30.0,46.0,2.0,4041.0,7.0,0.11324617559209996,nr63.png,7.0,0.0,nr8.png,5.0,0.07276451101392847,nr3.png,1.0,0.0871124427631538,nr101.png,5.0,0.0,nr94.png,7.0,0.05482959632739681,nr58.png,6.0,0.0,nr18.png,1.0,0.06968995421052304,nr72.png,5.0,0.0,nr80.png,6.0,0.0,nr31.png,5.0,0.0,nr125.png,4.0,0.09274913023606376,nr100.png,7.0,0.0,nr39.png,7.0,0.061491136068108576,nr65.png,5.0,0.0,nr114.png,7.0,0.12144499373451442,nr109.png,16
347,14.0,30.0,47.0,1.0,3901.0,7.0,0.11324617559209996,nr63.png,7.0,0.0,nr8.png,5.0,0.07276451101392847,nr3.png,1.0,0.0871124427631538,nr101.png,5.0,0.0,nr94.png,7.0,0.05482959632739681,nr58.png,6.0,0.0,nr18.png,1.0,0.06968995421052304,nr72.png,5.0,0.0,nr80.png,6.0,0.0,nr31.png,5.0,0.0,nr125.png,4.0,0.09274913023606376,nr100.png,7.0,0.0,nr39.png,7.0,0.061491136068108576,nr65.png,5.0,0.0,nr114.png,7.0,0.12144499373451442,nr109.png,16
348,14.0,30.0,48.0,0.0,4153.0,7.0,0.11324617559209996,nr63.png,7.0,0.0,nr8.png,5.0,0.07276451101392847,nr3.png,1.0,0.0871124427631538,nr101.png,5.0,0.0,nr94.png,7.0,0.05482959632739681,nr58.png,6.0,0.0,nr18.png,1.0,0.06968995421052304,nr72.png,5.0,0.0,nr80.png,6.0,0.0,nr31.png,5.0,0.0,nr125.png,4.0,0.09274913023606376,nr100.png,7.0,0.0,nr39.png,7.0,0.061491136068108576,nr65.png,5.0,0.0,nr114.png,7.0,0.12144499373451442,nr109.png,16
349,14.0,30.0,49.0,15.0,4827.0,7.0,0.11324617559209996,nr63.png,7.0,0.0,nr8.png,5.0,0.07276451101392847,nr3.png,1.0,0.0871124427631538,nr101.png,5.0,0.0,nr94.png,7.0,0.05482959632739681,nr58.png,6.0,0.0,nr18.png,1.0,0.06968995421052304,nr72.png,5.0,0.0,nr80.png,6.0,0.0,nr31.png,5.0,0.0,nr125.png,4.0,0.09274913023606376,nr100.png,7.0,0.0,nr39.png,7.0,0.061491136068108576,nr65.png,5.0,0.0,nr114.png,7.0,0.12144499373451442,nr109.png,16
350,14.0,31.0,0.0,2.0,4588.0,6.0,0.04321476152734161,nr53.png,7.0,0.0541706165624423,nr8.png,7.0,0.0,nr97.png,4.0,0.042301773607749886,nr2.png,3.0,0.04412774944693333,nr7.png,3.0,0.048997018351422526,nr69.png,7.0,0.0,nr42.png,6.0,0.1687506004712037,nr87.png,4.0,0.10012434184855908,nr84.png,1.0,0.0769953145522354,nr92.png,4.0,0.04017146846203586,nr113.png,7.0,0.027389637587751724,nr88.png,3.0,0.06269183714529837,nr19.png,7.0,0.05873555616040092,nr65.png,6.0,0.0,nr21.png,7.0,0.0,nr51.png,16
351,14.0,31.0,1.0,2.0,3526.0,6.0,0.04321476152734161,nr53.png,7.0,0.0541706165624423,nr8.png,7.0,0.0,nr97.png,4.0,0.042301773607749886,nr2.png,3.0,0.04412774944693333,nr7.png,3.0,0.048997018351422526,nr69.png,7.0,0.0,nr42.png,6.0,0.1687506004712037,nr87.png,4.0,0.10012434184855908,nr84.png,1.0,0.0769953145522354,nr92.png,4.0,0.04017146846203586,nr113.png,7.0,0.027389637587751724,nr88.png,3.0,0.06269183714529837,nr19.png,7.0,0.05873555616040092,nr65.png,6.0,0.0,nr21.png,7.0,0.0,nr51.png,16
352,14.0,31.0,2.0,1.0,2337.0,6.0,0.04321476152734161,nr53.png,7.0,0.0541706165624423,nr8.png,7.0,0.0,nr97.png,4.0,0.042301773607749886,nr2.png,3.0,0.04412774944693333,nr7.png,3.0,0.048997018351422526,nr69.png,7.0,0.0,nr42.png,6.0,0.1687506004712037,nr87.png,4.0,0.10012434184855908,nr84.png,1.0,0.0769953145522354,nr92.png,4.0,0.04017146846203586,nr113.png,7.0,0.027389637587751724,nr88.png,3.0,0.06269183714529837,nr19.png,7.0,0.05873555616040092,nr65.png,6.0,0.0,nr21.png,7.0,0.0,nr51.png,16
353,14.0,31.0,3.0,13.0,2590.0,6.0,0.04321476152734161,nr53.png,7.0,0.0541706165624423,nr8.png,7.0,0.0,nr97.png,4.0,0.042301773607749886,nr2.png,3.0,0.04412774944693333,nr7.png,3.0,0.048997018351422526,nr69.png,7.0,0.0,nr42.png,6.0,0.1687506004712037,nr87.png,4.0,0.10012434184855908,nr84.png,1.0,0.0769953145522354,nr92.png,4.0,0.04017146846203586,nr113.png,7.0,0.027389637587751724,nr88.png,3.0,0.06269183714529837,nr19.png,7.0,0.05873555616040092,nr65.png,6.0,0.0,nr21.png,7.0,0.0,nr51.png,16
354,14.0,31.0,4.0,1.0,4435.0,6.0,0.04321476152734161,nr53.png,7.0,0.0541706165624423,nr8.png,7.0,0.0,nr97.png,4.0,0.042301773607749886,nr2.png,3.0,0.04412774944693333,nr7.png,3.0,0.048997018351422526,nr69.png,7.0,0.0,nr42.png,6.0,0.1687506004712037,nr87.png,4.0,0.10012434184855908,nr84.png,1.0,0.0769953145522354,nr92.png,4.0,0.04017146846203586,nr113.png,7.0,0.027389637587751724,nr88.png,3.0,0.06269183714529837,nr19.png,7.0,0.05873555616040092,nr65.png,6.0,0.0,nr21.png,7.0,0.0,nr51.png,16
355,14.0,31.0,5.0,1.0,4799.0,6.0,0.04321476152734161,nr53.png,7.0,0.0541706165624423,nr8.png,7.0,0.0,nr97.png,4.0,0.042301773607749886,nr2.png,3.0,0.04412774944693333,nr7.png,3.0,0.048997018351422526,nr69.png,7.0,0.0,nr42.png,6.0,0.1687506004712037,nr87.png,4.0,0.10012434184855908,nr84.png,1.0,0.0769953145522354,nr92.png,4.0,0.04017146846203586,nr113.png,7.0,0.027389637587751724,nr88.png,3.0,0.06269183714529837,nr19.png,7.0,0.05873555616040092,nr65.png,6.0,0.0,nr21.png,7.0,0.0,nr51.png,16
356,14.0,31.0,6.0,1.0,3270.0,6.0,0.04321476152734161,nr53.png,7.0,0.0541706165624423,nr8.png,7.0,0.0,nr97.png,4.0,0.042301773607749886,nr2.png,3.0,0.04412774944693333,nr7.png,3.0,0.048997018351422526,nr69.png,7.0,0.0,nr42.png,6.0,0.1687506004712037,nr87.png,4.0,0.10012434184855908,nr84.png,1.0,0.0769953145522354,nr92.png,4.0,0.04017146846203586,nr113.png,7.0,0.027389637587751724,nr88.png,3.0,0.06269183714529837,nr19.png,7.0,0.05873555616040092,nr65.png,6.0,0.0,nr21.png,7.0,0.0,nr51.png,16
357,14.0,31.0,7.0,2.0,3954.0,6.0,0.04321476152734161,nr53.png,7.0,0.0541706165624423,nr8.png,7.0,0.0,nr97.png,4.0,0.042301773607749886,nr2.png,3.0,0.04412774944693333,nr7.png,3.0,0.048997018351422526,nr69.png,7.0,0.0,nr42.png,6.0,0.1687506004712037,nr87.png,4.0,0.10012434184855908,nr84.png,1.0,0.0769953145522354,nr92.png,4.0,0.04017146846203586,nr113.png,7.0,0.027389637587751724,nr88.png,3.0,0.06269183714529837,nr19.png,7.0,0.05873555616040092,nr65.png,6.0,0.0,nr21.png,7.0,0.0,nr51.png,16
358,14.0,31.0,8.0,1.0,4587.0,6.0,0.04321476152734161,nr53.png,7.0,0.0541706165624423,nr8.png,7.0,0.0,nr97.png,4.0,0.042301773607749886,nr2.png,3.0,0.04412774944693333,nr7.png,3.0,0.048997018351422526,nr69.png,7.0,0.0,nr42.png,6.0,0.1687506004712037,nr87.png,4.0,0.10012434184855908,nr84.png,1.0,0.0769953145522354,nr92.png,4.0,0.04017146846203586,nr113.png,7.0,0.027389637587751724,nr88.png,3.0,0.06269183714529837,nr19.png,7.0,0.05873555616040092,nr65.png,6.0,0.0,nr21.png,7.0,0.0,nr51.png,16
359,14.0,31.0,9.0,15.0,2767.0,6.0,0.04321476152734161,nr53.png,7.0,0.0541706165624423,nr8.png,7.0,0.0,nr97.png,4.0,0.042301773607749886,nr2.png,3.0,0.04412774944693333,nr7.png,3.0,0.048997018351422526,nr69.png,7.0,0.0,nr42.png,6.0,0.1687506004712037,nr87.png,4.0,0.10012434184855908,nr84.png,1.0,0.0769953145522354,nr92.png,4.0,0.04017146846203586,nr113.png,7.0,0.027389637587751724,nr88.png,3.0,0.06269183714529837,nr19.png,7.0,0.05873555616040092,nr65.png,6.0,0.0,nr21.png,7.0,0.0,nr51.png,16
360,14.0,31.0,10.0,1.0,4082.0,6.0,0.04321476152734161,nr53.png,7.0,0.0541706165624423,nr8.png,7.0,0.0,nr97.png,4.0,0.042301773607749886,nr2.png,3.0,0.04412774944693333,nr7.png,3.0,0.048997018351422526,nr69.png,7.0,0.0,nr42.png,6.0,0.1687506004712037,nr87.png,4.0,0.10012434184855908,nr84.png,1.0,0.0769953145522354,nr92.png,4.0,0.04017146846203586,nr113.png,7.0,0.027389637587751724,nr88.png,3.0,0.06269183714529837,nr19.png,7.0,0.05873555616040092,nr65.png,6.0,0.0,nr21.png,7.0,0.0,nr51.png,16
361,14.0,31.0,11.0,7.0,4381.0,6.0,0.04321476152734161,nr53.png,7.0,0.0541706165624423,nr8.png,7.0,0.0,nr97.png,4.0,0.042301773607749886,nr2.png,3.0,0.04412774944693333,nr7.png,3.0,0.048997018351422526,nr69.png,7.0,0.0,nr42.png,6.0,0.1687506004712037,nr87.png,4.0,0.10012434184855908,nr84.png,1.0,0.0769953145522354,nr92.png,4.0,0.04017146846203586,nr113.png,7.0,0.027389637587751724,nr88.png,3.0,0.06269183714529837,nr19.png,7.0,0.05873555616040092,nr65.png,6.0,0.0,nr21.png,7.0,0.0,nr51.png,16
362,14.0,31.0,12.0,11.0,3923.0,6.0,0.04321476152734161,nr53.png,7.0,0.0541706165624423,nr8.png,7.0,0.0,nr97.png,4.0,0.042301773607749886,nr2.png,3.0,0.04412774944693333,nr7.png,3.0,0.048997018351422526,nr69.png,7.0,0.0,nr42.png,6.0,0.1687506004712037,nr87.png,4.0,0.10012434184855908,nr84.png,1.0,0.0769953145522354,nr92.png,4.0,0.04017146846203586,nr113.png,7.0,0.027389637587751724,nr88.png,3.0,0.06269183714529837,nr19.png,7.0,0.05873555616040092,nr65.png,6.0,0.0,nr21.png,7.0,0.0,nr51.png,16
363,14.0,31.0,13.0,15.0,2763.0,6.0,0.04321476152734161,nr53.png,7.0,0.0541706165624423,nr8.png,7.0,0.0,nr97.png,4.0,0.042301773607749886,nr2.png,3.0,0.04412774944693333,nr7.png,3.0,0.048997018351422526,nr69.png,7.0,0.0,nr42.png,6.0,0.1687506004712037,nr87.png,4.0,0.10012434184855908,nr84.png,1.0,0.0769953145522354,nr92.png,4.0,0.04017146846203586,nr113.png,7.0,0.027389637587751724,nr88.png,3.0,0.06269183714529837,nr19.png,7.0,0.05873555616040092,nr65.png,6.0,0.0,nr21.png,7.0,0.0,nr51.png,16
364,14.0,31.0,14.0,6.0,3813.0,6.0,0.04321476152734161,nr53.png,7.0,0.0541706165624423,nr8.png,7.0,0.0,nr97.png,4.0,0.042301773607749886,nr2.png,3.0,0.04412774944693333,nr7.png,3.0,0.048997018351422526,nr69.png,7.0,0.0,nr42.png,6.0,0.1687506004712037,nr87.png,4.0,0.10012434184855908,nr84.png,1.0,0.0769953145522354,nr92.png,4.0,0.04017146846203586,nr113.png,7.0,0.027389637587751724,nr88.png,3.0,0.06269183714529837,nr19.png,7.0,0.05873555616040092,nr65.png,6.0,0.0,nr21.png,7.0,0.0,nr51.png,16
365,14.0,31.0,15.0,1.0,4238.0,6.0,0.04321476152734161,nr53.png,7.0,0.0541706165624423,nr8.png,7.0,0.0,nr97.png,4.0,0.042301773607749886,nr2.png,3.0,0.04412774944693333,nr7.png,3.0,0.048997018351422526,nr69.png,7.0,0.0,nr42.png,6.0,0.1687506004712037,nr87.png,4.0,0.10012434184855908,nr84.png,1.0,0.0769953145522354,nr92.png,4.0,0.04017146846203586,nr113.png,7.0,0.027389637587751724,nr88.png,3.0,0.06269183714529837,nr19.png,7.0,0.05873555616040092,nr65.png,6.0,0.0,nr21.png,7.0,0.0,nr51.png,16
366,14.0,31.0,16.0,1.0,6263.0,6.0,0.04321476152734161,nr53.png,7.0,0.0541706165624423,nr8.png,7.0,0.0,nr97.png,4.0,0.042301773607749886,nr2.png,3.0,0.04412774944693333,nr7.png,3.0,0.048997018351422526,nr69.png,7.0,0.0,nr42.png,6.0,0.1687506004712037,nr87.png,4.0,0.10012434184855908,nr84.png,1.0,0.0769953145522354,nr92.png,4.0,0.04017146846203586,nr113.png,7.0,0.027389637587751724,nr88.png,3.0,0.06269183714529837,nr19.png,7.0,0.05873555616040092,nr65.png,6.0,0.0,nr21.png,7.0,0.0,nr51.png,16
367,14.0,31.0,17.0,2.0,4367.0,6.0,0.04321476152734161,nr53.png,7.0,0.0541706165624423,nr8.png,7.0,0.0,nr97.png,4.0,0.042301773607749886,nr2.png,3.0,0.04412774944693333,nr7.png,3.0,0.048997018351422526,nr69.png,7.0,0.0,nr42.png,6.0,0.1687506004712037,nr87.png,4.0,0.10012434184855908,nr84.png,1.0,0.0769953145522354,nr92.png,4.0,0.04017146846203586,nr113.png,7.0,0.027389637587751724,nr88.png,3.0,0.06269183714529837,nr19.png,7.0,0.05873555616040092,nr65.png,6.0,0.0,nr21.png,7.0,0.0,nr51.png,16
368,14.0,31.0,18.0,11.0,5711.0,6.0,0.04321476152734161,nr53.png,7.0,0.0541706165624423,nr8.png,7.0,0.0,nr97.png,4.0,0.042301773607749886,nr2.png,3.0,0.04412774944693333,nr7.png,3.0,0.048997018351422526,nr69.png,7.0,0.0,nr42.png,6.0,0.1687506004712037,nr87.png,4.0,0.10012434184855908,nr84.png,1.0,0.0769953145522354,nr92.png,4.0,0.04017146846203586,nr113.png,7.0,0.027389637587751724,nr88.png,3.0,0.06269183714529837,nr19.png,7.0,0.05873555616040092,nr65.png,6.0,0.0,nr21.png,7.0,0.0,nr51.png,16
369,14.0,31.0,19.0,15.0,3732.0,6.0,0.04321476152734161,nr53.png,7.0,0.0541706165624423,nr8.png,7.0,0.0,nr97.png,4.0,0.042301773607749886,nr2.png,3.0,0.04412774944693333,nr7.png,3.0,0.048997018351422526,nr69.png,7.0,0.0,nr42.png,6.0,0.1687506004712037,nr87.png,4.0,0.10012434184855908,nr84.png,1.0,0.0769953145522354,nr92.png,4.0,0.04017146846203586,nr113.png,7.0,0.027389637587751724,nr88.png,3.0,0.06269183714529837,nr19.png,7.0,0.05873555616040092,nr65.png,6.0,0.0,nr21.png,7.0,0.0,nr51.png,16
370,14.0,31.0,20.0,13.0,4268.0,6.0,0.04321476152734161,nr53.png,7.0,0.0541706165624423,nr8.png,7.0,0.0,nr97.png,4.0,0.042301773607749886,nr2.png,3.0,0.04412774944693333,nr7.png,3.0,0.048997018351422526,nr69.png,7.0,0.0,nr42.png,6.0,0.1687506004712037,nr87.png,4.0,0.10012434184855908,nr84.png,1.0,0.0769953145522354,nr92.png,4.0,0.04017146846203586,nr113.png,7.0,0.027389637587751724,nr88.png,3.0,0.06269183714529837,nr19.png,7.0,0.05873555616040092,nr65.png,6.0,0.0,nr21.png,7.0,0.0,nr51.png,16
371,14.0,31.0,21.0,6.0,3989.0,6.0,0.04321476152734161,nr53.png,7.0,0.0541706165624423,nr8.png,7.0,0.0,nr97.png,4.0,0.042301773607749886,nr2.png,3.0,0.04412774944693333,nr7.png,3.0,0.048997018351422526,nr69.png,7.0,0.0,nr42.png,6.0,0.1687506004712037,nr87.png,4.0,0.10012434184855908,nr84.png,1.0,0.0769953145522354,nr92.png,4.0,0.04017146846203586,nr113.png,7.0,0.027389637587751724,nr88.png,3.0,0.06269183714529837,nr19.png,7.0,0.05873555616040092,nr65.png,6.0,0.0,nr21.png,7.0,0.0,nr51.png,16
372,14.0,31.0,22.0,2.0,6181.0,6.0,0.04321476152734161,nr53.png,7.0,0.0541706165624423,nr8.png,7.0,0.0,nr97.png,4.0,0.042301773607749886,nr2.png,3.0,0.04412774944693333,nr7.png,3.0,0.048997018351422526,nr69.png,7.0,0.0,nr42.png,6.0,0.1687506004712037,nr87.png,4.0,0.10012434184855908,nr84.png,1.0,0.0769953145522354,nr92.png,4.0,0.04017146846203586,nr113.png,7.0,0.027389637587751724,nr88.png,3.0,0.06269183714529837,nr19.png,7.0,0.05873555616040092,nr65.png,6.0,0.0,nr21.png,7.0,0.0,nr51.png,16
373,14.0,31.0,23.0,13.0,3493.0,6.0,0.04321476152734161,nr53.png,7.0,0.0541706165624423,nr8.png,7.0,0.0,nr97.png,4.0,0.042301773607749886,nr2.png,3.0,0.04412774944693333,nr7.png,3.0,0.048997018351422526,nr69.png,7.0,0.0,nr42.png,6.0,0.1687506004712037,nr87.png,4.0,0.10012434184855908,nr84.png,1.0,0.0769953145522354,nr92.png,4.0,0.04017146846203586,nr113.png,7.0,0.027389637587751724,nr88.png,3.0,0.06269183714529837,nr19.png,7.0,0.05873555616040092,nr65.png,6.0,0.0,nr21.png,7.0,0.0,nr51.png,16
374,14.0,31.0,24.0,13.0,4038.0,6.0,0.04321476152734161,nr53.png,7.0,0.0541706165624423,nr8.png,7.0,0.0,nr97.png,4.0,0.042301773607749886,nr2.png,3.0,0.04412774944693333,nr7.png,3.0,0.048997018351422526,nr69.png,7.0,0.0,nr42.png,6.0,0.1687506004712037,nr87.png,4.0,0.10012434184855908,nr84.png,1.0,0.0769953145522354,nr92.png,4.0,0.04017146846203586,nr113.png,7.0,0.027389637587751724,nr88.png,3.0,0.06269183714529837,nr19.png,7.0,0.05873555616040092,nr65.png,6.0,0.0,nr21.png,7.0,0.0,nr51.png,16
375,14.0,31.0,25.0,8.0,4186.0,6.0,0.04321476152734161,nr53.png,7.0,0.0541706165624423,nr8.png,7.0,0.0,nr97.png,4.0,0.042301773607749886,nr2.png,3.0,0.04412774944693333,nr7.png,3.0,0.048997018351422526,nr69.png,7.0,0.0,nr42.png,6.0,0.1687506004712037,nr87.png,4.0,0.10012434184855908,nr84.png,1.0,0.0769953145522354,nr92.png,4.0,0.04017146846203586,nr113.png,7.0,0.027389637587751724,nr88.png,3.0,0.06269183714529837,nr19.png,7.0,0.05873555616040092,nr65.png,6.0,0.0,nr21.png,7.0,0.0,nr51.png,16
376,14.0,31.0,26.0,0.0,4824.0,6.0,0.04321476152734161,nr53.png,7.0,0.0541706165624423,nr8.png,7.0,0.0,nr97.png,4.0,0.042301773607749886,nr2.png,3.0,0.04412774944693333,nr7.png,3.0,0.048997018351422526,nr69.png,7.0,0.0,nr42.png,6.0,0.1687506004712037,nr87.png,4.0,0.10012434184855908,nr84.png,1.0,0.0769953145522354,nr92.png,4.0,0.04017146846203586,nr113.png,7.0,0.027389637587751724,nr88.png,3.0,0.06269183714529837,nr19.png,7.0,0.05873555616040092,nr65.png,6.0,0.0,nr21.png,7.0,0.0,nr51.png,16
377,14.0,31.0,27.0,3.0,4139.0,6.0,0.04321476152734161,nr53.png,7.0,0.0541706165624423,nr8.png,7.0,0.0,nr97.png,4.0,0.042301773607749886,nr2.png,3.0,0.04412774944693333,nr7.png,3.0,0.048997018351422526,nr69.png,7.0,0.0,nr42.png,6.0,0.1687506004712037,nr87.png,4.0,0.10012434184855908,nr84.png,1.0,0.0769953145522354,nr92.png,4.0,0.04017146846203586,nr113.png,7.0,0.027389637587751724,nr88.png,3.0,0.06269183714529837,nr19.png,7.0,0.05873555616040092,nr65.png,6.0,0.0,nr21.png,7.0,0.0,nr51.png,16
378,14.0,31.0,28.0,2.0,4289.0,6.0,0.04321476152734161,nr53.png,7.0,0.0541706165624423,nr8.png,7.0,0.0,nr97.png,4.0,0.042301773607749886,nr2.png,3.0,0.04412774944693333,nr7.png,3.0,0.048997018351422526,nr69.png,7.0,0.0,nr42.png,6.0,0.1687506004712037,nr87.png,4.0,0.10012434184855908,nr84.png,1.0,0.0769953145522354,nr92.png,4.0,0.04017146846203586,nr113.png,7.0,0.027389637587751724,nr88.png,3.0,0.06269183714529837,nr19.png,7.0,0.05873555616040092,nr65.png,6.0,0.0,nr21.png,7.0,0.0,nr51.png,16
379,14.0,31.0,29.0,15.0,4232.0,6.0,0.04321476152734161,nr53.png,7.0,0.0541706165624423,nr8.png,7.0,0.0,nr97.png,4.0,0.042301773607749886,nr2.png,3.0,0.04412774944693333,nr7.png,3.0,0.048997018351422526,nr69.png,7.0,0.0,nr42.png,6.0,0.1687506004712037,nr87.png,4.0,0.10012434184855908,nr84.png,1.0,0.0769953145522354,nr92.png,4.0,0.04017146846203586,nr113.png,7.0,0.027389637587751724,nr88.png,3.0,0.06269183714529837,nr19.png,7.0,0.05873555616040092,nr65.png,6.0,0.0,nr21.png,7.0,0.0,nr51.png,16
380,14.0,31.0,30.0,11.0,3651.0,6.0,0.04321476152734161,nr53.png,7.0,0.0541706165624423,nr8.png,7.0,0.0,nr97.png,4.0,0.042301773607749886,nr2.png,3.0,0.04412774944693333,nr7.png,3.0,0.048997018351422526,nr69.png,7.0,0.0,nr42.png,6.0,0.1687506004712037,nr87.png,4.0,0.10012434184855908,nr84.png,1.0,0.0769953145522354,nr92.png,4.0,0.04017146846203586,nr113.png,7.0,0.027389637587751724,nr88.png,3.0,0.06269183714529837,nr19.png,7.0,0.05873555616040092,nr65.png,6.0,0.0,nr21.png,7.0,0.0,nr51.png,16
381,14.0,31.0,31.0,10.0,4086.0,6.0,0.04321476152734161,nr53.png,7.0,0.0541706165624423,nr8.png,7.0,0.0,nr97.png,4.0,0.042301773607749886,nr2.png,3.0,0.04412774944693333,nr7.png,3.0,0.048997018351422526,nr69.png,7.0,0.0,nr42.png,6.0,0.1687506004712037,nr87.png,4.0,0.10012434184855908,nr84.png,1.0,0.0769953145522354,nr92.png,4.0,0.04017146846203586,nr113.png,7.0,0.027389637587751724,nr88.png,3.0,0.06269183714529837,nr19.png,7.0,0.05873555616040092,nr65.png,6.0,0.0,nr21.png,7.0,0.0,nr51.png,16
382,14.0,31.0,32.0,0.0,5281.0,6.0,0.04321476152734161,nr53.png,7.0,0.0541706165624423,nr8.png,7.0,0.0,nr97.png,4.0,0.042301773607749886,nr2.png,3.0,0.04412774944693333,nr7.png,3.0,0.048997018351422526,nr69.png,7.0,0.0,nr42.png,6.0,0.1687506004712037,nr87.png,4.0,0.10012434184855908,nr84.png,1.0,0.0769953145522354,nr92.png,4.0,0.04017146846203586,nr113.png,7.0,0.027389637587751724,nr88.png,3.0,0.06269183714529837,nr19.png,7.0,0.05873555616040092,nr65.png,6.0,0.0,nr21.png,7.0,0.0,nr51.png,16
383,14.0,31.0,33.0,1.0,2363.0,6.0,0.04321476152734161,nr53.png,7.0,0.0541706165624423,nr8.png,7.0,0.0,nr97.png,4.0,0.042301773607749886,nr2.png,3.0,0.04412774944693333,nr7.png,3.0,0.048997018351422526,nr69.png,7.0,0.0,nr42.png,6.0,0.1687506004712037,nr87.png,4.0,0.10012434184855908,nr84.png,1.0,0.0769953145522354,nr92.png,4.0,0.04017146846203586,nr113.png,7.0,0.027389637587751724,nr88.png,3.0,0.06269183714529837,nr19.png,7.0,0.05873555616040092,nr65.png,6.0,0.0,nr21.png,7.0,0.0,nr51.png,16
384,14.0,31.0,34.0,0.0,5998.0,6.0,0.04321476152734161,nr53.png,7.0,0.0541706165624423,nr8.png,7.0,0.0,nr97.png,4.0,0.042301773607749886,nr2.png,3.0,0.04412774944693333,nr7.png,3.0,0.048997018351422526,nr69.png,7.0,0.0,nr42.png,6.0,0.1687506004712037,nr87.png,4.0,0.10012434184855908,nr84.png,1.0,0.0769953145522354,nr92.png,4.0,0.04017146846203586,nr113.png,7.0,0.027389637587751724,nr88.png,3.0,0.06269183714529837,nr19.png,7.0,0.05873555616040092,nr65.png,6.0,0.0,nr21.png,7.0,0.0,nr51.png,16
385,14.0,31.0,35.0,7.0,4025.0,6.0,0.04321476152734161,nr53.png,7.0,0.0541706165624423,nr8.png,7.0,0.0,nr97.png,4.0,0.042301773607749886,nr2.png,3.0,0.04412774944693333,nr7.png,3.0,0.048997018351422526,nr69.png,7.0,0.0,nr42.png,6.0,0.1687506004712037,nr87.png,4.0,0.10012434184855908,nr84.png,1.0,0.0769953145522354,nr92.png,4.0,0.04017146846203586,nr113.png,7.0,0.027389637587751724,nr88.png,3.0,0.06269183714529837,nr19.png,7.0,0.05873555616040092,nr65.png,6.0,0.0,nr21.png,7.0,0.0,nr51.png,16
386,14.0,31.0,36.0,11.0,4892.0,6.0,0.04321476152734161,nr53.png,7.0,0.0541706165624423,nr8.png,7.0,0.0,nr97.png,4.0,0.042301773607749886,nr2.png,3.0,0.04412774944693333,nr7.png,3.0,0.048997018351422526,nr69.png,7.0,0.0,nr42.png,6.0,0.1687506004712037,nr87.png,4.0,0.10012434184855908,nr84.png,1.0,0.0769953145522354,nr92.png,4.0,0.04017146846203586,nr113.png,7.0,0.027389637587751724,nr88.png,3.0,0.06269183714529837,nr19.png,7.0,0.05873555616040092,nr65.png,6.0,0.0,nr21.png,7.0,0.0,nr51.png,16
387,14.0,31.0,37.0,13.0,4351.0,6.0,0.04321476152734161,nr53.png,7.0,0.0541706165624423,nr8.png,7.0,0.0,nr97.png,4.0,0.042301773607749886,nr2.png,3.0,0.04412774944693333,nr7.png,3.0,0.048997018351422526,nr69.png,7.0,0.0,nr42.png,6.0,0.1687506004712037,nr87.png,4.0,0.10012434184855908,nr84.png,1.0,0.0769953145522354,nr92.png,4.0,0.04017146846203586,nr113.png,7.0,0.027389637587751724,nr88.png,3.0,0.06269183714529837,nr19.png,7.0,0.05873555616040092,nr65.png,6.0,0.0,nr21.png,7.0,0.0,nr51.png,16
388,14.0,31.0,38.0,13.0,4345.0,6.0,0.04321476152734161,nr53.png,7.0,0.0541706165624423,nr8.png,7.0,0.0,nr97.png,4.0,0.042301773607749886,nr2.png,3.0,0.04412774944693333,nr7.png,3.0,0.048997018351422526,nr69.png,7.0,0.0,nr42.png,6.0,0.1687506004712037,nr87.png,4.0,0.10012434184855908,nr84.png,1.0,0.0769953145522354,nr92.png,4.0,0.04017146846203586,nr113.png,7.0,0.027389637587751724,nr88.png,3.0,0.06269183714529837,nr19.png,7.0,0.05873555616040092,nr65.png,6.0,0.0,nr21.png,7.0,0.0,nr51.png,16
389,14.0,31.0,39.0,1.0,4723.0,6.0,0.04321476152734161,nr53.png,7.0,0.0541706165624423,nr8.png,7.0,0.0,nr97.png,4.0,0.042301773607749886,nr2.png,3.0,0.04412774944693333,nr7.png,3.0,0.048997018351422526,nr69.png,7.0,0.0,nr42.png,6.0,0.1687506004712037,nr87.png,4.0,0.10012434184855908,nr84.png,1.0,0.0769953145522354,nr92.png,4.0,0.04017146846203586,nr113.png,7.0,0.027389637587751724,nr88.png,3.0,0.06269183714529837,nr19.png,7.0,0.05873555616040092,nr65.png,6.0,0.0,nr21.png,7.0,0.0,nr51.png,16
390,14.0,31.0,40.0,7.0,5111.0,6.0,0.04321476152734161,nr53.png,7.0,0.0541706165624423,nr8.png,7.0,0.0,nr97.png,4.0,0.042301773607749886,nr2.png,3.0,0.04412774944693333,nr7.png,3.0,0.048997018351422526,nr69.png,7.0,0.0,nr42.png,6.0,0.1687506004712037,nr87.png,4.0,0.10012434184855908,nr84.png,1.0,0.0769953145522354,nr92.png,4.0,0.04017146846203586,nr113.png,7.0,0.027389637587751724,nr88.png,3.0,0.06269183714529837,nr19.png,7.0,0.05873555616040092,nr65.png,6.0,0.0,nr21.png,7.0,0.0,nr51.png,16
391,14.0,31.0,41.0,7.0,4395.0,6.0,0.04321476152734161,nr53.png,7.0,0.0541706165624423,nr8.png,7.0,0.0,nr97.png,4.0,0.042301773607749886,nr2.png,3.0,0.04412774944693333,nr7.png,3.0,0.048997018351422526,nr69.png,7.0,0.0,nr42.png,6.0,0.1687506004712037,nr87.png,4.0,0.10012434184855908,nr84.png,1.0,0.0769953145522354,nr92.png,4.0,0.04017146846203586,nr113.png,7.0,0.027389637587751724,nr88.png,3.0,0.06269183714529837,nr19.png,7.0,0.05873555616040092,nr65.png,6.0,0.0,nr21.png,7.0,0.0,nr51.png,16
392,14.0,31.0,42.0,13.0,3012.0,6.0,0.04321476152734161,nr53.png,7.0,0.0541706165624423,nr8.png,7.0,0.0,nr97.png,4.0,0.042301773607749886,nr2.png,3.0,0.04412774944693333,nr7.png,3.0,0.048997018351422526,nr69.png,7.0,0.0,nr42.png,6.0,0.1687506004712037,nr87.png,4.0,0.10012434184855908,nr84.png,1.0,0.0769953145522354,nr92.png,4.0,0.04017146846203586,nr113.png,7.0,0.027389637587751724,nr88.png,3.0,0.06269183714529837,nr19.png,7.0,0.05873555616040092,nr65.png,6.0,0.0,nr21.png,7.0,0.0,nr51.png,16
393,14.0,31.0,43.0,7.0,4671.0,6.0,0.04321476152734161,nr53.png,7.0,0.0541706165624423,nr8.png,7.0,0.0,nr97.png,4.0,0.042301773607749886,nr2.png,3.0,0.04412774944693333,nr7.png,3.0,0.048997018351422526,nr69.png,7.0,0.0,nr42.png,6.0,0.1687506004712037,nr87.png,4.0,0.10012434184855908,nr84.png,1.0,0.0769953145522354,nr92.png,4.0,0.04017146846203586,nr113.png,7.0,0.027389637587751724,nr88.png,3.0,0.06269183714529837,nr19.png,7.0,0.05873555616040092,nr65.png,6.0,0.0,nr21.png,7.0,0.0,nr51.png,16
394,14.0,31.0,44.0,6.0,3876.0,6.0,0.04321476152734161,nr53.png,7.0,0.0541706165624423,nr8.png,7.0,0.0,nr97.png,4.0,0.042301773607749886,nr2.png,3.0,0.04412774944693333,nr7.png,3.0,0.048997018351422526,nr69.png,7.0,0.0,nr42.png,6.0,0.1687506004712037,nr87.png,4.0,0.10012434184855908,nr84.png,1.0,0.0769953145522354,nr92.png,4.0,0.04017146846203586,nr113.png,7.0,0.027389637587751724,nr88.png,3.0,0.06269183714529837,nr19.png,7.0,0.05873555616040092,nr65.png,6.0,0.0,nr21.png,7.0,0.0,nr51.png,16
395,14.0,31.0,45.0,13.0,4486.0,6.0,0.04321476152734161,nr53.png,7.0,0.0541706165624423,nr8.png,7.0,0.0,nr97.png,4.0,0.042301773607749886,nr2.png,3.0,0.04412774944693333,nr7.png,3.0,0.048997018351422526,nr69.png,7.0,0.0,nr42.png,6.0,0.1687506004712037,nr87.png,4.0,0.10012434184855908,nr84.png,1.0,0.0769953145522354,nr92.png,4.0,0.04017146846203586,nr113.png,7.0,0.027389637587751724,nr88.png,3.0,0.06269183714529837,nr19.png,7.0,0.05873555616040092,nr65.png,6.0,0.0,nr21.png,7.0,0.0,nr51.png,16
396,14.0,31.0,46.0,3.0,3584.0,6.0,0.04321476152734161,nr53.png,7.0,0.0541706165624423,nr8.png,7.0,0.0,nr97.png,4.0,0.042301773607749886,nr2.png,3.0,0.04412774944693333,nr7.png,3.0,0.048997018351422526,nr69.png,7.0,0.0,nr42.png,6.0,0.1687506004712037,nr87.png,4.0,0.10012434184855908,nr84.png,1.0,0.0769953145522354,nr92.png,4.0,0.04017146846203586,nr113.png,7.0,0.027389637587751724,nr88.png,3.0,0.06269183714529837,nr19.png,7.0,0.05873555616040092,nr65.png,6.0,0.0,nr21.png,7.0,0.0,nr51.png,16
397,14.0,31.0,47.0,7.0,4659.0,6.0,0.04321476152734161,nr53.png,7.0,0.0541706165624423,nr8.png,7.0,0.0,nr97.png,4.0,0.042301773607749886,nr2.png,3.0,0.04412774944693333,nr7.png,3.0,0.048997018351422526,nr69.png,7.0,0.0,nr42.png,6.0,0.1687506004712037,nr87.png,4.0,0.10012434184855908,nr84.png,1.0,0.0769953145522354,nr92.png,4.0,0.04017146846203586,nr113.png,7.0,0.027389637587751724,nr88.png,3.0,0.06269183714529837,nr19.png,7.0,0.05873555616040092,nr65.png,6.0,0.0,nr21.png,7.0,0.0,nr51.png,16
398,14.0,31.0,48.0,7.0,3545.0,6.0,0.04321476152734161,nr53.png,7.0,0.0541706165624423,nr8.png,7.0,0.0,nr97.png,4.0,0.042301773607749886,nr2.png,3.0,0.04412774944693333,nr7.png,3.0,0.048997018351422526,nr69.png,7.0,0.0,nr42.png,6.0,0.1687506004712037,nr87.png,4.0,0.10012434184855908,nr84.png,1.0,0.0769953145522354,nr92.png,4.0,0.04017146846203586,nr113.png,7.0,0.027389637587751724,nr88.png,3.0,0.06269183714529837,nr19.png,7.0,0.05873555616040092,nr65.png,6.0,0.0,nr21.png,7.0,0.0,nr51.png,16
399,14.0,31.0,49.0,6.0,4665.0,6.0,0.04321476152734161,nr53.png,7.0,0.0541706165624423,nr8.png,7.0,0.0,nr97.png,4.0,0.042301773607749886,nr2.png,3.0,0.04412774944693333,nr7.png,3.0,0.048997018351422526,nr69.png,7.0,0.0,nr42.png,6.0,0.1687506004712037,nr87.png,4.0,0.10012434184855908,nr84.png,1.0,0.0769953145522354,nr92.png,4.0,0.04017146846203586,nr113.png,7.0,0.027389637587751724,nr88.png,3.0,0.06269183714529837,nr19.png,7.0,0.05873555616040092,nr65.png,6.0,0.0,nr21.png,7.0,0.0,nr51.png,16
400,14.0,35.0,0.0,4.0,4660.0,5.0,0.0,nr80.png,7.0,0.08461917126378629,nr91.png,5.0,0.01740737237426461,nr125.png,7.0,0.06624472264650698,nr89.png,7.0,0.06285995579595552,nr45.png,7.0,0.0,nr79.png,7.0,0.0865533237498157,nr63.png,4.0,0.0,nr2.png,3.0,0.0,nr19.png,7.0,0.01498968176672786,nr10.png,5.0,0.0962240861799627,nr14.png,5.0,0.0,nr76.png,2.0,0.07833317568419074,nr50.png,7.0,0.07639902319816133,nr39.png,3.0,0.06382703203897024,nr1.png,3.0,0.0,nr90.png,16
401,14.0,35.0,1.0,1.0,6526.0,5.0,0.0,nr80.png,7.0,0.08461917126378629,nr91.png,5.0,0.01740737237426461,nr125.png,7.0,0.06624472264650698,nr89.png,7.0,0.06285995579595552,nr45.png,7.0,0.0,nr79.png,7.0,0.0865533237498157,nr63.png,4.0,0.0,nr2.png,3.0,0.0,nr19.png,7.0,0.01498968176672786,nr10.png,5.0,0.0962240861799627,nr14.png,5.0,0.0,nr76.png,2.0,0.07833317568419074,nr50.png,7.0,0.07639902319816133,nr39.png,3.0,0.06382703203897024,nr1.png,3.0,0.0,nr90.png,16
402,14.0,35.0,2.0,9.0,4213.0,5.0,0.0,nr80.png,7.0,0.08461917126378629,nr91.png,5.0,0.01740737237426461,nr125.png,7.0,0.06624472264650698,nr89.png,7.0,0.06285995579595552,nr45.png,7.0,0.0,nr79.png,7.0,0.0865533237498157,nr63.png,4.0,0.0,nr2.png,3.0,0.0,nr19.png,7.0,0.01498968176672786,nr10.png,5.0,0.0962240861799627,nr14.png,5.0,0.0,nr76.png,2.0,0.07833317568419074,nr50.png,7.0,0.07639902319816133,nr39.png,3.0,0.06382703203897024,nr1.png,3.0,0.0,nr90.png,16
403,14.0,35.0,3.0,4.0,3974.0,5.0,0.0,nr80.png,7.0,0.08461917126378629,nr91.png,5.0,0.01740737237426461,nr125.png,7.0,0.06624472264650698,nr89.png,7.0,0.06285995579595552,nr45.png,7.0,0.0,nr79.png,7.0,0.0865533237498157,nr63.png,4.0,0.0,nr2.png,3.0,0.0,nr19.png,7.0,0.01498968176672786,nr10.png,5.0,0.0962240861799627,nr14.png,5.0,0.0,nr76.png,2.0,0.07833317568419074,nr50.png,7.0,0.07639902319816133,nr39.png,3.0,0.06382703203897024,nr1.png,3.0,0.0,nr90.png,16
404,14.0,35.0,4.0,4.0,4134.0,5.0,0.0,nr80.png,7.0,0.08461917126378629,nr91.png,5.0,0.01740737237426461,nr125.png,7.0,0.06624472264650698,nr89.png,7.0,0.06285995579595552,nr45.png,7.0,0.0,nr79.png,7.0,0.0865533237498157,nr63.png,4.0,0.0,nr2.png,3.0,0.0,nr19.png,7.0,0.01498968176672786,nr10.png,5.0,0.0962240861799627,nr14.png,5.0,0.0,nr76.png,2.0,0.07833317568419074,nr50.png,7.0,0.07639902319816133,nr39.png,3.0,0.06382703203897024,nr1.png,3.0,0.0,nr90.png,16
405,14.0,35.0,5.0,4.0,5609.0,5.0,0.0,nr80.png,7.0,0.08461917126378629,nr91.png,5.0,0.01740737237426461,nr125.png,7.0,0.06624472264650698,nr89.png,7.0,0.06285995579595552,nr45.png,7.0,0.0,nr79.png,7.0,0.0865533237498157,nr63.png,4.0,0.0,nr2.png,3.0,0.0,nr19.png,7.0,0.01498968176672786,nr10.png,5.0,0.0962240861799627,nr14.png,5.0,0.0,nr76.png,2.0,0.07833317568419074,nr50.png,7.0,0.07639902319816133,nr39.png,3.0,0.06382703203897024,nr1.png,3.0,0.0,nr90.png,16
406,14.0,35.0,6.0,4.0,5911.0,5.0,0.0,nr80.png,7.0,0.08461917126378629,nr91.png,5.0,0.01740737237426461,nr125.png,7.0,0.06624472264650698,nr89.png,7.0,0.06285995579595552,nr45.png,7.0,0.0,nr79.png,7.0,0.0865533237498157,nr63.png,4.0,0.0,nr2.png,3.0,0.0,nr19.png,7.0,0.01498968176672786,nr10.png,5.0,0.0962240861799627,nr14.png,5.0,0.0,nr76.png,2.0,0.07833317568419074,nr50.png,7.0,0.07639902319816133,nr39.png,3.0,0.06382703203897024,nr1.png,3.0,0.0,nr90.png,16
407,14.0,35.0,7.0,4.0,3737.0,5.0,0.0,nr80.png,7.0,0.08461917126378629,nr91.png,5.0,0.01740737237426461,nr125.png,7.0,0.06624472264650698,nr89.png,7.0,0.06285995579595552,nr45.png,7.0,0.0,nr79.png,7.0,0.0865533237498157,nr63.png,4.0,0.0,nr2.png,3.0,0.0,nr19.png,7.0,0.01498968176672786,nr10.png,5.0,0.0962240861799627,nr14.png,5.0,0.0,nr76.png,2.0,0.07833317568419074,nr50.png,7.0,0.07639902319816133,nr39.png,3.0,0.06382703203897024,nr1.png,3.0,0.0,nr90.png,16
408,14.0,35.0,8.0,3.0,5304.0,5.0,0.0,nr80.png,7.0,0.08461917126378629,nr91.png,5.0,0.01740737237426461,nr125.png,7.0,0.06624472264650698,nr89.png,7.0,0.06285995579595552,nr45.png,7.0,0.0,nr79.png,7.0,0.0865533237498157,nr63.png,4.0,0.0,nr2.png,3.0,0.0,nr19.png,7.0,0.01498968176672786,nr10.png,5.0,0.0962240861799627,nr14.png,5.0,0.0,nr76.png,2.0,0.07833317568419074,nr50.png,7.0,0.07639902319816133,nr39.png,3.0,0.06382703203897024,nr1.png,3.0,0.0,nr90.png,16
409,14.0,35.0,9.0,6.0,3154.0,5.0,0.0,nr80.png,7.0,0.08461917126378629,nr91.png,5.0,0.01740737237426461,nr125.png,7.0,0.06624472264650698,nr89.png,7.0,0.06285995579595552,nr45.png,7.0,0.0,nr79.png,7.0,0.0865533237498157,nr63.png,4.0,0.0,nr2.png,3.0,0.0,nr19.png,7.0,0.01498968176672786,nr10.png,5.0,0.0962240861799627,nr14.png,5.0,0.0,nr76.png,2.0,0.07833317568419074,nr50.png,7.0,0.07639902319816133,nr39.png,3.0,0.06382703203897024,nr1.png,3.0,0.0,nr90.png,16
410,14.0,35.0,10.0,4.0,4113.0,5.0,0.0,nr80.png,7.0,0.08461917126378629,nr91.png,5.0,0.01740737237426461,nr125.png,7.0,0.06624472264650698,nr89.png,7.0,0.06285995579595552,nr45.png,7.0,0.0,nr79.png,7.0,0.0865533237498157,nr63.png,4.0,0.0,nr2.png,3.0,0.0,nr19.png,7.0,0.01498968176672786,nr10.png,5.0,0.0962240861799627,nr14.png,5.0,0.0,nr76.png,2.0,0.07833317568419074,nr50.png,7.0,0.07639902319816133,nr39.png,3.0,0.06382703203897024,nr1.png,3.0,0.0,nr90.png,16
411,14.0,35.0,11.0,3.0,4260.0,5.0,0.0,nr80.png,7.0,0.08461917126378629,nr91.png,5.0,0.01740737237426461,nr125.png,7.0,0.06624472264650698,nr89.png,7.0,0.06285995579595552,nr45.png,7.0,0.0,nr79.png,7.0,0.0865533237498157,nr63.png,4.0,0.0,nr2.png,3.0,0.0,nr19.png,7.0,0.01498968176672786,nr10.png,5.0,0.0962240861799627,nr14.png,5.0,0.0,nr76.png,2.0,0.07833317568419074,nr50.png,7.0,0.07639902319816133,nr39.png,3.0,0.06382703203897024,nr1.png,3.0,0.0,nr90.png,16
412,14.0,35.0,12.0,3.0,3878.0,5.0,0.0,nr80.png,7.0,0.08461917126378629,nr91.png,5.0,0.01740737237426461,nr125.png,7.0,0.06624472264650698,nr89.png,7.0,0.06285995579595552,nr45.png,7.0,0.0,nr79.png,7.0,0.0865533237498157,nr63.png,4.0,0.0,nr2.png,3.0,0.0,nr19.png,7.0,0.01498968176672786,nr10.png,5.0,0.0962240861799627,nr14.png,5.0,0.0,nr76.png,2.0,0.07833317568419074,nr50.png,7.0,0.07639902319816133,nr39.png,3.0,0.06382703203897024,nr1.png,3.0,0.0,nr90.png,16
413,14.0,35.0,13.0,1.0,2642.0,5.0,0.0,nr80.png,7.0,0.08461917126378629,nr91.png,5.0,0.01740737237426461,nr125.png,7.0,0.06624472264650698,nr89.png,7.0,0.06285995579595552,nr45.png,7.0,0.0,nr79.png,7.0,0.0865533237498157,nr63.png,4.0,0.0,nr2.png,3.0,0.0,nr19.png,7.0,0.01498968176672786,nr10.png,5.0,0.0962240861799627,nr14.png,5.0,0.0,nr76.png,2.0,0.07833317568419074,nr50.png,7.0,0.07639902319816133,nr39.png,3.0,0.06382703203897024,nr1.png,3.0,0.0,nr90.png,16
414,14.0,35.0,14.0,6.0,3234.0,5.0,0.0,nr80.png,7.0,0.08461917126378629,nr91.png,5.0,0.01740737237426461,nr125.png,7.0,0.06624472264650698,nr89.png,7.0,0.06285995579595552,nr45.png,7.0,0.0,nr79.png,7.0,0.0865533237498157,nr63.png,4.0,0.0,nr2.png,3.0,0.0,nr19.png,7.0,0.01498968176672786,nr10.png,5.0,0.0962240861799627,nr14.png,5.0,0.0,nr76.png,2.0,0.07833317568419074,nr50.png,7.0,0.07639902319816133,nr39.png,3.0,0.06382703203897024,nr1.png,3.0,0.0,nr90.png,16
415,14.0,35.0,15.0,13.0,3563.0,5.0,0.0,nr80.png,7.0,0.08461917126378629,nr91.png,5.0,0.01740737237426461,nr125.png,7.0,0.06624472264650698,nr89.png,7.0,0.06285995579595552,nr45.png,7.0,0.0,nr79.png,7.0,0.0865533237498157,nr63.png,4.0,0.0,nr2.png,3.0,0.0,nr19.png,7.0,0.01498968176672786,nr10.png,5.0,0.0962240861799627,nr14.png,5.0,0.0,nr76.png,2.0,0.07833317568419074,nr50.png,7.0,0.07639902319816133,nr39.png,3.0,0.06382703203897024,nr1.png,3.0,0.0,nr90.png,16
416,14.0,35.0,16.0,4.0,4226.0,5.0,0.0,nr80.png,7.0,0.08461917126378629,nr91.png,5.0,0.01740737237426461,nr125.png,7.0,0.06624472264650698,nr89.png,7.0,0.06285995579595552,nr45.png,7.0,0.0,nr79.png,7.0,0.0865533237498157,nr63.png,4.0,0.0,nr2.png,3.0,0.0,nr19.png,7.0,0.01498968176672786,nr10.png,5.0,0.0962240861799627,nr14.png,5.0,0.0,nr76.png,2.0,0.07833317568419074,nr50.png,7.0,0.07639902319816133,nr39.png,3.0,0.06382703203897024,nr1.png,3.0,0.0,nr90.png,16
417,14.0,35.0,17.0,8.0,6731.0,5.0,0.0,nr80.png,7.0,0.08461917126378629,nr91.png,5.0,0.01740737237426461,nr125.png,7.0,0.06624472264650698,nr89.png,7.0,0.06285995579595552,nr45.png,7.0,0.0,nr79.png,7.0,0.0865533237498157,nr63.png,4.0,0.0,nr2.png,3.0,0.0,nr19.png,7.0,0.01498968176672786,nr10.png,5.0,0.0962240861799627,nr14.png,5.0,0.0,nr76.png,2.0,0.07833317568419074,nr50.png,7.0,0.07639902319816133,nr39.png,3.0,0.06382703203897024,nr1.png,3.0,0.0,nr90.png,16
418,14.0,35.0,18.0,5.0,4817.0,5.0,0.0,nr80.png,7.0,0.08461917126378629,nr91.png,5.0,0.01740737237426461,nr125.png,7.0,0.06624472264650698,nr89.png,7.0,0.06285995579595552,nr45.png,7.0,0.0,nr79.png,7.0,0.0865533237498157,nr63.png,4.0,0.0,nr2.png,3.0,0.0,nr19.png,7.0,0.01498968176672786,nr10.png,5.0,0.0962240861799627,nr14.png,5.0,0.0,nr76.png,2.0,0.07833317568419074,nr50.png,7.0,0.07639902319816133,nr39.png,3.0,0.06382703203897024,nr1.png,3.0,0.0,nr90.png,16
419,14.0,35.0,19.0,1.0,3539.0,5.0,0.0,nr80.png,7.0,0.08461917126378629,nr91.png,5.0,0.01740737237426461,nr125.png,7.0,0.06624472264650698,nr89.png,7.0,0.06285995579595552,nr45.png,7.0,0.0,nr79.png,7.0,0.0865533237498157,nr63.png,4.0,0.0,nr2.png,3.0,0.0,nr19.png,7.0,0.01498968176672786,nr10.png,5.0,0.0962240861799627,nr14.png,5.0,0.0,nr76.png,2.0,0.07833317568419074,nr50.png,7.0,0.07639902319816133,nr39.png,3.0,0.06382703203897024,nr1.png,3.0,0.0,nr90.png,16
420,14.0,35.0,20.0,4.0,3677.0,5.0,0.0,nr80.png,7.0,0.08461917126378629,nr91.png,5.0,0.01740737237426461,nr125.png,7.0,0.06624472264650698,nr89.png,7.0,0.06285995579595552,nr45.png,7.0,0.0,nr79.png,7.0,0.0865533237498157,nr63.png,4.0,0.0,nr2.png,3.0,0.0,nr19.png,7.0,0.01498968176672786,nr10.png,5.0,0.0962240861799627,nr14.png,5.0,0.0,nr76.png,2.0,0.07833317568419074,nr50.png,7.0,0.07639902319816133,nr39.png,3.0,0.06382703203897024,nr1.png,3.0,0.0,nr90.png,16
421,14.0,35.0,21.0,9.0,5294.0,5.0,0.0,nr80.png,7.0,0.08461917126378629,nr91.png,5.0,0.01740737237426461,nr125.png,7.0,0.06624472264650698,nr89.png,7.0,0.06285995579595552,nr45.png,7.0,0.0,nr79.png,7.0,0.0865533237498157,nr63.png,4.0,0.0,nr2.png,3.0,0.0,nr19.png,7.0,0.01498968176672786,nr10.png,5.0,0.0962240861799627,nr14.png,5.0,0.0,nr76.png,2.0,0.07833317568419074,nr50.png,7.0,0.07639902319816133,nr39.png,3.0,0.06382703203897024,nr1.png,3.0,0.0,nr90.png,16
422,14.0,35.0,22.0,9.0,6483.0,5.0,0.0,nr80.png,7.0,0.08461917126378629,nr91.png,5.0,0.01740737237426461,nr125.png,7.0,0.06624472264650698,nr89.png,7.0,0.06285995579595552,nr45.png,7.0,0.0,nr79.png,7.0,0.0865533237498157,nr63.png,4.0,0.0,nr2.png,3.0,0.0,nr19.png,7.0,0.01498968176672786,nr10.png,5.0,0.0962240861799627,nr14.png,5.0,0.0,nr76.png,2.0,0.07833317568419074,nr50.png,7.0,0.07639902319816133,nr39.png,3.0,0.06382703203897024,nr1.png,3.0,0.0,nr90.png,16
423,14.0,35.0,23.0,6.0,3958.0,5.0,0.0,nr80.png,7.0,0.08461917126378629,nr91.png,5.0,0.01740737237426461,nr125.png,7.0,0.06624472264650698,nr89.png,7.0,0.06285995579595552,nr45.png,7.0,0.0,nr79.png,7.0,0.0865533237498157,nr63.png,4.0,0.0,nr2.png,3.0,0.0,nr19.png,7.0,0.01498968176672786,nr10.png,5.0,0.0962240861799627,nr14.png,5.0,0.0,nr76.png,2.0,0.07833317568419074,nr50.png,7.0,0.07639902319816133,nr39.png,3.0,0.06382703203897024,nr1.png,3.0,0.0,nr90.png,16
424,14.0,35.0,24.0,6.0,4393.0,5.0,0.0,nr80.png,7.0,0.08461917126378629,nr91.png,5.0,0.01740737237426461,nr125.png,7.0,0.06624472264650698,nr89.png,7.0,0.06285995579595552,nr45.png,7.0,0.0,nr79.png,7.0,0.0865533237498157,nr63.png,4.0,0.0,nr2.png,3.0,0.0,nr19.png,7.0,0.01498968176672786,nr10.png,5.0,0.0962240861799627,nr14.png,5.0,0.0,nr76.png,2.0,0.07833317568419074,nr50.png,7.0,0.07639902319816133,nr39.png,3.0,0.06382703203897024,nr1.png,3.0,0.0,nr90.png,16
425,14.0,35.0,25.0,3.0,5063.0,5.0,0.0,nr80.png,7.0,0.08461917126378629,nr91.png,5.0,0.01740737237426461,nr125.png,7.0,0.06624472264650698,nr89.png,7.0,0.06285995579595552,nr45.png,7.0,0.0,nr79.png,7.0,0.0865533237498157,nr63.png,4.0,0.0,nr2.png,3.0,0.0,nr19.png,7.0,0.01498968176672786,nr10.png,5.0,0.0962240861799627,nr14.png,5.0,0.0,nr76.png,2.0,0.07833317568419074,nr50.png,7.0,0.07639902319816133,nr39.png,3.0,0.06382703203897024,nr1.png,3.0,0.0,nr90.png,16
426,14.0,35.0,26.0,6.0,3419.0,5.0,0.0,nr80.png,7.0,0.08461917126378629,nr91.png,5.0,0.01740737237426461,nr125.png,7.0,0.06624472264650698,nr89.png,7.0,0.06285995579595552,nr45.png,7.0,0.0,nr79.png,7.0,0.0865533237498157,nr63.png,4.0,0.0,nr2.png,3.0,0.0,nr19.png,7.0,0.01498968176672786,nr10.png,5.0,0.0962240861799627,nr14.png,5.0,0.0,nr76.png,2.0,0.07833317568419074,nr50.png,7.0,0.07639902319816133,nr39.png,3.0,0.06382703203897024,nr1.png,3.0,0.0,nr90.png,16
427,14.0,35.0,27.0,7.0,4839.0,5.0,0.0,nr80.png,7.0,0.08461917126378629,nr91.png,5.0,0.01740737237426461,nr125.png,7.0,0.06624472264650698,nr89.png,7.0,0.06285995579595552,nr45.png,7.0,0.0,nr79.png,7.0,0.0865533237498157,nr63.png,4.0,0.0,nr2.png,3.0,0.0,nr19.png,7.0,0.01498968176672786,nr10.png,5.0,0.0962240861799627,nr14.png,5.0,0.0,nr76.png,2.0,0.07833317568419074,nr50.png,7.0,0.07639902319816133,nr39.png,3.0,0.06382703203897024,nr1.png,3.0,0.0,nr90.png,16
428,14.0,35.0,28.0,13.0,7145.0,5.0,0.0,nr80.png,7.0,0.08461917126378629,nr91.png,5.0,0.01740737237426461,nr125.png,7.0,0.06624472264650698,nr89.png,7.0,0.06285995579595552,nr45.png,7.0,0.0,nr79.png,7.0,0.0865533237498157,nr63.png,4.0,0.0,nr2.png,3.0,0.0,nr19.png,7.0,0.01498968176672786,nr10.png,5.0,0.0962240861799627,nr14.png,5.0,0.0,nr76.png,2.0,0.07833317568419074,nr50.png,7.0,0.07639902319816133,nr39.png,3.0,0.06382703203897024,nr1.png,3.0,0.0,nr90.png,16
429,14.0,35.0,29.0,9.0,4643.0,5.0,0.0,nr80.png,7.0,0.08461917126378629,nr91.png,5.0,0.01740737237426461,nr125.png,7.0,0.06624472264650698,nr89.png,7.0,0.06285995579595552,nr45.png,7.0,0.0,nr79.png,7.0,0.0865533237498157,nr63.png,4.0,0.0,nr2.png,3.0,0.0,nr19.png,7.0,0.01498968176672786,nr10.png,5.0,0.0962240861799627,nr14.png,5.0,0.0,nr76.png,2.0,0.07833317568419074,nr50.png,7.0,0.07639902319816133,nr39.png,3.0,0.06382703203897024,nr1.png,3.0,0.0,nr90.png,16
430,14.0,35.0,30.0,5.0,4503.0,5.0,0.0,nr80.png,7.0,0.08461917126378629,nr91.png,5.0,0.01740737237426461,nr125.png,7.0,0.06624472264650698,nr89.png,7.0,0.06285995579595552,nr45.png,7.0,0.0,nr79.png,7.0,0.0865533237498157,nr63.png,4.0,0.0,nr2.png,3.0,0.0,nr19.png,7.0,0.01498968176672786,nr10.png,5.0,0.0962240861799627,nr14.png,5.0,0.0,nr76.png,2.0,0.07833317568419074,nr50.png,7.0,0.07639902319816133,nr39.png,3.0,0.06382703203897024,nr1.png,3.0,0.0,nr90.png,16
431,14.0,35.0,31.0,13.0,3261.0,5.0,0.0,nr80.png,7.0,0.08461917126378629,nr91.png,5.0,0.01740737237426461,nr125.png,7.0,0.06624472264650698,nr89.png,7.0,0.06285995579595552,nr45.png,7.0,0.0,nr79.png,7.0,0.0865533237498157,nr63.png,4.0,0.0,nr2.png,3.0,0.0,nr19.png,7.0,0.01498968176672786,nr10.png,5.0,0.0962240861799627,nr14.png,5.0,0.0,nr76.png,2.0,0.07833317568419074,nr50.png,7.0,0.07639902319816133,nr39.png,3.0,0.06382703203897024,nr1.png,3.0,0.0,nr90.png,16
432,14.0,35.0,32.0,10.0,5713.0,5.0,0.0,nr80.png,7.0,0.08461917126378629,nr91.png,5.0,0.01740737237426461,nr125.png,7.0,0.06624472264650698,nr89.png,7.0,0.06285995579595552,nr45.png,7.0,0.0,nr79.png,7.0,0.0865533237498157,nr63.png,4.0,0.0,nr2.png,3.0,0.0,nr19.png,7.0,0.01498968176672786,nr10.png,5.0,0.0962240861799627,nr14.png,5.0,0.0,nr76.png,2.0,0.07833317568419074,nr50.png,7.0,0.07639902319816133,nr39.png,3.0,0.06382703203897024,nr1.png,3.0,0.0,nr90.png,16
433,14.0,35.0,33.0,9.0,4744.0,5.0,0.0,nr80.png,7.0,0.08461917126378629,nr91.png,5.0,0.01740737237426461,nr125.png,7.0,0.06624472264650698,nr89.png,7.0,0.06285995579595552,nr45.png,7.0,0.0,nr79.png,7.0,0.0865533237498157,nr63.png,4.0,0.0,nr2.png,3.0,0.0,nr19.png,7.0,0.01498968176672786,nr10.png,5.0,0.0962240861799627,nr14.png,5.0,0.0,nr76.png,2.0,0.07833317568419074,nr50.png,7.0,0.07639902319816133,nr39.png,3.0,0.06382703203897024,nr1.png,3.0,0.0,nr90.png,16
434,14.0,35.0,34.0,10.0,3516.0,5.0,0.0,nr80.png,7.0,0.08461917126378629,nr91.png,5.0,0.01740737237426461,nr125.png,7.0,0.06624472264650698,nr89.png,7.0,0.06285995579595552,nr45.png,7.0,0.0,nr79.png,7.0,0.0865533237498157,nr63.png,4.0,0.0,nr2.png,3.0,0.0,nr19.png,7.0,0.01498968176672786,nr10.png,5.0,0.0962240861799627,nr14.png,5.0,0.0,nr76.png,2.0,0.07833317568419074,nr50.png,7.0,0.07639902319816133,nr39.png,3.0,0.06382703203897024,nr1.png,3.0,0.0,nr90.png,16
435,14.0,35.0,35.0,5.0,4232.0,5.0,0.0,nr80.png,7.0,0.08461917126378629,nr91.png,5.0,0.01740737237426461,nr125.png,7.0,0.06624472264650698,nr89.png,7.0,0.06285995579595552,nr45.png,7.0,0.0,nr79.png,7.0,0.0865533237498157,nr63.png,4.0,0.0,nr2.png,3.0,0.0,nr19.png,7.0,0.01498968176672786,nr10.png,5.0,0.0962240861799627,nr14.png,5.0,0.0,nr76.png,2.0,0.07833317568419074,nr50.png,7.0,0.07639902319816133,nr39.png,3.0,0.06382703203897024,nr1.png,3.0,0.0,nr90.png,16
436,14.0,35.0,36.0,3.0,4789.0,5.0,0.0,nr80.png,7.0,0.08461917126378629,nr91.png,5.0,0.01740737237426461,nr125.png,7.0,0.06624472264650698,nr89.png,7.0,0.06285995579595552,nr45.png,7.0,0.0,nr79.png,7.0,0.0865533237498157,nr63.png,4.0,0.0,nr2.png,3.0,0.0,nr19.png,7.0,0.01498968176672786,nr10.png,5.0,0.0962240861799627,nr14.png,5.0,0.0,nr76.png,2.0,0.07833317568419074,nr50.png,7.0,0.07639902319816133,nr39.png,3.0,0.06382703203897024,nr1.png,3.0,0.0,nr90.png,16
437,14.0,35.0,37.0,5.0,3897.0,5.0,0.0,nr80.png,7.0,0.08461917126378629,nr91.png,5.0,0.01740737237426461,nr125.png,7.0,0.06624472264650698,nr89.png,7.0,0.06285995579595552,nr45.png,7.0,0.0,nr79.png,7.0,0.0865533237498157,nr63.png,4.0,0.0,nr2.png,3.0,0.0,nr19.png,7.0,0.01498968176672786,nr10.png,5.0,0.0962240861799627,nr14.png,5.0,0.0,nr76.png,2.0,0.07833317568419074,nr50.png,7.0,0.07639902319816133,nr39.png,3.0,0.06382703203897024,nr1.png,3.0,0.0,nr90.png,16
438,14.0,35.0,38.0,13.0,3393.0,5.0,0.0,nr80.png,7.0,0.08461917126378629,nr91.png,5.0,0.01740737237426461,nr125.png,7.0,0.06624472264650698,nr89.png,7.0,0.06285995579595552,nr45.png,7.0,0.0,nr79.png,7.0,0.0865533237498157,nr63.png,4.0,0.0,nr2.png,3.0,0.0,nr19.png,7.0,0.01498968176672786,nr10.png,5.0,0.0962240861799627,nr14.png,5.0,0.0,nr76.png,2.0,0.07833317568419074,nr50.png,7.0,0.07639902319816133,nr39.png,3.0,0.06382703203897024,nr1.png,3.0,0.0,nr90.png,16
439,14.0,35.0,39.0,4.0,3172.0,5.0,0.0,nr80.png,7.0,0.08461917126378629,nr91.png,5.0,0.01740737237426461,nr125.png,7.0,0.06624472264650698,nr89.png,7.0,0.06285995579595552,nr45.png,7.0,0.0,nr79.png,7.0,0.0865533237498157,nr63.png,4.0,0.0,nr2.png,3.0,0.0,nr19.png,7.0,0.01498968176672786,nr10.png,5.0,0.0962240861799627,nr14.png,5.0,0.0,nr76.png,2.0,0.07833317568419074,nr50.png,7.0,0.07639902319816133,nr39.png,3.0,0.06382703203897024,nr1.png,3.0,0.0,nr90.png,16
440,14.0,35.0,40.0,4.0,3715.0,5.0,0.0,nr80.png,7.0,0.08461917126378629,nr91.png,5.0,0.01740737237426461,nr125.png,7.0,0.06624472264650698,nr89.png,7.0,0.06285995579595552,nr45.png,7.0,0.0,nr79.png,7.0,0.0865533237498157,nr63.png,4.0,0.0,nr2.png,3.0,0.0,nr19.png,7.0,0.01498968176672786,nr10.png,5.0,0.0962240861799627,nr14.png,5.0,0.0,nr76.png,2.0,0.07833317568419074,nr50.png,7.0,0.07639902319816133,nr39.png,3.0,0.06382703203897024,nr1.png,3.0,0.0,nr90.png,16
441,14.0,35.0,41.0,4.0,5075.0,5.0,0.0,nr80.png,7.0,0.08461917126378629,nr91.png,5.0,0.01740737237426461,nr125.png,7.0,0.06624472264650698,nr89.png,7.0,0.06285995579595552,nr45.png,7.0,0.0,nr79.png,7.0,0.0865533237498157,nr63.png,4.0,0.0,nr2.png,3.0,0.0,nr19.png,7.0,0.01498968176672786,nr10.png,5.0,0.0962240861799627,nr14.png,5.0,0.0,nr76.png,2.0,0.07833317568419074,nr50.png,7.0,0.07639902319816133,nr39.png,3.0,0.06382703203897024,nr1.png,3.0,0.0,nr90.png,16
442,14.0,35.0,42.0,6.0,3664.0,5.0,0.0,nr80.png,7.0,0.08461917126378629,nr91.png,5.0,0.01740737237426461,nr125.png,7.0,0.06624472264650698,nr89.png,7.0,0.06285995579595552,nr45.png,7.0,0.0,nr79.png,7.0,0.0865533237498157,nr63.png,4.0,0.0,nr2.png,3.0,0.0,nr19.png,7.0,0.01498968176672786,nr10.png,5.0,0.0962240861799627,nr14.png,5.0,0.0,nr76.png,2.0,0.07833317568419074,nr50.png,7.0,0.07639902319816133,nr39.png,3.0,0.06382703203897024,nr1.png,3.0,0.0,nr90.png,16
443,14.0,35.0,43.0,3.0,4619.0,5.0,0.0,nr80.png,7.0,0.08461917126378629,nr91.png,5.0,0.01740737237426461,nr125.png,7.0,0.06624472264650698,nr89.png,7.0,0.06285995579595552,nr45.png,7.0,0.0,nr79.png,7.0,0.0865533237498157,nr63.png,4.0,0.0,nr2.png,3.0,0.0,nr19.png,7.0,0.01498968176672786,nr10.png,5.0,0.0962240861799627,nr14.png,5.0,0.0,nr76.png,2.0,0.07833317568419074,nr50.png,7.0,0.07639902319816133,nr39.png,3.0,0.06382703203897024,nr1.png,3.0,0.0,nr90.png,16
444,14.0,35.0,44.0,3.0,5495.0,5.0,0.0,nr80.png,7.0,0.08461917126378629,nr91.png,5.0,0.01740737237426461,nr125.png,7.0,0.06624472264650698,nr89.png,7.0,0.06285995579595552,nr45.png,7.0,0.0,nr79.png,7.0,0.0865533237498157,nr63.png,4.0,0.0,nr2.png,3.0,0.0,nr19.png,7.0,0.01498968176672786,nr10.png,5.0,0.0962240861799627,nr14.png,5.0,0.0,nr76.png,2.0,0.07833317568419074,nr50.png,7.0,0.07639902319816133,nr39.png,3.0,0.06382703203897024,nr1.png,3.0,0.0,nr90.png,16
445,14.0,35.0,45.0,6.0,4003.0,5.0,0.0,nr80.png,7.0,0.08461917126378629,nr91.png,5.0,0.01740737237426461,nr125.png,7.0,0.06624472264650698,nr89.png,7.0,0.06285995579595552,nr45.png,7.0,0.0,nr79.png,7.0,0.0865533237498157,nr63.png,4.0,0.0,nr2.png,3.0,0.0,nr19.png,7.0,0.01498968176672786,nr10.png,5.0,0.0962240861799627,nr14.png,5.0,0.0,nr76.png,2.0,0.07833317568419074,nr50.png,7.0,0.07639902319816133,nr39.png,3.0,0.06382703203897024,nr1.png,3.0,0.0,nr90.png,16
446,14.0,35.0,46.0,6.0,4626.0,5.0,0.0,nr80.png,7.0,0.08461917126378629,nr91.png,5.0,0.01740737237426461,nr125.png,7.0,0.06624472264650698,nr89.png,7.0,0.06285995579595552,nr45.png,7.0,0.0,nr79.png,7.0,0.0865533237498157,nr63.png,4.0,0.0,nr2.png,3.0,0.0,nr19.png,7.0,0.01498968176672786,nr10.png,5.0,0.0962240861799627,nr14.png,5.0,0.0,nr76.png,2.0,0.07833317568419074,nr50.png,7.0,0.07639902319816133,nr39.png,3.0,0.06382703203897024,nr1.png,3.0,0.0,nr90.png,16
447,14.0,35.0,47.0,6.0,4418.0,5.0,0.0,nr80.png,7.0,0.08461917126378629,nr91.png,5.0,0.01740737237426461,nr125.png,7.0,0.06624472264650698,nr89.png,7.0,0.06285995579595552,nr45.png,7.0,0.0,nr79.png,7.0,0.0865533237498157,nr63.png,4.0,0.0,nr2.png,3.0,0.0,nr19.png,7.0,0.01498968176672786,nr10.png,5.0,0.0962240861799627,nr14.png,5.0,0.0,nr76.png,2.0,0.07833317568419074,nr50.png,7.0,0.07639902319816133,nr39.png,3.0,0.06382703203897024,nr1.png,3.0,0.0,nr90.png,16
448,14.0,35.0,48.0,1.0,3172.0,5.0,0.0,nr80.png,7.0,0.08461917126378629,nr91.png,5.0,0.01740737237426461,nr125.png,7.0,0.06624472264650698,nr89.png,7.0,0.06285995579595552,nr45.png,7.0,0.0,nr79.png,7.0,0.0865533237498157,nr63.png,4.0,0.0,nr2.png,3.0,0.0,nr19.png,7.0,0.01498968176672786,nr10.png,5.0,0.0962240861799627,nr14.png,5.0,0.0,nr76.png,2.0,0.07833317568419074,nr50.png,7.0,0.07639902319816133,nr39.png,3.0,0.06382703203897024,nr1.png,3.0,0.0,nr90.png,16
449,14.0,35.0,49.0,3.0,4990.0,5.0,0.0,nr80.png,7.0,0.08461917126378629,nr91.png,5.0,0.01740737237426461,nr125.png,7.0,0.06624472264650698,nr89.png,7.0,0.06285995579595552,nr45.png,7.0,0.0,nr79.png,7.0,0.0865533237498157,nr63.png,4.0,0.0,nr2.png,3.0,0.0,nr19.png,7.0,0.01498968176672786,nr10.png,5.0,0.0962240861799627,nr14.png,5.0,0.0,nr76.png,2.0,0.07833317568419074,nr50.png,7.0,0.07639902319816133,nr39.png,3.0,0.06382703203897024,nr1.png,3.0,0.0,nr90.png,16
450,14.0,41.0,0.0,5.0,6090.0,5.0,0.0,nr114.png,6.0,0.057721510990123986,nr21.png,4.0,0.0672199874821697,nr112.png,1.0,0.04201249217635607,nr92.png,7.0,0.0,nr57.png,7.0,0.15416757998628053,nr8.png,3.0,0.0474923824602286,nr93.png,5.0,0.0,nr14.png,7.0,0.0,nr107.png,7.0,0.0423778181952809,nr62.png,6.0,0.0,nr83.png,3.0,0.0,nr19.png,1.0,0.0,nr120.png,7.0,0.0971767210340062,nr79.png,7.0,0.07087324767141806,nr39.png,5.0,0.052241620706251456,nr11.png,16
451,14.0,41.0,1.0,5.0,5895.0,5.0,0.0,nr114.png,6.0,0.057721510990123986,nr21.png,4.0,0.0672199874821697,nr112.png,1.0,0.04201249217635607,nr92.png,7.0,0.0,nr57.png,7.0,0.15416757998628053,nr8.png,3.0,0.0474923824602286,nr93.png,5.0,0.0,nr14.png,7.0,0.0,nr107.png,7.0,0.0423778181952809,nr62.png,6.0,0.0,nr83.png,3.0,0.0,nr19.png,1.0,0.0,nr120.png,7.0,0.0971767210340062,nr79.png,7.0,0.07087324767141806,nr39.png,5.0,0.052241620706251456,nr11.png,16
452,14.0,41.0,2.0,14.0,3085.0,5.0,0.0,nr114.png,6.0,0.057721510990123986,nr21.png,4.0,0.0672199874821697,nr112.png,1.0,0.04201249217635607,nr92.png,7.0,0.0,nr57.png,7.0,0.15416757998628053,nr8.png,3.0,0.0474923824602286,nr93.png,5.0,0.0,nr14.png,7.0,0.0,nr107.png,7.0,0.0423778181952809,nr62.png,6.0,0.0,nr83.png,3.0,0.0,nr19.png,1.0,0.0,nr120.png,7.0,0.0971767210340062,nr79.png,7.0,0.07087324767141806,nr39.png,5.0,0.052241620706251456,nr11.png,16
453,14.0,41.0,3.0,0.0,5794.0,5.0,0.0,nr114.png,6.0,0.057721510990123986,nr21.png,4.0,0.0672199874821697,nr112.png,1.0,0.04201249217635607,nr92.png,7.0,0.0,nr57.png,7.0,0.15416757998628053,nr8.png,3.0,0.0474923824602286,nr93.png,5.0,0.0,nr14.png,7.0,0.0,nr107.png,7.0,0.0423778181952809,nr62.png,6.0,0.0,nr83.png,3.0,0.0,nr19.png,1.0,0.0,nr120.png,7.0,0.0971767210340062,nr79.png,7.0,0.07087324767141806,nr39.png,5.0,0.052241620706251456,nr11.png,16
454,14.0,41.0,4.0,5.0,3741.0,5.0,0.0,nr114.png,6.0,0.057721510990123986,nr21.png,4.0,0.0672199874821697,nr112.png,1.0,0.04201249217635607,nr92.png,7.0,0.0,nr57.png,7.0,0.15416757998628053,nr8.png,3.0,0.0474923824602286,nr93.png,5.0,0.0,nr14.png,7.0,0.0,nr107.png,7.0,0.0423778181952809,nr62.png,6.0,0.0,nr83.png,3.0,0.0,nr19.png,1.0,0.0,nr120.png,7.0,0.0971767210340062,nr79.png,7.0,0.07087324767141806,nr39.png,5.0,0.052241620706251456,nr11.png,16
455,14.0,41.0,5.0,5.0,7152.0,5.0,0.0,nr114.png,6.0,0.057721510990123986,nr21.png,4.0,0.0672199874821697,nr112.png,1.0,0.04201249217635607,nr92.png,7.0,0.0,nr57.png,7.0,0.15416757998628053,nr8.png,3.0,0.0474923824602286,nr93.png,5.0,0.0,nr14.png,7.0,0.0,nr107.png,7.0,0.0423778181952809,nr62.png,6.0,0.0,nr83.png,3.0,0.0,nr19.png,1.0,0.0,nr120.png,7.0,0.0971767210340062,nr79.png,7.0,0.07087324767141806,nr39.png,5.0,0.052241620706251456,nr11.png,16
456,14.0,41.0,6.0,4.0,5312.0,5.0,0.0,nr114.png,6.0,0.057721510990123986,nr21.png,4.0,0.0672199874821697,nr112.png,1.0,0.04201249217635607,nr92.png,7.0,0.0,nr57.png,7.0,0.15416757998628053,nr8.png,3.0,0.0474923824602286,nr93.png,5.0,0.0,nr14.png,7.0,0.0,nr107.png,7.0,0.0423778181952809,nr62.png,6.0,0.0,nr83.png,3.0,0.0,nr19.png,1.0,0.0,nr120.png,7.0,0.0971767210340062,nr79.png,7.0,0.07087324767141806,nr39.png,5.0,0.052241620706251456,nr11.png,16
457,14.0,41.0,7.0,14.0,2869.0,5.0,0.0,nr114.png,6.0,0.057721510990123986,nr21.png,4.0,0.0672199874821697,nr112.png,1.0,0.04201249217635607,nr92.png,7.0,0.0,nr57.png,7.0,0.15416757998628053,nr8.png,3.0,0.0474923824602286,nr93.png,5.0,0.0,nr14.png,7.0,0.0,nr107.png,7.0,0.0423778181952809,nr62.png,6.0,0.0,nr83.png,3.0,0.0,nr19.png,1.0,0.0,nr120.png,7.0,0.0971767210340062,nr79.png,7.0,0.07087324767141806,nr39.png,5.0,0.052241620706251456,nr11.png,16
458,14.0,41.0,8.0,10.0,3839.0,5.0,0.0,nr114.png,6.0,0.057721510990123986,nr21.png,4.0,0.0672199874821697,nr112.png,1.0,0.04201249217635607,nr92.png,7.0,0.0,nr57.png,7.0,0.15416757998628053,nr8.png,3.0,0.0474923824602286,nr93.png,5.0,0.0,nr14.png,7.0,0.0,nr107.png,7.0,0.0423778181952809,nr62.png,6.0,0.0,nr83.png,3.0,0.0,nr19.png,1.0,0.0,nr120.png,7.0,0.0971767210340062,nr79.png,7.0,0.07087324767141806,nr39.png,5.0,0.052241620706251456,nr11.png,16
459,14.0,41.0,9.0,10.0,5035.0,5.0,0.0,nr114.png,6.0,0.057721510990123986,nr21.png,4.0,0.0672199874821697,nr112.png,1.0,0.04201249217635607,nr92.png,7.0,0.0,nr57.png,7.0,0.15416757998628053,nr8.png,3.0,0.0474923824602286,nr93.png,5.0,0.0,nr14.png,7.0,0.0,nr107.png,7.0,0.0423778181952809,nr62.png,6.0,0.0,nr83.png,3.0,0.0,nr19.png,1.0,0.0,nr120.png,7.0,0.0971767210340062,nr79.png,7.0,0.07087324767141806,nr39.png,5.0,0.052241620706251456,nr11.png,16
460,14.0,41.0,10.0,3.0,3105.0,5.0,0.0,nr114.png,6.0,0.057721510990123986,nr21.png,4.0,0.0672199874821697,nr112.png,1.0,0.04201249217635607,nr92.png,7.0,0.0,nr57.png,7.0,0.15416757998628053,nr8.png,3.0,0.0474923824602286,nr93.png,5.0,0.0,nr14.png,7.0,0.0,nr107.png,7.0,0.0423778181952809,nr62.png,6.0,0.0,nr83.png,3.0,0.0,nr19.png,1.0,0.0,nr120.png,7.0,0.0971767210340062,nr79.png,7.0,0.07087324767141806,nr39.png,5.0,0.052241620706251456,nr11.png,16
461,14.0,41.0,11.0,8.0,5633.0,5.0,0.0,nr114.png,6.0,0.057721510990123986,nr21.png,4.0,0.0672199874821697,nr112.png,1.0,0.04201249217635607,nr92.png,7.0,0.0,nr57.png,7.0,0.15416757998628053,nr8.png,3.0,0.0474923824602286,nr93.png,5.0,0.0,nr14.png,7.0,0.0,nr107.png,7.0,0.0423778181952809,nr62.png,6.0,0.0,nr83.png,3.0,0.0,nr19.png,1.0,0.0,nr120.png,7.0,0.0971767210340062,nr79.png,7.0,0.07087324767141806,nr39.png,5.0,0.052241620706251456,nr11.png,16
462,14.0,41.0,12.0,5.0,4760.0,5.0,0.0,nr114.png,6.0,0.057721510990123986,nr21.png,4.0,0.0672199874821697,nr112.png,1.0,0.04201249217635607,nr92.png,7.0,0.0,nr57.png,7.0,0.15416757998628053,nr8.png,3.0,0.0474923824602286,nr93.png,5.0,0.0,nr14.png,7.0,0.0,nr107.png,7.0,0.0423778181952809,nr62.png,6.0,0.0,nr83.png,3.0,0.0,nr19.png,1.0,0.0,nr120.png,7.0,0.0971767210340062,nr79.png,7.0,0.07087324767141806,nr39.png,5.0,0.052241620706251456,nr11.png,16
463,14.0,41.0,13.0,13.0,5216.0,5.0,0.0,nr114.png,6.0,0.057721510990123986,nr21.png,4.0,0.0672199874821697,nr112.png,1.0,0.04201249217635607,nr92.png,7.0,0.0,nr57.png,7.0,0.15416757998628053,nr8.png,3.0,0.0474923824602286,nr93.png,5.0,0.0,nr14.png,7.0,0.0,nr107.png,7.0,0.0423778181952809,nr62.png,6.0,0.0,nr83.png,3.0,0.0,nr19.png,1.0,0.0,nr120.png,7.0,0.0971767210340062,nr79.png,7.0,0.07087324767141806,nr39.png,5.0,0.052241620706251456,nr11.png,16
464,14.0,41.0,14.0,7.0,8140.0,5.0,0.0,nr114.png,6.0,0.057721510990123986,nr21.png,4.0,0.0672199874821697,nr112.png,1.0,0.04201249217635607,nr92.png,7.0,0.0,nr57.png,7.0,0.15416757998628053,nr8.png,3.0,0.0474923824602286,nr93.png,5.0,0.0,nr14.png,7.0,0.0,nr107.png,7.0,0.0423778181952809,nr62.png,6.0,0.0,nr83.png,3.0,0.0,nr19.png,1.0,0.0,nr120.png,7.0,0.0971767210340062,nr79.png,7.0,0.07087324767141806,nr39.png,5.0,0.052241620706251456,nr11.png,16
465,14.0,41.0,15.0,14.0,5947.0,5.0,0.0,nr114.png,6.0,0.057721510990123986,nr21.png,4.0,0.0672199874821697,nr112.png,1.0,0.04201249217635607,nr92.png,7.0,0.0,nr57.png,7.0,0.15416757998628053,nr8.png,3.0,0.0474923824602286,nr93.png,5.0,0.0,nr14.png,7.0,0.0,nr107.png,7.0,0.0423778181952809,nr62.png,6.0,0.0,nr83.png,3.0,0.0,nr19.png,1.0,0.0,nr120.png,7.0,0.0971767210340062,nr79.png,7.0,0.07087324767141806,nr39.png,5.0,0.052241620706251456,nr11.png,16
466,14.0,41.0,16.0,1.0,4081.0,5.0,0.0,nr114.png,6.0,0.057721510990123986,nr21.png,4.0,0.0672199874821697,nr112.png,1.0,0.04201249217635607,nr92.png,7.0,0.0,nr57.png,7.0,0.15416757998628053,nr8.png,3.0,0.0474923824602286,nr93.png,5.0,0.0,nr14.png,7.0,0.0,nr107.png,7.0,0.0423778181952809,nr62.png,6.0,0.0,nr83.png,3.0,0.0,nr19.png,1.0,0.0,nr120.png,7.0,0.0971767210340062,nr79.png,7.0,0.07087324767141806,nr39.png,5.0,0.052241620706251456,nr11.png,16
467,14.0,41.0,17.0,13.0,4741.0,5.0,0.0,nr114.png,6.0,0.057721510990123986,nr21.png,4.0,0.0672199874821697,nr112.png,1.0,0.04201249217635607,nr92.png,7.0,0.0,nr57.png,7.0,0.15416757998628053,nr8.png,3.0,0.0474923824602286,nr93.png,5.0,0.0,nr14.png,7.0,0.0,nr107.png,7.0,0.0423778181952809,nr62.png,6.0,0.0,nr83.png,3.0,0.0,nr19.png,1.0,0.0,nr120.png,7.0,0.0971767210340062,nr79.png,7.0,0.07087324767141806,nr39.png,5.0,0.052241620706251456,nr11.png,16
468,14.0,41.0,18.0,14.0,5335.0,5.0,0.0,nr114.png,6.0,0.057721510990123986,nr21.png,4.0,0.0672199874821697,nr112.png,1.0,0.04201249217635607,nr92.png,7.0,0.0,nr57.png,7.0,0.15416757998628053,nr8.png,3.0,0.0474923824602286,nr93.png,5.0,0.0,nr14.png,7.0,0.0,nr107.png,7.0,0.0423778181952809,nr62.png,6.0,0.0,nr83.png,3.0,0.0,nr19.png,1.0,0.0,nr120.png,7.0,0.0971767210340062,nr79.png,7.0,0.07087324767141806,nr39.png,5.0,0.052241620706251456,nr11.png,16
469,14.0,41.0,19.0,9.0,3826.0,5.0,0.0,nr114.png,6.0,0.057721510990123986,nr21.png,4.0,0.0672199874821697,nr112.png,1.0,0.04201249217635607,nr92.png,7.0,0.0,nr57.png,7.0,0.15416757998628053,nr8.png,3.0,0.0474923824602286,nr93.png,5.0,0.0,nr14.png,7.0,0.0,nr107.png,7.0,0.0423778181952809,nr62.png,6.0,0.0,nr83.png,3.0,0.0,nr19.png,1.0,0.0,nr120.png,7.0,0.0971767210340062,nr79.png,7.0,0.07087324767141806,nr39.png,5.0,0.052241620706251456,nr11.png,16
470,14.0,41.0,20.0,14.0,4837.0,5.0,0.0,nr114.png,6.0,0.057721510990123986,nr21.png,4.0,0.0672199874821697,nr112.png,1.0,0.04201249217635607,nr92.png,7.0,0.0,nr57.png,7.0,0.15416757998628053,nr8.png,3.0,0.0474923824602286,nr93.png,5.0,0.0,nr14.png,7.0,0.0,nr107.png,7.0,0.0423778181952809,nr62.png,6.0,0.0,nr83.png,3.0,0.0,nr19.png,1.0,0.0,nr120.png,7.0,0.0971767210340062,nr79.png,7.0,0.07087324767141806,nr39.png,5.0,0.052241620706251456,nr11.png,16
471,14.0,41.0,21.0,5.0,4084.0,5.0,0.0,nr114.png,6.0,0.057721510990123986,nr21.png,4.0,0.0672199874821697,nr112.png,1.0,0.04201249217635607,nr92.png,7.0,0.0,nr57.png,7.0,0.15416757998628053,nr8.png,3.0,0.0474923824602286,nr93.png,5.0,0.0,nr14.png,7.0,0.0,nr107.png,7.0,0.0423778181952809,nr62.png,6.0,0.0,nr83.png,3.0,0.0,nr19.png,1.0,0.0,nr120.png,7.0,0.0971767210340062,nr79.png,7.0,0.07087324767141806,nr39.png,5.0,0.052241620706251456,nr11.png,16
472,14.0,41.0,22.0,13.0,4207.0,5.0,0.0,nr114.png,6.0,0.057721510990123986,nr21.png,4.0,0.0672199874821697,nr112.png,1.0,0.04201249217635607,nr92.png,7.0,0.0,nr57.png,7.0,0.15416757998628053,nr8.png,3.0,0.0474923824602286,nr93.png,5.0,0.0,nr14.png,7.0,0.0,nr107.png,7.0,0.0423778181952809,nr62.png,6.0,0.0,nr83.png,3.0,0.0,nr19.png,1.0,0.0,nr120.png,7.0,0.0971767210340062,nr79.png,7.0,0.07087324767141806,nr39.png,5.0,0.052241620706251456,nr11.png,16
473,14.0,41.0,23.0,14.0,4655.0,5.0,0.0,nr114.png,6.0,0.057721510990123986,nr21.png,4.0,0.0672199874821697,nr112.png,1.0,0.04201249217635607,nr92.png,7.0,0.0,nr57.png,7.0,0.15416757998628053,nr8.png,3.0,0.0474923824602286,nr93.png,5.0,0.0,nr14.png,7.0,0.0,nr107.png,7.0,0.0423778181952809,nr62.png,6.0,0.0,nr83.png,3.0,0.0,nr19.png,1.0,0.0,nr120.png,7.0,0.0971767210340062,nr79.png,7.0,0.07087324767141806,nr39.png,5.0,0.052241620706251456,nr11.png,16
474,14.0,41.0,24.0,14.0,2478.0,5.0,0.0,nr114.png,6.0,0.057721510990123986,nr21.png,4.0,0.0672199874821697,nr112.png,1.0,0.04201249217635607,nr92.png,7.0,0.0,nr57.png,7.0,0.15416757998628053,nr8.png,3.0,0.0474923824602286,nr93.png,5.0,0.0,nr14.png,7.0,0.0,nr107.png,7.0,0.0423778181952809,nr62.png,6.0,0.0,nr83.png,3.0,0.0,nr19.png,1.0,0.0,nr120.png,7.0,0.0971767210340062,nr79.png,7.0,0.07087324767141806,nr39.png,5.0,0.052241620706251456,nr11.png,16
475,14.0,41.0,25.0,2.0,5515.0,5.0,0.0,nr114.png,6.0,0.057721510990123986,nr21.png,4.0,0.0672199874821697,nr112.png,1.0,0.04201249217635607,nr92.png,7.0,0.0,nr57.png,7.0,0.15416757998628053,nr8.png,3.0,0.0474923824602286,nr93.png,5.0,0.0,nr14.png,7.0,0.0,nr107.png,7.0,0.0423778181952809,nr62.png,6.0,0.0,nr83.png,3.0,0.0,nr19.png,1.0,0.0,nr120.png,7.0,0.0971767210340062,nr79.png,7.0,0.07087324767141806,nr39.png,5.0,0.052241620706251456,nr11.png,16
476,14.0,41.0,26.0,5.0,4302.0,5.0,0.0,nr114.png,6.0,0.057721510990123986,nr21.png,4.0,0.0672199874821697,nr112.png,1.0,0.04201249217635607,nr92.png,7.0,0.0,nr57.png,7.0,0.15416757998628053,nr8.png,3.0,0.0474923824602286,nr93.png,5.0,0.0,nr14.png,7.0,0.0,nr107.png,7.0,0.0423778181952809,nr62.png,6.0,0.0,nr83.png,3.0,0.0,nr19.png,1.0,0.0,nr120.png,7.0,0.0971767210340062,nr79.png,7.0,0.07087324767141806,nr39.png,5.0,0.052241620706251456,nr11.png,16
477,14.0,41.0,27.0,13.0,5887.0,5.0,0.0,nr114.png,6.0,0.057721510990123986,nr21.png,4.0,0.0672199874821697,nr112.png,1.0,0.04201249217635607,nr92.png,7.0,0.0,nr57.png,7.0,0.15416757998628053,nr8.png,3.0,0.0474923824602286,nr93.png,5.0,0.0,nr14.png,7.0,0.0,nr107.png,7.0,0.0423778181952809,nr62.png,6.0,0.0,nr83.png,3.0,0.0,nr19.png,1.0,0.0,nr120.png,7.0,0.0971767210340062,nr79.png,7.0,0.07087324767141806,nr39.png,5.0,0.052241620706251456,nr11.png,16
478,14.0,41.0,28.0,2.0,5794.0,5.0,0.0,nr114.png,6.0,0.057721510990123986,nr21.png,4.0,0.0672199874821697,nr112.png,1.0,0.04201249217635607,nr92.png,7.0,0.0,nr57.png,7.0,0.15416757998628053,nr8.png,3.0,0.0474923824602286,nr93.png,5.0,0.0,nr14.png,7.0,0.0,nr107.png,7.0,0.0423778181952809,nr62.png,6.0,0.0,nr83.png,3.0,0.0,nr19.png,1.0,0.0,nr120.png,7.0,0.0971767210340062,nr79.png,7.0,0.07087324767141806,nr39.png,5.0,0.052241620706251456,nr11.png,16
479,14.0,41.0,29.0,8.0,5513.0,5.0,0.0,nr114.png,6.0,0.057721510990123986,nr21.png,4.0,0.0672199874821697,nr112.png,1.0,0.04201249217635607,nr92.png,7.0,0.0,nr57.png,7.0,0.15416757998628053,nr8.png,3.0,0.0474923824602286,nr93.png,5.0,0.0,nr14.png,7.0,0.0,nr107.png,7.0,0.0423778181952809,nr62.png,6.0,0.0,nr83.png,3.0,0.0,nr19.png,1.0,0.0,nr120.png,7.0,0.0971767210340062,nr79.png,7.0,0.07087324767141806,nr39.png,5.0,0.052241620706251456,nr11.png,16
480,14.0,41.0,30.0,4.0,3665.0,5.0,0.0,nr114.png,6.0,0.057721510990123986,nr21.png,4.0,0.0672199874821697,nr112.png,1.0,0.04201249217635607,nr92.png,7.0,0.0,nr57.png,7.0,0.15416757998628053,nr8.png,3.0,0.0474923824602286,nr93.png,5.0,0.0,nr14.png,7.0,0.0,nr107.png,7.0,0.0423778181952809,nr62.png,6.0,0.0,nr83.png,3.0,0.0,nr19.png,1.0,0.0,nr120.png,7.0,0.0971767210340062,nr79.png,7.0,0.07087324767141806,nr39.png,5.0,0.052241620706251456,nr11.png,16
481,14.0,41.0,31.0,5.0,4214.0,5.0,0.0,nr114.png,6.0,0.057721510990123986,nr21.png,4.0,0.0672199874821697,nr112.png,1.0,0.04201249217635607,nr92.png,7.0,0.0,nr57.png,7.0,0.15416757998628053,nr8.png,3.0,0.0474923824602286,nr93.png,5.0,0.0,nr14.png,7.0,0.0,nr107.png,7.0,0.0423778181952809,nr62.png,6.0,0.0,nr83.png,3.0,0.0,nr19.png,1.0,0.0,nr120.png,7.0,0.0971767210340062,nr79.png,7.0,0.07087324767141806,nr39.png,5.0,0.052241620706251456,nr11.png,16
482,14.0,41.0,32.0,8.0,5287.0,5.0,0.0,nr114.png,6.0,0.057721510990123986,nr21.png,4.0,0.0672199874821697,nr112.png,1.0,0.04201249217635607,nr92.png,7.0,0.0,nr57.png,7.0,0.15416757998628053,nr8.png,3.0,0.0474923824602286,nr93.png,5.0,0.0,nr14.png,7.0,0.0,nr107.png,7.0,0.0423778181952809,nr62.png,6.0,0.0,nr83.png,3.0,0.0,nr19.png,1.0,0.0,nr120.png,7.0,0.0971767210340062,nr79.png,7.0,0.07087324767141806,nr39.png,5.0,0.052241620706251456,nr11.png,16
483,14.0,41.0,33.0,5.0,4226.0,5.0,0.0,nr114.png,6.0,0.057721510990123986,nr21.png,4.0,0.0672199874821697,nr112.png,1.0,0.04201249217635607,nr92.png,7.0,0.0,nr57.png,7.0,0.15416757998628053,nr8.png,3.0,0.0474923824602286,nr93.png,5.0,0.0,nr14.png,7.0,0.0,nr107.png,7.0,0.0423778181952809,nr62.png,6.0,0.0,nr83.png,3.0,0.0,nr19.png,1.0,0.0,nr120.png,7.0,0.0971767210340062,nr79.png,7.0,0.07087324767141806,nr39.png,5.0,0.052241620706251456,nr11.png,16
484,14.0,41.0,34.0,5.0,3173.0,5.0,0.0,nr114.png,6.0,0.057721510990123986,nr21.png,4.0,0.0672199874821697,nr112.png,1.0,0.04201249217635607,nr92.png,7.0,0.0,nr57.png,7.0,0.15416757998628053,nr8.png,3.0,0.0474923824602286,nr93.png,5.0,0.0,nr14.png,7.0,0.0,nr107.png,7.0,0.0423778181952809,nr62.png,6.0,0.0,nr83.png,3.0,0.0,nr19.png,1.0,0.0,nr120.png,7.0,0.0971767210340062,nr79.png,7.0,0.07087324767141806,nr39.png,5.0,0.052241620706251456,nr11.png,16
485,14.0,41.0,35.0,1.0,4394.0,5.0,0.0,nr114.png,6.0,0.057721510990123986,nr21.png,4.0,0.0672199874821697,nr112.png,1.0,0.04201249217635607,nr92.png,7.0,0.0,nr57.png,7.0,0.15416757998628053,nr8.png,3.0,0.0474923824602286,nr93.png,5.0,0.0,nr14.png,7.0,0.0,nr107.png,7.0,0.0423778181952809,nr62.png,6.0,0.0,nr83.png,3.0,0.0,nr19.png,1.0,0.0,nr120.png,7.0,0.0971767210340062,nr79.png,7.0,0.07087324767141806,nr39.png,5.0,0.052241620706251456,nr11.png,16
486,14.0,41.0,36.0,5.0,2940.0,5.0,0.0,nr114.png,6.0,0.057721510990123986,nr21.png,4.0,0.0672199874821697,nr112.png,1.0,0.04201249217635607,nr92.png,7.0,0.0,nr57.png,7.0,0.15416757998628053,nr8.png,3.0,0.0474923824602286,nr93.png,5.0,0.0,nr14.png,7.0,0.0,nr107.png,7.0,0.0423778181952809,nr62.png,6.0,0.0,nr83.png,3.0,0.0,nr19.png,1.0,0.0,nr120.png,7.0,0.0971767210340062,nr79.png,7.0,0.07087324767141806,nr39.png,5.0,0.052241620706251456,nr11.png,16
487,14.0,41.0,37.0,13.0,5820.0,5.0,0.0,nr114.png,6.0,0.057721510990123986,nr21.png,4.0,0.0672199874821697,nr112.png,1.0,0.04201249217635607,nr92.png,7.0,0.0,nr57.png,7.0,0.15416757998628053,nr8.png,3.0,0.0474923824602286,nr93.png,5.0,0.0,nr14.png,7.0,0.0,nr107.png,7.0,0.0423778181952809,nr62.png,6.0,0.0,nr83.png,3.0,0.0,nr19.png,1.0,0.0,nr120.png,7.0,0.0971767210340062,nr79.png,7.0,0.07087324767141806,nr39.png,5.0,0.052241620706251456,nr11.png,16
488,14.0,41.0,38.0,4.0,5649.0,5.0,0.0,nr114.png,6.0,0.057721510990123986,nr21.png,4.0,0.0672199874821697,nr112.png,1.0,0.04201249217635607,nr92.png,7.0,0.0,nr57.png,7.0,0.15416757998628053,nr8.png,3.0,0.0474923824602286,nr93.png,5.0,0.0,nr14.png,7.0,0.0,nr107.png,7.0,0.0423778181952809,nr62.png,6.0,0.0,nr83.png,3.0,0.0,nr19.png,1.0,0.0,nr120.png,7.0,0.0971767210340062,nr79.png,7.0,0.07087324767141806,nr39.png,5.0,0.052241620706251456,nr11.png,16
489,14.0,41.0,39.0,5.0,4654.0,5.0,0.0,nr114.png,6.0,0.057721510990123986,nr21.png,4.0,0.0672199874821697,nr112.png,1.0,0.04201249217635607,nr92.png,7.0,0.0,nr57.png,7.0,0.15416757998628053,nr8.png,3.0,0.0474923824602286,nr93.png,5.0,0.0,nr14.png,7.0,0.0,nr107.png,7.0,0.0423778181952809,nr62.png,6.0,0.0,nr83.png,3.0,0.0,nr19.png,1.0,0.0,nr120.png,7.0,0.0971767210340062,nr79.png,7.0,0.07087324767141806,nr39.png,5.0,0.052241620706251456,nr11.png,16
490,14.0,41.0,40.0,13.0,4585.0,5.0,0.0,nr114.png,6.0,0.057721510990123986,nr21.png,4.0,0.0672199874821697,nr112.png,1.0,0.04201249217635607,nr92.png,7.0,0.0,nr57.png,7.0,0.15416757998628053,nr8.png,3.0,0.0474923824602286,nr93.png,5.0,0.0,nr14.png,7.0,0.0,nr107.png,7.0,0.0423778181952809,nr62.png,6.0,0.0,nr83.png,3.0,0.0,nr19.png,1.0,0.0,nr120.png,7.0,0.0971767210340062,nr79.png,7.0,0.07087324767141806,nr39.png,5.0,0.052241620706251456,nr11.png,16
491,14.0,41.0,41.0,9.0,3735.0,5.0,0.0,nr114.png,6.0,0.057721510990123986,nr21.png,4.0,0.0672199874821697,nr112.png,1.0,0.04201249217635607,nr92.png,7.0,0.0,nr57.png,7.0,0.15416757998628053,nr8.png,3.0,0.0474923824602286,nr93.png,5.0,0.0,nr14.png,7.0,0.0,nr107.png,7.0,0.0423778181952809,nr62.png,6.0,0.0,nr83.png,3.0,0.0,nr19.png,1.0,0.0,nr120.png,7.0,0.0971767210340062,nr79.png,7.0,0.07087324767141806,nr39.png,5.0,0.052241620706251456,nr11.png,16
492,14.0,41.0,42.0,5.0,7316.0,5.0,0.0,nr114.png,6.0,0.057721510990123986,nr21.png,4.0,0.0672199874821697,nr112.png,1.0,0.04201249217635607,nr92.png,7.0,0.0,nr57.png,7.0,0.15416757998628053,nr8.png,3.0,0.0474923824602286,nr93.png,5.0,0.0,nr14.png,7.0,0.0,nr107.png,7.0,0.0423778181952809,nr62.png,6.0,0.0,nr83.png,3.0,0.0,nr19.png,1.0,0.0,nr120.png,7.0,0.0971767210340062,nr79.png,7.0,0.07087324767141806,nr39.png,5.0,0.052241620706251456,nr11.png,16
493,14.0,41.0,43.0,5.0,5732.0,5.0,0.0,nr114.png,6.0,0.057721510990123986,nr21.png,4.0,0.0672199874821697,nr112.png,1.0,0.04201249217635607,nr92.png,7.0,0.0,nr57.png,7.0,0.15416757998628053,nr8.png,3.0,0.0474923824602286,nr93.png,5.0,0.0,nr14.png,7.0,0.0,nr107.png,7.0,0.0423778181952809,nr62.png,6.0,0.0,nr83.png,3.0,0.0,nr19.png,1.0,0.0,nr120.png,7.0,0.0971767210340062,nr79.png,7.0,0.07087324767141806,nr39.png,5.0,0.052241620706251456,nr11.png,16
494,14.0,41.0,44.0,9.0,4851.0,5.0,0.0,nr114.png,6.0,0.057721510990123986,nr21.png,4.0,0.0672199874821697,nr112.png,1.0,0.04201249217635607,nr92.png,7.0,0.0,nr57.png,7.0,0.15416757998628053,nr8.png,3.0,0.0474923824602286,nr93.png,5.0,0.0,nr14.png,7.0,0.0,nr107.png,7.0,0.0423778181952809,nr62.png,6.0,0.0,nr83.png,3.0,0.0,nr19.png,1.0,0.0,nr120.png,7.0,0.0971767210340062,nr79.png,7.0,0.07087324767141806,nr39.png,5.0,0.052241620706251456,nr11.png,16
495,14.0,41.0,45.0,0.0,5352.0,5.0,0.0,nr114.png,6.0,0.057721510990123986,nr21.png,4.0,0.0672199874821697,nr112.png,1.0,0.04201249217635607,nr92.png,7.0,0.0,nr57.png,7.0,0.15416757998628053,nr8.png,3.0,0.0474923824602286,nr93.png,5.0,0.0,nr14.png,7.0,0.0,nr107.png,7.0,0.0423778181952809,nr62.png,6.0,0.0,nr83.png,3.0,0.0,nr19.png,1.0,0.0,nr120.png,7.0,0.0971767210340062,nr79.png,7.0,0.07087324767141806,nr39.png,5.0,0.052241620706251456,nr11.png,16
496,14.0,41.0,46.0,8.0,3585.0,5.0,0.0,nr114.png,6.0,0.057721510990123986,nr21.png,4.0,0.0672199874821697,nr112.png,1.0,0.04201249217635607,nr92.png,7.0,0.0,nr57.png,7.0,0.15416757998628053,nr8.png,3.0,0.0474923824602286,nr93.png,5.0,0.0,nr14.png,7.0,0.0,nr107.png,7.0,0.0423778181952809,nr62.png,6.0,0.0,nr83.png,3.0,0.0,nr19.png,1.0,0.0,nr120.png,7.0,0.0971767210340062,nr79.png,7.0,0.07087324767141806,nr39.png,5.0,0.052241620706251456,nr11.png,16
497,14.0,41.0,47.0,14.0,4372.0,5.0,0.0,nr114.png,6.0,0.057721510990123986,nr21.png,4.0,0.0672199874821697,nr112.png,1.0,0.04201249217635607,nr92.png,7.0,0.0,nr57.png,7.0,0.15416757998628053,nr8.png,3.0,0.0474923824602286,nr93.png,5.0,0.0,nr14.png,7.0,0.0,nr107.png,7.0,0.0423778181952809,nr62.png,6.0,0.0,nr83.png,3.0,0.0,nr19.png,1.0,0.0,nr120.png,7.0,0.0971767210340062,nr79.png,7.0,0.07087324767141806,nr39.png,5.0,0.052241620706251456,nr11.png,16
498,14.0,41.0,48.0,9.0,5301.0,5.0,0.0,nr114.png,6.0,0.057721510990123986,nr21.png,4.0,0.0672199874821697,nr112.png,1.0,0.04201249217635607,nr92.png,7.0,0.0,nr57.png,7.0,0.15416757998628053,nr8.png,3.0,0.0474923824602286,nr93.png,5.0,0.0,nr14.png,7.0,0.0,nr107.png,7.0,0.0423778181952809,nr62.png,6.0,0.0,nr83.png,3.0,0.0,nr19.png,1.0,0.0,nr120.png,7.0,0.0971767210340062,nr79.png,7.0,0.07087324767141806,nr39.png,5.0,0.052241620706251456,nr11.png,16
499,14.0,41.0,49.0,5.0,3331.0,5.0,0.0,nr114.png,6.0,0.057721510990123986,nr21.png,4.0,0.0672199874821697,nr112.png,1.0,0.04201249217635607,nr92.png,7.0,0.0,nr57.png,7.0,0.15416757998628053,nr8.png,3.0,0.0474923824602286,nr93.png,5.0,0.0,nr14.png,7.0,0.0,nr107.png,7.0,0.0423778181952809,nr62.png,6.0,0.0,nr83.png,3.0,0.0,nr19.png,1.0,0.0,nr120.png,7.0,0.0971767210340062,nr79.png,7.0,0.07087324767141806,nr39.png,5.0,0.052241620706251456,nr11.png,16
500,14.0,43.0,0.0,5.0,3873.0,5.0,0.09481470571086252,nr106.png,4.0,0.06347100134363526,nr2.png,4.0,0.05485148264264775,nr111.png,1.0,0.06425459395281594,nr56.png,3.0,0.05328429742428639,nr90.png,7.0,0.06347100134363526,nr12.png,7.0,0.0,nr60.png,1.0,0.07209052004462277,nr92.png,3.0,0.0,nr1.png,7.0,0.0,nr57.png,5.0,0.13791229921580006,nr80.png,1.0,0.0,nr120.png,7.0,0.0,nr46.png,2.0,0.0,nr50.png,5.0,0.10460961332562106,nr74.png,6.0,0.0,nr44.png,16
501,14.0,43.0,1.0,14.0,3552.0,5.0,0.09481470571086252,nr106.png,4.0,0.06347100134363526,nr2.png,4.0,0.05485148264264775,nr111.png,1.0,0.06425459395281594,nr56.png,3.0,0.05328429742428639,nr90.png,7.0,0.06347100134363526,nr12.png,7.0,0.0,nr60.png,1.0,0.07209052004462277,nr92.png,3.0,0.0,nr1.png,7.0,0.0,nr57.png,5.0,0.13791229921580006,nr80.png,1.0,0.0,nr120.png,7.0,0.0,nr46.png,2.0,0.0,nr50.png,5.0,0.10460961332562106,nr74.png,6.0,0.0,nr44.png,16
502,14.0,43.0,2.0,12.0,5267.0,5.0,0.09481470571086252,nr106.png,4.0,0.06347100134363526,nr2.png,4.0,0.05485148264264775,nr111.png,1.0,0.06425459395281594,nr56.png,3.0,0.05328429742428639,nr90.png,7.0,0.06347100134363526,nr12.png,7.0,0.0,nr60.png,1.0,0.07209052004462277,nr92.png,3.0,0.0,nr1.png,7.0,0.0,nr57.png,5.0,0.13791229921580006,nr80.png,1.0,0.0,nr120.png,7.0,0.0,nr46.png,2.0,0.0,nr50.png,5.0,0.10460961332562106,nr74.png,6.0,0.0,nr44.png,16
503,14.0,43.0,3.0,5.0,2939.0,5.0,0.09481470571086252,nr106.png,4.0,0.06347100134363526,nr2.png,4.0,0.05485148264264775,nr111.png,1.0,0.06425459395281594,nr56.png,3.0,0.05328429742428639,nr90.png,7.0,0.06347100134363526,nr12.png,7.0,0.0,nr60.png,1.0,0.07209052004462277,nr92.png,3.0,0.0,nr1.png,7.0,0.0,nr57.png,5.0,0.13791229921580006,nr80.png,1.0,0.0,nr120.png,7.0,0.0,nr46.png,2.0,0.0,nr50.png,5.0,0.10460961332562106,nr74.png,6.0,0.0,nr44.png,16
504,14.0,43.0,4.0,12.0,4345.0,5.0,0.09481470571086252,nr106.png,4.0,0.06347100134363526,nr2.png,4.0,0.05485148264264775,nr111.png,1.0,0.06425459395281594,nr56.png,3.0,0.05328429742428639,nr90.png,7.0,0.06347100134363526,nr12.png,7.0,0.0,nr60.png,1.0,0.07209052004462277,nr92.png,3.0,0.0,nr1.png,7.0,0.0,nr57.png,5.0,0.13791229921580006,nr80.png,1.0,0.0,nr120.png,7.0,0.0,nr46.png,2.0,0.0,nr50.png,5.0,0.10460961332562106,nr74.png,6.0,0.0,nr44.png,16
505,14.0,43.0,5.0,12.0,5211.0,5.0,0.09481470571086252,nr106.png,4.0,0.06347100134363526,nr2.png,4.0,0.05485148264264775,nr111.png,1.0,0.06425459395281594,nr56.png,3.0,0.05328429742428639,nr90.png,7.0,0.06347100134363526,nr12.png,7.0,0.0,nr60.png,1.0,0.07209052004462277,nr92.png,3.0,0.0,nr1.png,7.0,0.0,nr57.png,5.0,0.13791229921580006,nr80.png,1.0,0.0,nr120.png,7.0,0.0,nr46.png,2.0,0.0,nr50.png,5.0,0.10460961332562106,nr74.png,6.0,0.0,nr44.png,16
506,14.0,43.0,6.0,9.0,3894.0,5.0,0.09481470571086252,nr106.png,4.0,0.06347100134363526,nr2.png,4.0,0.05485148264264775,nr111.png,1.0,0.06425459395281594,nr56.png,3.0,0.05328429742428639,nr90.png,7.0,0.06347100134363526,nr12.png,7.0,0.0,nr60.png,1.0,0.07209052004462277,nr92.png,3.0,0.0,nr1.png,7.0,0.0,nr57.png,5.0,0.13791229921580006,nr80.png,1.0,0.0,nr120.png,7.0,0.0,nr46.png,2.0,0.0,nr50.png,5.0,0.10460961332562106,nr74.png,6.0,0.0,nr44.png,16
507,14.0,43.0,7.0,6.0,5565.0,5.0,0.09481470571086252,nr106.png,4.0,0.06347100134363526,nr2.png,4.0,0.05485148264264775,nr111.png,1.0,0.06425459395281594,nr56.png,3.0,0.05328429742428639,nr90.png,7.0,0.06347100134363526,nr12.png,7.0,0.0,nr60.png,1.0,0.07209052004462277,nr92.png,3.0,0.0,nr1.png,7.0,0.0,nr57.png,5.0,0.13791229921580006,nr80.png,1.0,0.0,nr120.png,7.0,0.0,nr46.png,2.0,0.0,nr50.png,5.0,0.10460961332562106,nr74.png,6.0,0.0,nr44.png,16
508,14.0,43.0,8.0,5.0,5938.0,5.0,0.09481470571086252,nr106.png,4.0,0.06347100134363526,nr2.png,4.0,0.05485148264264775,nr111.png,1.0,0.06425459395281594,nr56.png,3.0,0.05328429742428639,nr90.png,7.0,0.06347100134363526,nr12.png,7.0,0.0,nr60.png,1.0,0.07209052004462277,nr92.png,3.0,0.0,nr1.png,7.0,0.0,nr57.png,5.0,0.13791229921580006,nr80.png,1.0,0.0,nr120.png,7.0,0.0,nr46.png,2.0,0.0,nr50.png,5.0,0.10460961332562106,nr74.png,6.0,0.0,nr44.png,16
509,14.0,43.0,9.0,14.0,6833.0,5.0,0.09481470571086252,nr106.png,4.0,0.06347100134363526,nr2.png,4.0,0.05485148264264775,nr111.png,1.0,0.06425459395281594,nr56.png,3.0,0.05328429742428639,nr90.png,7.0,0.06347100134363526,nr12.png,7.0,0.0,nr60.png,1.0,0.07209052004462277,nr92.png,3.0,0.0,nr1.png,7.0,0.0,nr57.png,5.0,0.13791229921580006,nr80.png,1.0,0.0,nr120.png,7.0,0.0,nr46.png,2.0,0.0,nr50.png,5.0,0.10460961332562106,nr74.png,6.0,0.0,nr44.png,16
510,14.0,43.0,10.0,5.0,4261.0,5.0,0.09481470571086252,nr106.png,4.0,0.06347100134363526,nr2.png,4.0,0.05485148264264775,nr111.png,1.0,0.06425459395281594,nr56.png,3.0,0.05328429742428639,nr90.png,7.0,0.06347100134363526,nr12.png,7.0,0.0,nr60.png,1.0,0.07209052004462277,nr92.png,3.0,0.0,nr1.png,7.0,0.0,nr57.png,5.0,0.13791229921580006,nr80.png,1.0,0.0,nr120.png,7.0,0.0,nr46.png,2.0,0.0,nr50.png,5.0,0.10460961332562106,nr74.png,6.0,0.0,nr44.png,16
511,14.0,43.0,11.0,5.0,4205.0,5.0,0.09481470571086252,nr106.png,4.0,0.06347100134363526,nr2.png,4.0,0.05485148264264775,nr111.png,1.0,0.06425459395281594,nr56.png,3.0,0.05328429742428639,nr90.png,7.0,0.06347100134363526,nr12.png,7.0,0.0,nr60.png,1.0,0.07209052004462277,nr92.png,3.0,0.0,nr1.png,7.0,0.0,nr57.png,5.0,0.13791229921580006,nr80.png,1.0,0.0,nr120.png,7.0,0.0,nr46.png,2.0,0.0,nr50.png,5.0,0.10460961332562106,nr74.png,6.0,0.0,nr44.png,16
512,14.0,43.0,12.0,12.0,4089.0,5.0,0.09481470571086252,nr106.png,4.0,0.06347100134363526,nr2.png,4.0,0.05485148264264775,nr111.png,1.0,0.06425459395281594,nr56.png,3.0,0.05328429742428639,nr90.png,7.0,0.06347100134363526,nr12.png,7.0,0.0,nr60.png,1.0,0.07209052004462277,nr92.png,3.0,0.0,nr1.png,7.0,0.0,nr57.png,5.0,0.13791229921580006,nr80.png,1.0,0.0,nr120.png,7.0,0.0,nr46.png,2.0,0.0,nr50.png,5.0,0.10460961332562106,nr74.png,6.0,0.0,nr44.png,16
513,14.0,43.0,13.0,5.0,3945.0,5.0,0.09481470571086252,nr106.png,4.0,0.06347100134363526,nr2.png,4.0,0.05485148264264775,nr111.png,1.0,0.06425459395281594,nr56.png,3.0,0.05328429742428639,nr90.png,7.0,0.06347100134363526,nr12.png,7.0,0.0,nr60.png,1.0,0.07209052004462277,nr92.png,3.0,0.0,nr1.png,7.0,0.0,nr57.png,5.0,0.13791229921580006,nr80.png,1.0,0.0,nr120.png,7.0,0.0,nr46.png,2.0,0.0,nr50.png,5.0,0.10460961332562106,nr74.png,6.0,0.0,nr44.png,16
514,14.0,43.0,14.0,9.0,4242.0,5.0,0.09481470571086252,nr106.png,4.0,0.06347100134363526,nr2.png,4.0,0.05485148264264775,nr111.png,1.0,0.06425459395281594,nr56.png,3.0,0.05328429742428639,nr90.png,7.0,0.06347100134363526,nr12.png,7.0,0.0,nr60.png,1.0,0.07209052004462277,nr92.png,3.0,0.0,nr1.png,7.0,0.0,nr57.png,5.0,0.13791229921580006,nr80.png,1.0,0.0,nr120.png,7.0,0.0,nr46.png,2.0,0.0,nr50.png,5.0,0.10460961332562106,nr74.png,6.0,0.0,nr44.png,16
515,14.0,43.0,15.0,5.0,3428.0,5.0,0.09481470571086252,nr106.png,4.0,0.06347100134363526,nr2.png,4.0,0.05485148264264775,nr111.png,1.0,0.06425459395281594,nr56.png,3.0,0.05328429742428639,nr90.png,7.0,0.06347100134363526,nr12.png,7.0,0.0,nr60.png,1.0,0.07209052004462277,nr92.png,3.0,0.0,nr1.png,7.0,0.0,nr57.png,5.0,0.13791229921580006,nr80.png,1.0,0.0,nr120.png,7.0,0.0,nr46.png,2.0,0.0,nr50.png,5.0,0.10460961332562106,nr74.png,6.0,0.0,nr44.png,16
516,14.0,43.0,16.0,12.0,4019.0,5.0,0.09481470571086252,nr106.png,4.0,0.06347100134363526,nr2.png,4.0,0.05485148264264775,nr111.png,1.0,0.06425459395281594,nr56.png,3.0,0.05328429742428639,nr90.png,7.0,0.06347100134363526,nr12.png,7.0,0.0,nr60.png,1.0,0.07209052004462277,nr92.png,3.0,0.0,nr1.png,7.0,0.0,nr57.png,5.0,0.13791229921580006,nr80.png,1.0,0.0,nr120.png,7.0,0.0,nr46.png,2.0,0.0,nr50.png,5.0,0.10460961332562106,nr74.png,6.0,0.0,nr44.png,16
517,14.0,43.0,17.0,8.0,7579.0,5.0,0.09481470571086252,nr106.png,4.0,0.06347100134363526,nr2.png,4.0,0.05485148264264775,nr111.png,1.0,0.06425459395281594,nr56.png,3.0,0.05328429742428639,nr90.png,7.0,0.06347100134363526,nr12.png,7.0,0.0,nr60.png,1.0,0.07209052004462277,nr92.png,3.0,0.0,nr1.png,7.0,0.0,nr57.png,5.0,0.13791229921580006,nr80.png,1.0,0.0,nr120.png,7.0,0.0,nr46.png,2.0,0.0,nr50.png,5.0,0.10460961332562106,nr74.png,6.0,0.0,nr44.png,16
518,14.0,43.0,18.0,9.0,4102.0,5.0,0.09481470571086252,nr106.png,4.0,0.06347100134363526,nr2.png,4.0,0.05485148264264775,nr111.png,1.0,0.06425459395281594,nr56.png,3.0,0.05328429742428639,nr90.png,7.0,0.06347100134363526,nr12.png,7.0,0.0,nr60.png,1.0,0.07209052004462277,nr92.png,3.0,0.0,nr1.png,7.0,0.0,nr57.png,5.0,0.13791229921580006,nr80.png,1.0,0.0,nr120.png,7.0,0.0,nr46.png,2.0,0.0,nr50.png,5.0,0.10460961332562106,nr74.png,6.0,0.0,nr44.png,16
519,14.0,43.0,19.0,0.0,6074.0,5.0,0.09481470571086252,nr106.png,4.0,0.06347100134363526,nr2.png,4.0,0.05485148264264775,nr111.png,1.0,0.06425459395281594,nr56.png,3.0,0.05328429742428639,nr90.png,7.0,0.06347100134363526,nr12.png,7.0,0.0,nr60.png,1.0,0.07209052004462277,nr92.png,3.0,0.0,nr1.png,7.0,0.0,nr57.png,5.0,0.13791229921580006,nr80.png,1.0,0.0,nr120.png,7.0,0.0,nr46.png,2.0,0.0,nr50.png,5.0,0.10460961332562106,nr74.png,6.0,0.0,nr44.png,16
520,14.0,43.0,20.0,12.0,3881.0,5.0,0.09481470571086252,nr106.png,4.0,0.06347100134363526,nr2.png,4.0,0.05485148264264775,nr111.png,1.0,0.06425459395281594,nr56.png,3.0,0.05328429742428639,nr90.png,7.0,0.06347100134363526,nr12.png,7.0,0.0,nr60.png,1.0,0.07209052004462277,nr92.png,3.0,0.0,nr1.png,7.0,0.0,nr57.png,5.0,0.13791229921580006,nr80.png,1.0,0.0,nr120.png,7.0,0.0,nr46.png,2.0,0.0,nr50.png,5.0,0.10460961332562106,nr74.png,6.0,0.0,nr44.png,16
521,14.0,43.0,21.0,12.0,4152.0,5.0,0.09481470571086252,nr106.png,4.0,0.06347100134363526,nr2.png,4.0,0.05485148264264775,nr111.png,1.0,0.06425459395281594,nr56.png,3.0,0.05328429742428639,nr90.png,7.0,0.06347100134363526,nr12.png,7.0,0.0,nr60.png,1.0,0.07209052004462277,nr92.png,3.0,0.0,nr1.png,7.0,0.0,nr57.png,5.0,0.13791229921580006,nr80.png,1.0,0.0,nr120.png,7.0,0.0,nr46.png,2.0,0.0,nr50.png,5.0,0.10460961332562106,nr74.png,6.0,0.0,nr44.png,16
522,14.0,43.0,22.0,6.0,2269.0,5.0,0.09481470571086252,nr106.png,4.0,0.06347100134363526,nr2.png,4.0,0.05485148264264775,nr111.png,1.0,0.06425459395281594,nr56.png,3.0,0.05328429742428639,nr90.png,7.0,0.06347100134363526,nr12.png,7.0,0.0,nr60.png,1.0,0.07209052004462277,nr92.png,3.0,0.0,nr1.png,7.0,0.0,nr57.png,5.0,0.13791229921580006,nr80.png,1.0,0.0,nr120.png,7.0,0.0,nr46.png,2.0,0.0,nr50.png,5.0,0.10460961332562106,nr74.png,6.0,0.0,nr44.png,16
523,14.0,43.0,23.0,5.0,3369.0,5.0,0.09481470571086252,nr106.png,4.0,0.06347100134363526,nr2.png,4.0,0.05485148264264775,nr111.png,1.0,0.06425459395281594,nr56.png,3.0,0.05328429742428639,nr90.png,7.0,0.06347100134363526,nr12.png,7.0,0.0,nr60.png,1.0,0.07209052004462277,nr92.png,3.0,0.0,nr1.png,7.0,0.0,nr57.png,5.0,0.13791229921580006,nr80.png,1.0,0.0,nr120.png,7.0,0.0,nr46.png,2.0,0.0,nr50.png,5.0,0.10460961332562106,nr74.png,6.0,0.0,nr44.png,16
524,14.0,43.0,24.0,12.0,5246.0,5.0,0.09481470571086252,nr106.png,4.0,0.06347100134363526,nr2.png,4.0,0.05485148264264775,nr111.png,1.0,0.06425459395281594,nr56.png,3.0,0.05328429742428639,nr90.png,7.0,0.06347100134363526,nr12.png,7.0,0.0,nr60.png,1.0,0.07209052004462277,nr92.png,3.0,0.0,nr1.png,7.0,0.0,nr57.png,5.0,0.13791229921580006,nr80.png,1.0,0.0,nr120.png,7.0,0.0,nr46.png,2.0,0.0,nr50.png,5.0,0.10460961332562106,nr74.png,6.0,0.0,nr44.png,16
525,14.0,43.0,25.0,12.0,5044.0,5.0,0.09481470571086252,nr106.png,4.0,0.06347100134363526,nr2.png,4.0,0.05485148264264775,nr111.png,1.0,0.06425459395281594,nr56.png,3.0,0.05328429742428639,nr90.png,7.0,0.06347100134363526,nr12.png,7.0,0.0,nr60.png,1.0,0.07209052004462277,nr92.png,3.0,0.0,nr1.png,7.0,0.0,nr57.png,5.0,0.13791229921580006,nr80.png,1.0,0.0,nr120.png,7.0,0.0,nr46.png,2.0,0.0,nr50.png,5.0,0.10460961332562106,nr74.png,6.0,0.0,nr44.png,16
526,14.0,43.0,26.0,8.0,3290.0,5.0,0.09481470571086252,nr106.png,4.0,0.06347100134363526,nr2.png,4.0,0.05485148264264775,nr111.png,1.0,0.06425459395281594,nr56.png,3.0,0.05328429742428639,nr90.png,7.0,0.06347100134363526,nr12.png,7.0,0.0,nr60.png,1.0,0.07209052004462277,nr92.png,3.0,0.0,nr1.png,7.0,0.0,nr57.png,5.0,0.13791229921580006,nr80.png,1.0,0.0,nr120.png,7.0,0.0,nr46.png,2.0,0.0,nr50.png,5.0,0.10460961332562106,nr74.png,6.0,0.0,nr44.png,16
527,14.0,43.0,27.0,5.0,4186.0,5.0,0.09481470571086252,nr106.png,4.0,0.06347100134363526,nr2.png,4.0,0.05485148264264775,nr111.png,1.0,0.06425459395281594,nr56.png,3.0,0.05328429742428639,nr90.png,7.0,0.06347100134363526,nr12.png,7.0,0.0,nr60.png,1.0,0.07209052004462277,nr92.png,3.0,0.0,nr1.png,7.0,0.0,nr57.png,5.0,0.13791229921580006,nr80.png,1.0,0.0,nr120.png,7.0,0.0,nr46.png,2.0,0.0,nr50.png,5.0,0.10460961332562106,nr74.png,6.0,0.0,nr44.png,16
528,14.0,43.0,28.0,5.0,5358.0,5.0,0.09481470571086252,nr106.png,4.0,0.06347100134363526,nr2.png,4.0,0.05485148264264775,nr111.png,1.0,0.06425459395281594,nr56.png,3.0,0.05328429742428639,nr90.png,7.0,0.06347100134363526,nr12.png,7.0,0.0,nr60.png,1.0,0.07209052004462277,nr92.png,3.0,0.0,nr1.png,7.0,0.0,nr57.png,5.0,0.13791229921580006,nr80.png,1.0,0.0,nr120.png,7.0,0.0,nr46.png,2.0,0.0,nr50.png,5.0,0.10460961332562106,nr74.png,6.0,0.0,nr44.png,16
529,14.0,43.0,29.0,4.0,4888.0,5.0,0.09481470571086252,nr106.png,4.0,0.06347100134363526,nr2.png,4.0,0.05485148264264775,nr111.png,1.0,0.06425459395281594,nr56.png,3.0,0.05328429742428639,nr90.png,7.0,0.06347100134363526,nr12.png,7.0,0.0,nr60.png,1.0,0.07209052004462277,nr92.png,3.0,0.0,nr1.png,7.0,0.0,nr57.png,5.0,0.13791229921580006,nr80.png,1.0,0.0,nr120.png,7.0,0.0,nr46.png,2.0,0.0,nr50.png,5.0,0.10460961332562106,nr74.png,6.0,0.0,nr44.png,16
530,14.0,43.0,30.0,12.0,4835.0,5.0,0.09481470571086252,nr106.png,4.0,0.06347100134363526,nr2.png,4.0,0.05485148264264775,nr111.png,1.0,0.06425459395281594,nr56.png,3.0,0.05328429742428639,nr90.png,7.0,0.06347100134363526,nr12.png,7.0,0.0,nr60.png,1.0,0.07209052004462277,nr92.png,3.0,0.0,nr1.png,7.0,0.0,nr57.png,5.0,0.13791229921580006,nr80.png,1.0,0.0,nr120.png,7.0,0.0,nr46.png,2.0,0.0,nr50.png,5.0,0.10460961332562106,nr74.png,6.0,0.0,nr44.png,16
531,14.0,43.0,31.0,9.0,5095.0,5.0,0.09481470571086252,nr106.png,4.0,0.06347100134363526,nr2.png,4.0,0.05485148264264775,nr111.png,1.0,0.06425459395281594,nr56.png,3.0,0.05328429742428639,nr90.png,7.0,0.06347100134363526,nr12.png,7.0,0.0,nr60.png,1.0,0.07209052004462277,nr92.png,3.0,0.0,nr1.png,7.0,0.0,nr57.png,5.0,0.13791229921580006,nr80.png,1.0,0.0,nr120.png,7.0,0.0,nr46.png,2.0,0.0,nr50.png,5.0,0.10460961332562106,nr74.png,6.0,0.0,nr44.png,16
532,14.0,43.0,32.0,9.0,4664.0,5.0,0.09481470571086252,nr106.png,4.0,0.06347100134363526,nr2.png,4.0,0.05485148264264775,nr111.png,1.0,0.06425459395281594,nr56.png,3.0,0.05328429742428639,nr90.png,7.0,0.06347100134363526,nr12.png,7.0,0.0,nr60.png,1.0,0.07209052004462277,nr92.png,3.0,0.0,nr1.png,7.0,0.0,nr57.png,5.0,0.13791229921580006,nr80.png,1.0,0.0,nr120.png,7.0,0.0,nr46.png,2.0,0.0,nr50.png,5.0,0.10460961332562106,nr74.png,6.0,0.0,nr44.png,16
533,14.0,43.0,33.0,10.0,3435.0,5.0,0.09481470571086252,nr106.png,4.0,0.06347100134363526,nr2.png,4.0,0.05485148264264775,nr111.png,1.0,0.06425459395281594,nr56.png,3.0,0.05328429742428639,nr90.png,7.0,0.06347100134363526,nr12.png,7.0,0.0,nr60.png,1.0,0.07209052004462277,nr92.png,3.0,0.0,nr1.png,7.0,0.0,nr57.png,5.0,0.13791229921580006,nr80.png,1.0,0.0,nr120.png,7.0,0.0,nr46.png,2.0,0.0,nr50.png,5.0,0.10460961332562106,nr74.png,6.0,0.0,nr44.png,16
534,14.0,43.0,34.0,9.0,4372.0,5.0,0.09481470571086252,nr106.png,4.0,0.06347100134363526,nr2.png,4.0,0.05485148264264775,nr111.png,1.0,0.06425459395281594,nr56.png,3.0,0.05328429742428639,nr90.png,7.0,0.06347100134363526,nr12.png,7.0,0.0,nr60.png,1.0,0.07209052004462277,nr92.png,3.0,0.0,nr1.png,7.0,0.0,nr57.png,5.0,0.13791229921580006,nr80.png,1.0,0.0,nr120.png,7.0,0.0,nr46.png,2.0,0.0,nr50.png,5.0,0.10460961332562106,nr74.png,6.0,0.0,nr44.png,16
535,14.0,43.0,35.0,11.0,4229.0,5.0,0.09481470571086252,nr106.png,4.0,0.06347100134363526,nr2.png,4.0,0.05485148264264775,nr111.png,1.0,0.06425459395281594,nr56.png,3.0,0.05328429742428639,nr90.png,7.0,0.06347100134363526,nr12.png,7.0,0.0,nr60.png,1.0,0.07209052004462277,nr92.png,3.0,0.0,nr1.png,7.0,0.0,nr57.png,5.0,0.13791229921580006,nr80.png,1.0,0.0,nr120.png,7.0,0.0,nr46.png,2.0,0.0,nr50.png,5.0,0.10460961332562106,nr74.png,6.0,0.0,nr44.png,16
536,14.0,43.0,36.0,5.0,4889.0,5.0,0.09481470571086252,nr106.png,4.0,0.06347100134363526,nr2.png,4.0,0.05485148264264775,nr111.png,1.0,0.06425459395281594,nr56.png,3.0,0.05328429742428639,nr90.png,7.0,0.06347100134363526,nr12.png,7.0,0.0,nr60.png,1.0,0.07209052004462277,nr92.png,3.0,0.0,nr1.png,7.0,0.0,nr57.png,5.0,0.13791229921580006,nr80.png,1.0,0.0,nr120.png,7.0,0.0,nr46.png,2.0,0.0,nr50.png,5.0,0.10460961332562106,nr74.png,6.0,0.0,nr44.png,16
537,14.0,43.0,37.0,9.0,3610.0,5.0,0.09481470571086252,nr106.png,4.0,0.06347100134363526,nr2.png,4.0,0.05485148264264775,nr111.png,1.0,0.06425459395281594,nr56.png,3.0,0.05328429742428639,nr90.png,7.0,0.06347100134363526,nr12.png,7.0,0.0,nr60.png,1.0,0.07209052004462277,nr92.png,3.0,0.0,nr1.png,7.0,0.0,nr57.png,5.0,0.13791229921580006,nr80.png,1.0,0.0,nr120.png,7.0,0.0,nr46.png,2.0,0.0,nr50.png,5.0,0.10460961332562106,nr74.png,6.0,0.0,nr44.png,16
538,14.0,43.0,38.0,9.0,3341.0,5.0,0.09481470571086252,nr106.png,4.0,0.06347100134363526,nr2.png,4.0,0.05485148264264775,nr111.png,1.0,0.06425459395281594,nr56.png,3.0,0.05328429742428639,nr90.png,7.0,0.06347100134363526,nr12.png,7.0,0.0,nr60.png,1.0,0.07209052004462277,nr92.png,3.0,0.0,nr1.png,7.0,0.0,nr57.png,5.0,0.13791229921580006,nr80.png,1.0,0.0,nr120.png,7.0,0.0,nr46.png,2.0,0.0,nr50.png,5.0,0.10460961332562106,nr74.png,6.0,0.0,nr44.png,16
539,14.0,43.0,39.0,12.0,5615.0,5.0,0.09481470571086252,nr106.png,4.0,0.06347100134363526,nr2.png,4.0,0.05485148264264775,nr111.png,1.0,0.06425459395281594,nr56.png,3.0,0.05328429742428639,nr90.png,7.0,0.06347100134363526,nr12.png,7.0,0.0,nr60.png,1.0,0.07209052004462277,nr92.png,3.0,0.0,nr1.png,7.0,0.0,nr57.png,5.0,0.13791229921580006,nr80.png,1.0,0.0,nr120.png,7.0,0.0,nr46.png,2.0,0.0,nr50.png,5.0,0.10460961332562106,nr74.png,6.0,0.0,nr44.png,16
540,14.0,43.0,40.0,5.0,4308.0,5.0,0.09481470571086252,nr106.png,4.0,0.06347100134363526,nr2.png,4.0,0.05485148264264775,nr111.png,1.0,0.06425459395281594,nr56.png,3.0,0.05328429742428639,nr90.png,7.0,0.06347100134363526,nr12.png,7.0,0.0,nr60.png,1.0,0.07209052004462277,nr92.png,3.0,0.0,nr1.png,7.0,0.0,nr57.png,5.0,0.13791229921580006,nr80.png,1.0,0.0,nr120.png,7.0,0.0,nr46.png,2.0,0.0,nr50.png,5.0,0.10460961332562106,nr74.png,6.0,0.0,nr44.png,16
541,14.0,43.0,41.0,12.0,6240.0,5.0,0.09481470571086252,nr106.png,4.0,0.06347100134363526,nr2.png,4.0,0.05485148264264775,nr111.png,1.0,0.06425459395281594,nr56.png,3.0,0.05328429742428639,nr90.png,7.0,0.06347100134363526,nr12.png,7.0,0.0,nr60.png,1.0,0.07209052004462277,nr92.png,3.0,0.0,nr1.png,7.0,0.0,nr57.png,5.0,0.13791229921580006,nr80.png,1.0,0.0,nr120.png,7.0,0.0,nr46.png,2.0,0.0,nr50.png,5.0,0.10460961332562106,nr74.png,6.0,0.0,nr44.png,16
542,14.0,43.0,42.0,5.0,5191.0,5.0,0.09481470571086252,nr106.png,4.0,0.06347100134363526,nr2.png,4.0,0.05485148264264775,nr111.png,1.0,0.06425459395281594,nr56.png,3.0,0.05328429742428639,nr90.png,7.0,0.06347100134363526,nr12.png,7.0,0.0,nr60.png,1.0,0.07209052004462277,nr92.png,3.0,0.0,nr1.png,7.0,0.0,nr57.png,5.0,0.13791229921580006,nr80.png,1.0,0.0,nr120.png,7.0,0.0,nr46.png,2.0,0.0,nr50.png,5.0,0.10460961332562106,nr74.png,6.0,0.0,nr44.png,16
543,14.0,43.0,43.0,15.0,5069.0,5.0,0.09481470571086252,nr106.png,4.0,0.06347100134363526,nr2.png,4.0,0.05485148264264775,nr111.png,1.0,0.06425459395281594,nr56.png,3.0,0.05328429742428639,nr90.png,7.0,0.06347100134363526,nr12.png,7.0,0.0,nr60.png,1.0,0.07209052004462277,nr92.png,3.0,0.0,nr1.png,7.0,0.0,nr57.png,5.0,0.13791229921580006,nr80.png,1.0,0.0,nr120.png,7.0,0.0,nr46.png,2.0,0.0,nr50.png,5.0,0.10460961332562106,nr74.png,6.0,0.0,nr44.png,16
544,14.0,43.0,44.0,6.0,4706.0,5.0,0.09481470571086252,nr106.png,4.0,0.06347100134363526,nr2.png,4.0,0.05485148264264775,nr111.png,1.0,0.06425459395281594,nr56.png,3.0,0.05328429742428639,nr90.png,7.0,0.06347100134363526,nr12.png,7.0,0.0,nr60.png,1.0,0.07209052004462277,nr92.png,3.0,0.0,nr1.png,7.0,0.0,nr57.png,5.0,0.13791229921580006,nr80.png,1.0,0.0,nr120.png,7.0,0.0,nr46.png,2.0,0.0,nr50.png,5.0,0.10460961332562106,nr74.png,6.0,0.0,nr44.png,16
545,14.0,43.0,45.0,5.0,3017.0,5.0,0.09481470571086252,nr106.png,4.0,0.06347100134363526,nr2.png,4.0,0.05485148264264775,nr111.png,1.0,0.06425459395281594,nr56.png,3.0,0.05328429742428639,nr90.png,7.0,0.06347100134363526,nr12.png,7.0,0.0,nr60.png,1.0,0.07209052004462277,nr92.png,3.0,0.0,nr1.png,7.0,0.0,nr57.png,5.0,0.13791229921580006,nr80.png,1.0,0.0,nr120.png,7.0,0.0,nr46.png,2.0,0.0,nr50.png,5.0,0.10460961332562106,nr74.png,6.0,0.0,nr44.png,16
546,14.0,43.0,46.0,5.0,4460.0,5.0,0.09481470571086252,nr106.png,4.0,0.06347100134363526,nr2.png,4.0,0.05485148264264775,nr111.png,1.0,0.06425459395281594,nr56.png,3.0,0.05328429742428639,nr90.png,7.0,0.06347100134363526,nr12.png,7.0,0.0,nr60.png,1.0,0.07209052004462277,nr92.png,3.0,0.0,nr1.png,7.0,0.0,nr57.png,5.0,0.13791229921580006,nr80.png,1.0,0.0,nr120.png,7.0,0.0,nr46.png,2.0,0.0,nr50.png,5.0,0.10460961332562106,nr74.png,6.0,0.0,nr44.png,16
547,14.0,43.0,47.0,6.0,4729.0,5.0,0.09481470571086252,nr106.png,4.0,0.06347100134363526,nr2.png,4.0,0.05485148264264775,nr111.png,1.0,0.06425459395281594,nr56.png,3.0,0.05328429742428639,nr90.png,7.0,0.06347100134363526,nr12.png,7.0,0.0,nr60.png,1.0,0.07209052004462277,nr92.png,3.0,0.0,nr1.png,7.0,0.0,nr57.png,5.0,0.13791229921580006,nr80.png,1.0,0.0,nr120.png,7.0,0.0,nr46.png,2.0,0.0,nr50.png,5.0,0.10460961332562106,nr74.png,6.0,0.0,nr44.png,16
548,14.0,43.0,48.0,15.0,7795.0,5.0,0.09481470571086252,nr106.png,4.0,0.06347100134363526,nr2.png,4.0,0.05485148264264775,nr111.png,1.0,0.06425459395281594,nr56.png,3.0,0.05328429742428639,nr90.png,7.0,0.06347100134363526,nr12.png,7.0,0.0,nr60.png,1.0,0.07209052004462277,nr92.png,3.0,0.0,nr1.png,7.0,0.0,nr57.png,5.0,0.13791229921580006,nr80.png,1.0,0.0,nr120.png,7.0,0.0,nr46.png,2.0,0.0,nr50.png,5.0,0.10460961332562106,nr74.png,6.0,0.0,nr44.png,16
549,14.0,43.0,49.0,5.0,4383.0,5.0,0.09481470571086252,nr106.png,4.0,0.06347100134363526,nr2.png,4.0,0.05485148264264775,nr111.png,1.0,0.06425459395281594,nr56.png,3.0,0.05328429742428639,nr90.png,7.0,0.06347100134363526,nr12.png,7.0,0.0,nr60.png,1.0,0.07209052004462277,nr92.png,3.0,0.0,nr1.png,7.0,0.0,nr57.png,5.0,0.13791229921580006,nr80.png,1.0,0.0,nr120.png,7.0,0.0,nr46.png,2.0,0.0,nr50.png,5.0,0.10460961332562106,nr74.png,6.0,0.0,nr44.png,16
550,14.0,47.0,0.0,9.0,4218.0,2.0,0.0,nr85.png,1.0,0.0,nr92.png,4.0,0.06469771483062925,nr100.png,7.0,0.0,nr51.png,4.0,0.0851285721455648,nr2.png,7.0,0.0,nr8.png,7.0,0.04994209565873135,nr98.png,4.0,0.0,nr29.png,3.0,0.09591152461733632,nr19.png,7.0,0.07207552441657819,nr88.png,4.0,0.008512857214556479,nr113.png,4.0,0.0,nr111.png,7.0,0.05504980998746523,nr109.png,6.0,0.09307390554581753,nr87.png,7.0,0.0,nr39.png,1.0,0.0,nr56.png,16
551,14.0,47.0,1.0,5.0,3928.0,2.0,0.0,nr85.png,1.0,0.0,nr92.png,4.0,0.06469771483062925,nr100.png,7.0,0.0,nr51.png,4.0,0.0851285721455648,nr2.png,7.0,0.0,nr8.png,7.0,0.04994209565873135,nr98.png,4.0,0.0,nr29.png,3.0,0.09591152461733632,nr19.png,7.0,0.07207552441657819,nr88.png,4.0,0.008512857214556479,nr113.png,4.0,0.0,nr111.png,7.0,0.05504980998746523,nr109.png,6.0,0.09307390554581753,nr87.png,7.0,0.0,nr39.png,1.0,0.0,nr56.png,16
552,14.0,47.0,2.0,3.0,3399.0,2.0,0.0,nr85.png,1.0,0.0,nr92.png,4.0,0.06469771483062925,nr100.png,7.0,0.0,nr51.png,4.0,0.0851285721455648,nr2.png,7.0,0.0,nr8.png,7.0,0.04994209565873135,nr98.png,4.0,0.0,nr29.png,3.0,0.09591152461733632,nr19.png,7.0,0.07207552441657819,nr88.png,4.0,0.008512857214556479,nr113.png,4.0,0.0,nr111.png,7.0,0.05504980998746523,nr109.png,6.0,0.09307390554581753,nr87.png,7.0,0.0,nr39.png,1.0,0.0,nr56.png,16
553,14.0,47.0,3.0,5.0,5332.0,2.0,0.0,nr85.png,1.0,0.0,nr92.png,4.0,0.06469771483062925,nr100.png,7.0,0.0,nr51.png,4.0,0.0851285721455648,nr2.png,7.0,0.0,nr8.png,7.0,0.04994209565873135,nr98.png,4.0,0.0,nr29.png,3.0,0.09591152461733632,nr19.png,7.0,0.07207552441657819,nr88.png,4.0,0.008512857214556479,nr113.png,4.0,0.0,nr111.png,7.0,0.05504980998746523,nr109.png,6.0,0.09307390554581753,nr87.png,7.0,0.0,nr39.png,1.0,0.0,nr56.png,16
554,14.0,47.0,4.0,9.0,2730.0,2.0,0.0,nr85.png,1.0,0.0,nr92.png,4.0,0.06469771483062925,nr100.png,7.0,0.0,nr51.png,4.0,0.0851285721455648,nr2.png,7.0,0.0,nr8.png,7.0,0.04994209565873135,nr98.png,4.0,0.0,nr29.png,3.0,0.09591152461733632,nr19.png,7.0,0.07207552441657819,nr88.png,4.0,0.008512857214556479,nr113.png,4.0,0.0,nr111.png,7.0,0.05504980998746523,nr109.png,6.0,0.09307390554581753,nr87.png,7.0,0.0,nr39.png,1.0,0.0,nr56.png,16
555,14.0,47.0,5.0,6.0,5005.0,2.0,0.0,nr85.png,1.0,0.0,nr92.png,4.0,0.06469771483062925,nr100.png,7.0,0.0,nr51.png,4.0,0.0851285721455648,nr2.png,7.0,0.0,nr8.png,7.0,0.04994209565873135,nr98.png,4.0,0.0,nr29.png,3.0,0.09591152461733632,nr19.png,7.0,0.07207552441657819,nr88.png,4.0,0.008512857214556479,nr113.png,4.0,0.0,nr111.png,7.0,0.05504980998746523,nr109.png,6.0,0.09307390554581753,nr87.png,7.0,0.0,nr39.png,1.0,0.0,nr56.png,16
556,14.0,47.0,6.0,5.0,4407.0,2.0,0.0,nr85.png,1.0,0.0,nr92.png,4.0,0.06469771483062925,nr100.png,7.0,0.0,nr51.png,4.0,0.0851285721455648,nr2.png,7.0,0.0,nr8.png,7.0,0.04994209565873135,nr98.png,4.0,0.0,nr29.png,3.0,0.09591152461733632,nr19.png,7.0,0.07207552441657819,nr88.png,4.0,0.008512857214556479,nr113.png,4.0,0.0,nr111.png,7.0,0.05504980998746523,nr109.png,6.0,0.09307390554581753,nr87.png,7.0,0.0,nr39.png,1.0,0.0,nr56.png,16
557,14.0,47.0,7.0,9.0,3493.0,2.0,0.0,nr85.png,1.0,0.0,nr92.png,4.0,0.06469771483062925,nr100.png,7.0,0.0,nr51.png,4.0,0.0851285721455648,nr2.png,7.0,0.0,nr8.png,7.0,0.04994209565873135,nr98.png,4.0,0.0,nr29.png,3.0,0.09591152461733632,nr19.png,7.0,0.07207552441657819,nr88.png,4.0,0.008512857214556479,nr113.png,4.0,0.0,nr111.png,7.0,0.05504980998746523,nr109.png,6.0,0.09307390554581753,nr87.png,7.0,0.0,nr39.png,1.0,0.0,nr56.png,16
558,14.0,47.0,8.0,14.0,5843.0,2.0,0.0,nr85.png,1.0,0.0,nr92.png,4.0,0.06469771483062925,nr100.png,7.0,0.0,nr51.png,4.0,0.0851285721455648,nr2.png,7.0,0.0,nr8.png,7.0,0.04994209565873135,nr98.png,4.0,0.0,nr29.png,3.0,0.09591152461733632,nr19.png,7.0,0.07207552441657819,nr88.png,4.0,0.008512857214556479,nr113.png,4.0,0.0,nr111.png,7.0,0.05504980998746523,nr109.png,6.0,0.09307390554581753,nr87.png,7.0,0.0,nr39.png,1.0,0.0,nr56.png,16
559,14.0,47.0,9.0,3.0,4262.0,2.0,0.0,nr85.png,1.0,0.0,nr92.png,4.0,0.06469771483062925,nr100.png,7.0,0.0,nr51.png,4.0,0.0851285721455648,nr2.png,7.0,0.0,nr8.png,7.0,0.04994209565873135,nr98.png,4.0,0.0,nr29.png,3.0,0.09591152461733632,nr19.png,7.0,0.07207552441657819,nr88.png,4.0,0.008512857214556479,nr113.png,4.0,0.0,nr111.png,7.0,0.05504980998746523,nr109.png,6.0,0.09307390554581753,nr87.png,7.0,0.0,nr39.png,1.0,0.0,nr56.png,16
560,14.0,47.0,10.0,9.0,4072.0,2.0,0.0,nr85.png,1.0,0.0,nr92.png,4.0,0.06469771483062925,nr100.png,7.0,0.0,nr51.png,4.0,0.0851285721455648,nr2.png,7.0,0.0,nr8.png,7.0,0.04994209565873135,nr98.png,4.0,0.0,nr29.png,3.0,0.09591152461733632,nr19.png,7.0,0.07207552441657819,nr88.png,4.0,0.008512857214556479,nr113.png,4.0,0.0,nr111.png,7.0,0.05504980998746523,nr109.png,6.0,0.09307390554581753,nr87.png,7.0,0.0,nr39.png,1.0,0.0,nr56.png,16
561,14.0,47.0,11.0,9.0,3189.0,2.0,0.0,nr85.png,1.0,0.0,nr92.png,4.0,0.06469771483062925,nr100.png,7.0,0.0,nr51.png,4.0,0.0851285721455648,nr2.png,7.0,0.0,nr8.png,7.0,0.04994209565873135,nr98.png,4.0,0.0,nr29.png,3.0,0.09591152461733632,nr19.png,7.0,0.07207552441657819,nr88.png,4.0,0.008512857214556479,nr113.png,4.0,0.0,nr111.png,7.0,0.05504980998746523,nr109.png,6.0,0.09307390554581753,nr87.png,7.0,0.0,nr39.png,1.0,0.0,nr56.png,16
562,14.0,47.0,12.0,5.0,4816.0,2.0,0.0,nr85.png,1.0,0.0,nr92.png,4.0,0.06469771483062925,nr100.png,7.0,0.0,nr51.png,4.0,0.0851285721455648,nr2.png,7.0,0.0,nr8.png,7.0,0.04994209565873135,nr98.png,4.0,0.0,nr29.png,3.0,0.09591152461733632,nr19.png,7.0,0.07207552441657819,nr88.png,4.0,0.008512857214556479,nr113.png,4.0,0.0,nr111.png,7.0,0.05504980998746523,nr109.png,6.0,0.09307390554581753,nr87.png,7.0,0.0,nr39.png,1.0,0.0,nr56.png,16
563,14.0,47.0,13.0,12.0,4976.0,2.0,0.0,nr85.png,1.0,0.0,nr92.png,4.0,0.06469771483062925,nr100.png,7.0,0.0,nr51.png,4.0,0.0851285721455648,nr2.png,7.0,0.0,nr8.png,7.0,0.04994209565873135,nr98.png,4.0,0.0,nr29.png,3.0,0.09591152461733632,nr19.png,7.0,0.07207552441657819,nr88.png,4.0,0.008512857214556479,nr113.png,4.0,0.0,nr111.png,7.0,0.05504980998746523,nr109.png,6.0,0.09307390554581753,nr87.png,7.0,0.0,nr39.png,1.0,0.0,nr56.png,16
564,14.0,47.0,14.0,13.0,3727.0,2.0,0.0,nr85.png,1.0,0.0,nr92.png,4.0,0.06469771483062925,nr100.png,7.0,0.0,nr51.png,4.0,0.0851285721455648,nr2.png,7.0,0.0,nr8.png,7.0,0.04994209565873135,nr98.png,4.0,0.0,nr29.png,3.0,0.09591152461733632,nr19.png,7.0,0.07207552441657819,nr88.png,4.0,0.008512857214556479,nr113.png,4.0,0.0,nr111.png,7.0,0.05504980998746523,nr109.png,6.0,0.09307390554581753,nr87.png,7.0,0.0,nr39.png,1.0,0.0,nr56.png,16
565,14.0,47.0,15.0,12.0,3811.0,2.0,0.0,nr85.png,1.0,0.0,nr92.png,4.0,0.06469771483062925,nr100.png,7.0,0.0,nr51.png,4.0,0.0851285721455648,nr2.png,7.0,0.0,nr8.png,7.0,0.04994209565873135,nr98.png,4.0,0.0,nr29.png,3.0,0.09591152461733632,nr19.png,7.0,0.07207552441657819,nr88.png,4.0,0.008512857214556479,nr113.png,4.0,0.0,nr111.png,7.0,0.05504980998746523,nr109.png,6.0,0.09307390554581753,nr87.png,7.0,0.0,nr39.png,1.0,0.0,nr56.png,16
566,14.0,47.0,16.0,3.0,6572.0,2.0,0.0,nr85.png,1.0,0.0,nr92.png,4.0,0.06469771483062925,nr100.png,7.0,0.0,nr51.png,4.0,0.0851285721455648,nr2.png,7.0,0.0,nr8.png,7.0,0.04994209565873135,nr98.png,4.0,0.0,nr29.png,3.0,0.09591152461733632,nr19.png,7.0,0.07207552441657819,nr88.png,4.0,0.008512857214556479,nr113.png,4.0,0.0,nr111.png,7.0,0.05504980998746523,nr109.png,6.0,0.09307390554581753,nr87.png,7.0,0.0,nr39.png,1.0,0.0,nr56.png,16
567,14.0,47.0,17.0,9.0,2599.0,2.0,0.0,nr85.png,1.0,0.0,nr92.png,4.0,0.06469771483062925,nr100.png,7.0,0.0,nr51.png,4.0,0.0851285721455648,nr2.png,7.0,0.0,nr8.png,7.0,0.04994209565873135,nr98.png,4.0,0.0,nr29.png,3.0,0.09591152461733632,nr19.png,7.0,0.07207552441657819,nr88.png,4.0,0.008512857214556479,nr113.png,4.0,0.0,nr111.png,7.0,0.05504980998746523,nr109.png,6.0,0.09307390554581753,nr87.png,7.0,0.0,nr39.png,1.0,0.0,nr56.png,16
568,14.0,47.0,18.0,10.0,5333.0,2.0,0.0,nr85.png,1.0,0.0,nr92.png,4.0,0.06469771483062925,nr100.png,7.0,0.0,nr51.png,4.0,0.0851285721455648,nr2.png,7.0,0.0,nr8.png,7.0,0.04994209565873135,nr98.png,4.0,0.0,nr29.png,3.0,0.09591152461733632,nr19.png,7.0,0.07207552441657819,nr88.png,4.0,0.008512857214556479,nr113.png,4.0,0.0,nr111.png,7.0,0.05504980998746523,nr109.png,6.0,0.09307390554581753,nr87.png,7.0,0.0,nr39.png,1.0,0.0,nr56.png,16
569,14.0,47.0,19.0,14.0,4039.0,2.0,0.0,nr85.png,1.0,0.0,nr92.png,4.0,0.06469771483062925,nr100.png,7.0,0.0,nr51.png,4.0,0.0851285721455648,nr2.png,7.0,0.0,nr8.png,7.0,0.04994209565873135,nr98.png,4.0,0.0,nr29.png,3.0,0.09591152461733632,nr19.png,7.0,0.07207552441657819,nr88.png,4.0,0.008512857214556479,nr113.png,4.0,0.0,nr111.png,7.0,0.05504980998746523,nr109.png,6.0,0.09307390554581753,nr87.png,7.0,0.0,nr39.png,1.0,0.0,nr56.png,16
570,14.0,47.0,20.0,14.0,4522.0,2.0,0.0,nr85.png,1.0,0.0,nr92.png,4.0,0.06469771483062925,nr100.png,7.0,0.0,nr51.png,4.0,0.0851285721455648,nr2.png,7.0,0.0,nr8.png,7.0,0.04994209565873135,nr98.png,4.0,0.0,nr29.png,3.0,0.09591152461733632,nr19.png,7.0,0.07207552441657819,nr88.png,4.0,0.008512857214556479,nr113.png,4.0,0.0,nr111.png,7.0,0.05504980998746523,nr109.png,6.0,0.09307390554581753,nr87.png,7.0,0.0,nr39.png,1.0,0.0,nr56.png,16
571,14.0,47.0,21.0,6.0,3816.0,2.0,0.0,nr85.png,1.0,0.0,nr92.png,4.0,0.06469771483062925,nr100.png,7.0,0.0,nr51.png,4.0,0.0851285721455648,nr2.png,7.0,0.0,nr8.png,7.0,0.04994209565873135,nr98.png,4.0,0.0,nr29.png,3.0,0.09591152461733632,nr19.png,7.0,0.07207552441657819,nr88.png,4.0,0.008512857214556479,nr113.png,4.0,0.0,nr111.png,7.0,0.05504980998746523,nr109.png,6.0,0.09307390554581753,nr87.png,7.0,0.0,nr39.png,1.0,0.0,nr56.png,16
572,14.0,47.0,22.0,3.0,5143.0,2.0,0.0,nr85.png,1.0,0.0,nr92.png,4.0,0.06469771483062925,nr100.png,7.0,0.0,nr51.png,4.0,0.0851285721455648,nr2.png,7.0,0.0,nr8.png,7.0,0.04994209565873135,nr98.png,4.0,0.0,nr29.png,3.0,0.09591152461733632,nr19.png,7.0,0.07207552441657819,nr88.png,4.0,0.008512857214556479,nr113.png,4.0,0.0,nr111.png,7.0,0.05504980998746523,nr109.png,6.0,0.09307390554581753,nr87.png,7.0,0.0,nr39.png,1.0,0.0,nr56.png,16
573,14.0,47.0,23.0,5.0,2560.0,2.0,0.0,nr85.png,1.0,0.0,nr92.png,4.0,0.06469771483062925,nr100.png,7.0,0.0,nr51.png,4.0,0.0851285721455648,nr2.png,7.0,0.0,nr8.png,7.0,0.04994209565873135,nr98.png,4.0,0.0,nr29.png,3.0,0.09591152461733632,nr19.png,7.0,0.07207552441657819,nr88.png,4.0,0.008512857214556479,nr113.png,4.0,0.0,nr111.png,7.0,0.05504980998746523,nr109.png,6.0,0.09307390554581753,nr87.png,7.0,0.0,nr39.png,1.0,0.0,nr56.png,16
574,14.0,47.0,24.0,13.0,5020.0,2.0,0.0,nr85.png,1.0,0.0,nr92.png,4.0,0.06469771483062925,nr100.png,7.0,0.0,nr51.png,4.0,0.0851285721455648,nr2.png,7.0,0.0,nr8.png,7.0,0.04994209565873135,nr98.png,4.0,0.0,nr29.png,3.0,0.09591152461733632,nr19.png,7.0,0.07207552441657819,nr88.png,4.0,0.008512857214556479,nr113.png,4.0,0.0,nr111.png,7.0,0.05504980998746523,nr109.png,6.0,0.09307390554581753,nr87.png,7.0,0.0,nr39.png,1.0,0.0,nr56.png,16
575,14.0,47.0,25.0,5.0,4723.0,2.0,0.0,nr85.png,1.0,0.0,nr92.png,4.0,0.06469771483062925,nr100.png,7.0,0.0,nr51.png,4.0,0.0851285721455648,nr2.png,7.0,0.0,nr8.png,7.0,0.04994209565873135,nr98.png,4.0,0.0,nr29.png,3.0,0.09591152461733632,nr19.png,7.0,0.07207552441657819,nr88.png,4.0,0.008512857214556479,nr113.png,4.0,0.0,nr111.png,7.0,0.05504980998746523,nr109.png,6.0,0.09307390554581753,nr87.png,7.0,0.0,nr39.png,1.0,0.0,nr56.png,16
576,14.0,47.0,26.0,9.0,3487.0,2.0,0.0,nr85.png,1.0,0.0,nr92.png,4.0,0.06469771483062925,nr100.png,7.0,0.0,nr51.png,4.0,0.0851285721455648,nr2.png,7.0,0.0,nr8.png,7.0,0.04994209565873135,nr98.png,4.0,0.0,nr29.png,3.0,0.09591152461733632,nr19.png,7.0,0.07207552441657819,nr88.png,4.0,0.008512857214556479,nr113.png,4.0,0.0,nr111.png,7.0,0.05504980998746523,nr109.png,6.0,0.09307390554581753,nr87.png,7.0,0.0,nr39.png,1.0,0.0,nr56.png,16
577,14.0,47.0,27.0,9.0,3761.0,2.0,0.0,nr85.png,1.0,0.0,nr92.png,4.0,0.06469771483062925,nr100.png,7.0,0.0,nr51.png,4.0,0.0851285721455648,nr2.png,7.0,0.0,nr8.png,7.0,0.04994209565873135,nr98.png,4.0,0.0,nr29.png,3.0,0.09591152461733632,nr19.png,7.0,0.07207552441657819,nr88.png,4.0,0.008512857214556479,nr113.png,4.0,0.0,nr111.png,7.0,0.05504980998746523,nr109.png,6.0,0.09307390554581753,nr87.png,7.0,0.0,nr39.png,1.0,0.0,nr56.png,16
578,14.0,47.0,28.0,12.0,5756.0,2.0,0.0,nr85.png,1.0,0.0,nr92.png,4.0,0.06469771483062925,nr100.png,7.0,0.0,nr51.png,4.0,0.0851285721455648,nr2.png,7.0,0.0,nr8.png,7.0,0.04994209565873135,nr98.png,4.0,0.0,nr29.png,3.0,0.09591152461733632,nr19.png,7.0,0.07207552441657819,nr88.png,4.0,0.008512857214556479,nr113.png,4.0,0.0,nr111.png,7.0,0.05504980998746523,nr109.png,6.0,0.09307390554581753,nr87.png,7.0,0.0,nr39.png,1.0,0.0,nr56.png,16
579,14.0,47.0,29.0,6.0,5022.0,2.0,0.0,nr85.png,1.0,0.0,nr92.png,4.0,0.06469771483062925,nr100.png,7.0,0.0,nr51.png,4.0,0.0851285721455648,nr2.png,7.0,0.0,nr8.png,7.0,0.04994209565873135,nr98.png,4.0,0.0,nr29.png,3.0,0.09591152461733632,nr19.png,7.0,0.07207552441657819,nr88.png,4.0,0.008512857214556479,nr113.png,4.0,0.0,nr111.png,7.0,0.05504980998746523,nr109.png,6.0,0.09307390554581753,nr87.png,7.0,0.0,nr39.png,1.0,0.0,nr56.png,16
580,14.0,47.0,30.0,9.0,5013.0,2.0,0.0,nr85.png,1.0,0.0,nr92.png,4.0,0.06469771483062925,nr100.png,7.0,0.0,nr51.png,4.0,0.0851285721455648,nr2.png,7.0,0.0,nr8.png,7.0,0.04994209565873135,nr98.png,4.0,0.0,nr29.png,3.0,0.09591152461733632,nr19.png,7.0,0.07207552441657819,nr88.png,4.0,0.008512857214556479,nr113.png,4.0,0.0,nr111.png,7.0,0.05504980998746523,nr109.png,6.0,0.09307390554581753,nr87.png,7.0,0.0,nr39.png,1.0,0.0,nr56.png,16
581,14.0,47.0,31.0,12.0,5506.0,2.0,0.0,nr85.png,1.0,0.0,nr92.png,4.0,0.06469771483062925,nr100.png,7.0,0.0,nr51.png,4.0,0.0851285721455648,nr2.png,7.0,0.0,nr8.png,7.0,0.04994209565873135,nr98.png,4.0,0.0,nr29.png,3.0,0.09591152461733632,nr19.png,7.0,0.07207552441657819,nr88.png,4.0,0.008512857214556479,nr113.png,4.0,0.0,nr111.png,7.0,0.05504980998746523,nr109.png,6.0,0.09307390554581753,nr87.png,7.0,0.0,nr39.png,1.0,0.0,nr56.png,16
582,14.0,47.0,32.0,6.0,5110.0,2.0,0.0,nr85.png,1.0,0.0,nr92.png,4.0,0.06469771483062925,nr100.png,7.0,0.0,nr51.png,4.0,0.0851285721455648,nr2.png,7.0,0.0,nr8.png,7.0,0.04994209565873135,nr98.png,4.0,0.0,nr29.png,3.0,0.09591152461733632,nr19.png,7.0,0.07207552441657819,nr88.png,4.0,0.008512857214556479,nr113.png,4.0,0.0,nr111.png,7.0,0.05504980998746523,nr109.png,6.0,0.09307390554581753,nr87.png,7.0,0.0,nr39.png,1.0,0.0,nr56.png,16
583,14.0,47.0,33.0,6.0,4908.0,2.0,0.0,nr85.png,1.0,0.0,nr92.png,4.0,0.06469771483062925,nr100.png,7.0,0.0,nr51.png,4.0,0.0851285721455648,nr2.png,7.0,0.0,nr8.png,7.0,0.04994209565873135,nr98.png,4.0,0.0,nr29.png,3.0,0.09591152461733632,nr19.png,7.0,0.07207552441657819,nr88.png,4.0,0.008512857214556479,nr113.png,4.0,0.0,nr111.png,7.0,0.05504980998746523,nr109.png,6.0,0.09307390554581753,nr87.png,7.0,0.0,nr39.png,1.0,0.0,nr56.png,16
584,14.0,47.0,34.0,5.0,4083.0,2.0,0.0,nr85.png,1.0,0.0,nr92.png,4.0,0.06469771483062925,nr100.png,7.0,0.0,nr51.png,4.0,0.0851285721455648,nr2.png,7.0,0.0,nr8.png,7.0,0.04994209565873135,nr98.png,4.0,0.0,nr29.png,3.0,0.09591152461733632,nr19.png,7.0,0.07207552441657819,nr88.png,4.0,0.008512857214556479,nr113.png,4.0,0.0,nr111.png,7.0,0.05504980998746523,nr109.png,6.0,0.09307390554581753,nr87.png,7.0,0.0,nr39.png,1.0,0.0,nr56.png,16
585,14.0,47.0,35.0,9.0,3318.0,2.0,0.0,nr85.png,1.0,0.0,nr92.png,4.0,0.06469771483062925,nr100.png,7.0,0.0,nr51.png,4.0,0.0851285721455648,nr2.png,7.0,0.0,nr8.png,7.0,0.04994209565873135,nr98.png,4.0,0.0,nr29.png,3.0,0.09591152461733632,nr19.png,7.0,0.07207552441657819,nr88.png,4.0,0.008512857214556479,nr113.png,4.0,0.0,nr111.png,7.0,0.05504980998746523,nr109.png,6.0,0.09307390554581753,nr87.png,7.0,0.0,nr39.png,1.0,0.0,nr56.png,16
586,14.0,47.0,36.0,3.0,4069.0,2.0,0.0,nr85.png,1.0,0.0,nr92.png,4.0,0.06469771483062925,nr100.png,7.0,0.0,nr51.png,4.0,0.0851285721455648,nr2.png,7.0,0.0,nr8.png,7.0,0.04994209565873135,nr98.png,4.0,0.0,nr29.png,3.0,0.09591152461733632,nr19.png,7.0,0.07207552441657819,nr88.png,4.0,0.008512857214556479,nr113.png,4.0,0.0,nr111.png,7.0,0.05504980998746523,nr109.png,6.0,0.09307390554581753,nr87.png,7.0,0.0,nr39.png,1.0,0.0,nr56.png,16
587,14.0,47.0,37.0,12.0,2846.0,2.0,0.0,nr85.png,1.0,0.0,nr92.png,4.0,0.06469771483062925,nr100.png,7.0,0.0,nr51.png,4.0,0.0851285721455648,nr2.png,7.0,0.0,nr8.png,7.0,0.04994209565873135,nr98.png,4.0,0.0,nr29.png,3.0,0.09591152461733632,nr19.png,7.0,0.07207552441657819,nr88.png,4.0,0.008512857214556479,nr113.png,4.0,0.0,nr111.png,7.0,0.05504980998746523,nr109.png,6.0,0.09307390554581753,nr87.png,7.0,0.0,nr39.png,1.0,0.0,nr56.png,16
588,14.0,47.0,38.0,13.0,4776.0,2.0,0.0,nr85.png,1.0,0.0,nr92.png,4.0,0.06469771483062925,nr100.png,7.0,0.0,nr51.png,4.0,0.0851285721455648,nr2.png,7.0,0.0,nr8.png,7.0,0.04994209565873135,nr98.png,4.0,0.0,nr29.png,3.0,0.09591152461733632,nr19.png,7.0,0.07207552441657819,nr88.png,4.0,0.008512857214556479,nr113.png,4.0,0.0,nr111.png,7.0,0.05504980998746523,nr109.png,6.0,0.09307390554581753,nr87.png,7.0,0.0,nr39.png,1.0,0.0,nr56.png,16
589,14.0,47.0,39.0,12.0,3608.0,2.0,0.0,nr85.png,1.0,0.0,nr92.png,4.0,0.06469771483062925,nr100.png,7.0,0.0,nr51.png,4.0,0.0851285721455648,nr2.png,7.0,0.0,nr8.png,7.0,0.04994209565873135,nr98.png,4.0,0.0,nr29.png,3.0,0.09591152461733632,nr19.png,7.0,0.07207552441657819,nr88.png,4.0,0.008512857214556479,nr113.png,4.0,0.0,nr111.png,7.0,0.05504980998746523,nr109.png,6.0,0.09307390554581753,nr87.png,7.0,0.0,nr39.png,1.0,0.0,nr56.png,16
590,14.0,47.0,40.0,9.0,5685.0,2.0,0.0,nr85.png,1.0,0.0,nr92.png,4.0,0.06469771483062925,nr100.png,7.0,0.0,nr51.png,4.0,0.0851285721455648,nr2.png,7.0,0.0,nr8.png,7.0,0.04994209565873135,nr98.png,4.0,0.0,nr29.png,3.0,0.09591152461733632,nr19.png,7.0,0.07207552441657819,nr88.png,4.0,0.008512857214556479,nr113.png,4.0,0.0,nr111.png,7.0,0.05504980998746523,nr109.png,6.0,0.09307390554581753,nr87.png,7.0,0.0,nr39.png,1.0,0.0,nr56.png,16
591,14.0,47.0,41.0,6.0,4536.0,2.0,0.0,nr85.png,1.0,0.0,nr92.png,4.0,0.06469771483062925,nr100.png,7.0,0.0,nr51.png,4.0,0.0851285721455648,nr2.png,7.0,0.0,nr8.png,7.0,0.04994209565873135,nr98.png,4.0,0.0,nr29.png,3.0,0.09591152461733632,nr19.png,7.0,0.07207552441657819,nr88.png,4.0,0.008512857214556479,nr113.png,4.0,0.0,nr111.png,7.0,0.05504980998746523,nr109.png,6.0,0.09307390554581753,nr87.png,7.0,0.0,nr39.png,1.0,0.0,nr56.png,16
592,14.0,47.0,42.0,5.0,3943.0,2.0,0.0,nr85.png,1.0,0.0,nr92.png,4.0,0.06469771483062925,nr100.png,7.0,0.0,nr51.png,4.0,0.0851285721455648,nr2.png,7.0,0.0,nr8.png,7.0,0.04994209565873135,nr98.png,4.0,0.0,nr29.png,3.0,0.09591152461733632,nr19.png,7.0,0.07207552441657819,nr88.png,4.0,0.008512857214556479,nr113.png,4.0,0.0,nr111.png,7.0,0.05504980998746523,nr109.png,6.0,0.09307390554581753,nr87.png,7.0,0.0,nr39.png,1.0,0.0,nr56.png,16
593,14.0,47.0,43.0,6.0,3420.0,2.0,0.0,nr85.png,1.0,0.0,nr92.png,4.0,0.06469771483062925,nr100.png,7.0,0.0,nr51.png,4.0,0.0851285721455648,nr2.png,7.0,0.0,nr8.png,7.0,0.04994209565873135,nr98.png,4.0,0.0,nr29.png,3.0,0.09591152461733632,nr19.png,7.0,0.07207552441657819,nr88.png,4.0,0.008512857214556479,nr113.png,4.0,0.0,nr111.png,7.0,0.05504980998746523,nr109.png,6.0,0.09307390554581753,nr87.png,7.0,0.0,nr39.png,1.0,0.0,nr56.png,16
594,14.0,47.0,44.0,14.0,4465.0,2.0,0.0,nr85.png,1.0,0.0,nr92.png,4.0,0.06469771483062925,nr100.png,7.0,0.0,nr51.png,4.0,0.0851285721455648,nr2.png,7.0,0.0,nr8.png,7.0,0.04994209565873135,nr98.png,4.0,0.0,nr29.png,3.0,0.09591152461733632,nr19.png,7.0,0.07207552441657819,nr88.png,4.0,0.008512857214556479,nr113.png,4.0,0.0,nr111.png,7.0,0.05504980998746523,nr109.png,6.0,0.09307390554581753,nr87.png,7.0,0.0,nr39.png,1.0,0.0,nr56.png,16
595,14.0,47.0,45.0,9.0,4862.0,2.0,0.0,nr85.png,1.0,0.0,nr92.png,4.0,0.06469771483062925,nr100.png,7.0,0.0,nr51.png,4.0,0.0851285721455648,nr2.png,7.0,0.0,nr8.png,7.0,0.04994209565873135,nr98.png,4.0,0.0,nr29.png,3.0,0.09591152461733632,nr19.png,7.0,0.07207552441657819,nr88.png,4.0,0.008512857214556479,nr113.png,4.0,0.0,nr111.png,7.0,0.05504980998746523,nr109.png,6.0,0.09307390554581753,nr87.png,7.0,0.0,nr39.png,1.0,0.0,nr56.png,16
596,14.0,47.0,46.0,12.0,3974.0,2.0,0.0,nr85.png,1.0,0.0,nr92.png,4.0,0.06469771483062925,nr100.png,7.0,0.0,nr51.png,4.0,0.0851285721455648,nr2.png,7.0,0.0,nr8.png,7.0,0.04994209565873135,nr98.png,4.0,0.0,nr29.png,3.0,0.09591152461733632,nr19.png,7.0,0.07207552441657819,nr88.png,4.0,0.008512857214556479,nr113.png,4.0,0.0,nr111.png,7.0,0.05504980998746523,nr109.png,6.0,0.09307390554581753,nr87.png,7.0,0.0,nr39.png,1.0,0.0,nr56.png,16
597,14.0,47.0,47.0,6.0,3314.0,2.0,0.0,nr85.png,1.0,0.0,nr92.png,4.0,0.06469771483062925,nr100.png,7.0,0.0,nr51.png,4.0,0.0851285721455648,nr2.png,7.0,0.0,nr8.png,7.0,0.04994209565873135,nr98.png,4.0,0.0,nr29.png,3.0,0.09591152461733632,nr19.png,7.0,0.07207552441657819,nr88.png,4.0,0.008512857214556479,nr113.png,4.0,0.0,nr111.png,7.0,0.05504980998746523,nr109.png,6.0,0.09307390554581753,nr87.png,7.0,0.0,nr39.png,1.0,0.0,nr56.png,16
598,14.0,47.0,48.0,13.0,3846.0,2.0,0.0,nr85.png,1.0,0.0,nr92.png,4.0,0.06469771483062925,nr100.png,7.0,0.0,nr51.png,4.0,0.0851285721455648,nr2.png,7.0,0.0,nr8.png,7.0,0.04994209565873135,nr98.png,4.0,0.0,nr29.png,3.0,0.09591152461733632,nr19.png,7.0,0.07207552441657819,nr88.png,4.0,0.008512857214556479,nr113.png,4.0,0.0,nr111.png,7.0,0.05504980998746523,nr109.png,6.0,0.09307390554581753,nr87.png,7.0,0.0,nr39.png,1.0,0.0,nr56.png,16
599,14.0,47.0,49.0,12.0,4774.0,2.0,0.0,nr85.png,1.0,0.0,nr92.png,4.0,0.06469771483062925,nr100.png,7.0,0.0,nr51.png,4.0,0.0851285721455648,nr2.png,7.0,0.0,nr8.png,7.0,0.04994209565873135,nr98.png,4.0,0.0,nr29.png,3.0,0.09591152461733632,nr19.png,7.0,0.07207552441657819,nr88.png,4.0,0.008512857214556479,nr113.png,4.0,0.0,nr111.png,7.0,0.05504980998746523,nr109.png,6.0,0.09307390554581753,nr87.png,7.0,0.0,nr39.png,1.0,0.0,nr56.png,16
600,14.0,49.0,0.0,9.0,4201.0,4.0,0.12690794486249,nr112.png,7.0,0.09810614177313057,nr49.png,5.0,0.1005062920305772,nr106.png,4.0,0.04320270463403915,nr84.png,5.0,0.0,nr125.png,3.0,0.034502159950795155,nr90.png,1.0,0.0,nr120.png,6.0,0.028501784307178608,nr9.png,1.0,0.0,nr56.png,7.0,0.06330396304015458,nr39.png,5.0,0.026401652831912814,nr52.png,7.0,0.0,nr65.png,2.0,0.0,nr85.png,2.0,0.06600413207978204,nr4.png,3.0,0.05130321175292149,nr93.png,3.0,0.03480217873297598,nr1.png,16
601,14.0,49.0,1.0,3.0,3869.0,4.0,0.12690794486249,nr112.png,7.0,0.09810614177313057,nr49.png,5.0,0.1005062920305772,nr106.png,4.0,0.04320270463403915,nr84.png,5.0,0.0,nr125.png,3.0,0.034502159950795155,nr90.png,1.0,0.0,nr120.png,6.0,0.028501784307178608,nr9.png,1.0,0.0,nr56.png,7.0,0.06330396304015458,nr39.png,5.0,0.026401652831912814,nr52.png,7.0,0.0,nr65.png,2.0,0.0,nr85.png,2.0,0.06600413207978204,nr4.png,3.0,0.05130321175292149,nr93.png,3.0,0.03480217873297598,nr1.png,16
602,14.0,49.0,2.0,1.0,6915.0,4.0,0.12690794486249,nr112.png,7.0,0.09810614177313057,nr49.png,5.0,0.1005062920305772,nr106.png,4.0,0.04320270463403915,nr84.png,5.0,0.0,nr125.png,3.0,0.034502159950795155,nr90.png,1.0,0.0,nr120.png,6.0,0.028501784307178608,nr9.png,1.0,0.0,nr56.png,7.0,0.06330396304015458,nr39.png,5.0,0.026401652831912814,nr52.png,7.0,0.0,nr65.png,2.0,0.0,nr85.png,2.0,0.06600413207978204,nr4.png,3.0,0.05130321175292149,nr93.png,3.0,0.03480217873297598,nr1.png,16
603,14.0,49.0,3.0,0.0,8369.0,4.0,0.12690794486249,nr112.png,7.0,0.09810614177313057,nr49.png,5.0,0.1005062920305772,nr106.png,4.0,0.04320270463403915,nr84.png,5.0,0.0,nr125.png,3.0,0.034502159950795155,nr90.png,1.0,0.0,nr120.png,6.0,0.028501784307178608,nr9.png,1.0,0.0,nr56.png,7.0,0.06330396304015458,nr39.png,5.0,0.026401652831912814,nr52.png,7.0,0.0,nr65.png,2.0,0.0,nr85.png,2.0,0.06600413207978204,nr4.png,3.0,0.05130321175292149,nr93.png,3.0,0.03480217873297598,nr1.png,16
604,14.0,49.0,4.0,9.0,3378.0,4.0,0.12690794486249,nr112.png,7.0,0.09810614177313057,nr49.png,5.0,0.1005062920305772,nr106.png,4.0,0.04320270463403915,nr84.png,5.0,0.0,nr125.png,3.0,0.034502159950795155,nr90.png,1.0,0.0,nr120.png,6.0,0.028501784307178608,nr9.png,1.0,0.0,nr56.png,7.0,0.06330396304015458,nr39.png,5.0,0.026401652831912814,nr52.png,7.0,0.0,nr65.png,2.0,0.0,nr85.png,2.0,0.06600413207978204,nr4.png,3.0,0.05130321175292149,nr93.png,3.0,0.03480217873297598,nr1.png,16
605,14.0,49.0,5.0,1.0,6437.0,4.0,0.12690794486249,nr112.png,7.0,0.09810614177313057,nr49.png,5.0,0.1005062920305772,nr106.png,4.0,0.04320270463403915,nr84.png,5.0,0.0,nr125.png,3.0,0.034502159950795155,nr90.png,1.0,0.0,nr120.png,6.0,0.028501784307178608,nr9.png,1.0,0.0,nr56.png,7.0,0.06330396304015458,nr39.png,5.0,0.026401652831912814,nr52.png,7.0,0.0,nr65.png,2.0,0.0,nr85.png,2.0,0.06600413207978204,nr4.png,3.0,0.05130321175292149,nr93.png,3.0,0.03480217873297598,nr1.png,16
606,14.0,49.0,6.0,11.0,3970.0,4.0,0.12690794486249,nr112.png,7.0,0.09810614177313057,nr49.png,5.0,0.1005062920305772,nr106.png,4.0,0.04320270463403915,nr84.png,5.0,0.0,nr125.png,3.0,0.034502159950795155,nr90.png,1.0,0.0,nr120.png,6.0,0.028501784307178608,nr9.png,1.0,0.0,nr56.png,7.0,0.06330396304015458,nr39.png,5.0,0.026401652831912814,nr52.png,7.0,0.0,nr65.png,2.0,0.0,nr85.png,2.0,0.06600413207978204,nr4.png,3.0,0.05130321175292149,nr93.png,3.0,0.03480217873297598,nr1.png,16
607,14.0,49.0,7.0,0.0,4308.0,4.0,0.12690794486249,nr112.png,7.0,0.09810614177313057,nr49.png,5.0,0.1005062920305772,nr106.png,4.0,0.04320270463403915,nr84.png,5.0,0.0,nr125.png,3.0,0.034502159950795155,nr90.png,1.0,0.0,nr120.png,6.0,0.028501784307178608,nr9.png,1.0,0.0,nr56.png,7.0,0.06330396304015458,nr39.png,5.0,0.026401652831912814,nr52.png,7.0,0.0,nr65.png,2.0,0.0,nr85.png,2.0,0.06600413207978204,nr4.png,3.0,0.05130321175292149,nr93.png,3.0,0.03480217873297598,nr1.png,16
608,14.0,49.0,8.0,11.0,3993.0,4.0,0.12690794486249,nr112.png,7.0,0.09810614177313057,nr49.png,5.0,0.1005062920305772,nr106.png,4.0,0.04320270463403915,nr84.png,5.0,0.0,nr125.png,3.0,0.034502159950795155,nr90.png,1.0,0.0,nr120.png,6.0,0.028501784307178608,nr9.png,1.0,0.0,nr56.png,7.0,0.06330396304015458,nr39.png,5.0,0.026401652831912814,nr52.png,7.0,0.0,nr65.png,2.0,0.0,nr85.png,2.0,0.06600413207978204,nr4.png,3.0,0.05130321175292149,nr93.png,3.0,0.03480217873297598,nr1.png,16
609,14.0,49.0,9.0,10.0,4531.0,4.0,0.12690794486249,nr112.png,7.0,0.09810614177313057,nr49.png,5.0,0.1005062920305772,nr106.png,4.0,0.04320270463403915,nr84.png,5.0,0.0,nr125.png,3.0,0.034502159950795155,nr90.png,1.0,0.0,nr120.png,6.0,0.028501784307178608,nr9.png,1.0,0.0,nr56.png,7.0,0.06330396304015458,nr39.png,5.0,0.026401652831912814,nr52.png,7.0,0.0,nr65.png,2.0,0.0,nr85.png,2.0,0.06600413207978204,nr4.png,3.0,0.05130321175292149,nr93.png,3.0,0.03480217873297598,nr1.png,16
610,14.0,49.0,10.0,9.0,4182.0,4.0,0.12690794486249,nr112.png,7.0,0.09810614177313057,nr49.png,5.0,0.1005062920305772,nr106.png,4.0,0.04320270463403915,nr84.png,5.0,0.0,nr125.png,3.0,0.034502159950795155,nr90.png,1.0,0.0,nr120.png,6.0,0.028501784307178608,nr9.png,1.0,0.0,nr56.png,7.0,0.06330396304015458,nr39.png,5.0,0.026401652831912814,nr52.png,7.0,0.0,nr65.png,2.0,0.0,nr85.png,2.0,0.06600413207978204,nr4.png,3.0,0.05130321175292149,nr93.png,3.0,0.03480217873297598,nr1.png,16
611,14.0,49.0,11.0,9.0,4732.0,4.0,0.12690794486249,nr112.png,7.0,0.09810614177313057,nr49.png,5.0,0.1005062920305772,nr106.png,4.0,0.04320270463403915,nr84.png,5.0,0.0,nr125.png,3.0,0.034502159950795155,nr90.png,1.0,0.0,nr120.png,6.0,0.028501784307178608,nr9.png,1.0,0.0,nr56.png,7.0,0.06330396304015458,nr39.png,5.0,0.026401652831912814,nr52.png,7.0,0.0,nr65.png,2.0,0.0,nr85.png,2.0,0.06600413207978204,nr4.png,3.0,0.05130321175292149,nr93.png,3.0,0.03480217873297598,nr1.png,16
612,14.0,49.0,12.0,9.0,6306.0,4.0,0.12690794486249,nr112.png,7.0,0.09810614177313057,nr49.png,5.0,0.1005062920305772,nr106.png,4.0,0.04320270463403915,nr84.png,5.0,0.0,nr125.png,3.0,0.034502159950795155,nr90.png,1.0,0.0,nr120.png,6.0,0.028501784307178608,nr9.png,1.0,0.0,nr56.png,7.0,0.06330396304015458,nr39.png,5.0,0.026401652831912814,nr52.png,7.0,0.0,nr65.png,2.0,0.0,nr85.png,2.0,0.06600413207978204,nr4.png,3.0,0.05130321175292149,nr93.png,3.0,0.03480217873297598,nr1.png,16
613,14.0,49.0,13.0,9.0,4263.0,4.0,0.12690794486249,nr112.png,7.0,0.09810614177313057,nr49.png,5.0,0.1005062920305772,nr106.png,4.0,0.04320270463403915,nr84.png,5.0,0.0,nr125.png,3.0,0.034502159950795155,nr90.png,1.0,0.0,nr120.png,6.0,0.028501784307178608,nr9.png,1.0,0.0,nr56.png,7.0,0.06330396304015458,nr39.png,5.0,0.026401652831912814,nr52.png,7.0,0.0,nr65.png,2.0,0.0,nr85.png,2.0,0.06600413207978204,nr4.png,3.0,0.05130321175292149,nr93.png,3.0,0.03480217873297598,nr1.png,16
614,14.0,49.0,14.0,1.0,4162.0,4.0,0.12690794486249,nr112.png,7.0,0.09810614177313057,nr49.png,5.0,0.1005062920305772,nr106.png,4.0,0.04320270463403915,nr84.png,5.0,0.0,nr125.png,3.0,0.034502159950795155,nr90.png,1.0,0.0,nr120.png,6.0,0.028501784307178608,nr9.png,1.0,0.0,nr56.png,7.0,0.06330396304015458,nr39.png,5.0,0.026401652831912814,nr52.png,7.0,0.0,nr65.png,2.0,0.0,nr85.png,2.0,0.06600413207978204,nr4.png,3.0,0.05130321175292149,nr93.png,3.0,0.03480217873297598,nr1.png,16
615,14.0,49.0,15.0,9.0,6396.0,4.0,0.12690794486249,nr112.png,7.0,0.09810614177313057,nr49.png,5.0,0.1005062920305772,nr106.png,4.0,0.04320270463403915,nr84.png,5.0,0.0,nr125.png,3.0,0.034502159950795155,nr90.png,1.0,0.0,nr120.png,6.0,0.028501784307178608,nr9.png,1.0,0.0,nr56.png,7.0,0.06330396304015458,nr39.png,5.0,0.026401652831912814,nr52.png,7.0,0.0,nr65.png,2.0,0.0,nr85.png,2.0,0.06600413207978204,nr4.png,3.0,0.05130321175292149,nr93.png,3.0,0.03480217873297598,nr1.png,16
616,14.0,49.0,16.0,5.0,7357.0,4.0,0.12690794486249,nr112.png,7.0,0.09810614177313057,nr49.png,5.0,0.1005062920305772,nr106.png,4.0,0.04320270463403915,nr84.png,5.0,0.0,nr125.png,3.0,0.034502159950795155,nr90.png,1.0,0.0,nr120.png,6.0,0.028501784307178608,nr9.png,1.0,0.0,nr56.png,7.0,0.06330396304015458,nr39.png,5.0,0.026401652831912814,nr52.png,7.0,0.0,nr65.png,2.0,0.0,nr85.png,2.0,0.06600413207978204,nr4.png,3.0,0.05130321175292149,nr93.png,3.0,0.03480217873297598,nr1.png,16
617,14.0,49.0,17.0,11.0,4629.0,4.0,0.12690794486249,nr112.png,7.0,0.09810614177313057,nr49.png,5.0,0.1005062920305772,nr106.png,4.0,0.04320270463403915,nr84.png,5.0,0.0,nr125.png,3.0,0.034502159950795155,nr90.png,1.0,0.0,nr120.png,6.0,0.028501784307178608,nr9.png,1.0,0.0,nr56.png,7.0,0.06330396304015458,nr39.png,5.0,0.026401652831912814,nr52.png,7.0,0.0,nr65.png,2.0,0.0,nr85.png,2.0,0.06600413207978204,nr4.png,3.0,0.05130321175292149,nr93.png,3.0,0.03480217873297598,nr1.png,16
618,14.0,49.0,18.0,11.0,5439.0,4.0,0.12690794486249,nr112.png,7.0,0.09810614177313057,nr49.png,5.0,0.1005062920305772,nr106.png,4.0,0.04320270463403915,nr84.png,5.0,0.0,nr125.png,3.0,0.034502159950795155,nr90.png,1.0,0.0,nr120.png,6.0,0.028501784307178608,nr9.png,1.0,0.0,nr56.png,7.0,0.06330396304015458,nr39.png,5.0,0.026401652831912814,nr52.png,7.0,0.0,nr65.png,2.0,0.0,nr85.png,2.0,0.06600413207978204,nr4.png,3.0,0.05130321175292149,nr93.png,3.0,0.03480217873297598,nr1.png,16
619,14.0,49.0,19.0,1.0,3812.0,4.0,0.12690794486249,nr112.png,7.0,0.09810614177313057,nr49.png,5.0,0.1005062920305772,nr106.png,4.0,0.04320270463403915,nr84.png,5.0,0.0,nr125.png,3.0,0.034502159950795155,nr90.png,1.0,0.0,nr120.png,6.0,0.028501784307178608,nr9.png,1.0,0.0,nr56.png,7.0,0.06330396304015458,nr39.png,5.0,0.026401652831912814,nr52.png,7.0,0.0,nr65.png,2.0,0.0,nr85.png,2.0,0.06600413207978204,nr4.png,3.0,0.05130321175292149,nr93.png,3.0,0.03480217873297598,nr1.png,16
620,14.0,49.0,20.0,9.0,5375.0,4.0,0.12690794486249,nr112.png,7.0,0.09810614177313057,nr49.png,5.0,0.1005062920305772,nr106.png,4.0,0.04320270463403915,nr84.png,5.0,0.0,nr125.png,3.0,0.034502159950795155,nr90.png,1.0,0.0,nr120.png,6.0,0.028501784307178608,nr9.png,1.0,0.0,nr56.png,7.0,0.06330396304015458,nr39.png,5.0,0.026401652831912814,nr52.png,7.0,0.0,nr65.png,2.0,0.0,nr85.png,2.0,0.06600413207978204,nr4.png,3.0,0.05130321175292149,nr93.png,3.0,0.03480217873297598,nr1.png,16
621,14.0,49.0,21.0,1.0,6255.0,4.0,0.12690794486249,nr112.png,7.0,0.09810614177313057,nr49.png,5.0,0.1005062920305772,nr106.png,4.0,0.04320270463403915,nr84.png,5.0,0.0,nr125.png,3.0,0.034502159950795155,nr90.png,1.0,0.0,nr120.png,6.0,0.028501784307178608,nr9.png,1.0,0.0,nr56.png,7.0,0.06330396304015458,nr39.png,5.0,0.026401652831912814,nr52.png,7.0,0.0,nr65.png,2.0,0.0,nr85.png,2.0,0.06600413207978204,nr4.png,3.0,0.05130321175292149,nr93.png,3.0,0.03480217873297598,nr1.png,16
622,14.0,49.0,22.0,1.0,4385.0,4.0,0.12690794486249,nr112.png,7.0,0.09810614177313057,nr49.png,5.0,0.1005062920305772,nr106.png,4.0,0.04320270463403915,nr84.png,5.0,0.0,nr125.png,3.0,0.034502159950795155,nr90.png,1.0,0.0,nr120.png,6.0,0.028501784307178608,nr9.png,1.0,0.0,nr56.png,7.0,0.06330396304015458,nr39.png,5.0,0.026401652831912814,nr52.png,7.0,0.0,nr65.png,2.0,0.0,nr85.png,2.0,0.06600413207978204,nr4.png,3.0,0.05130321175292149,nr93.png,3.0,0.03480217873297598,nr1.png,16
623,14.0,49.0,23.0,0.0,5468.0,4.0,0.12690794486249,nr112.png,7.0,0.09810614177313057,nr49.png,5.0,0.1005062920305772,nr106.png,4.0,0.04320270463403915,nr84.png,5.0,0.0,nr125.png,3.0,0.034502159950795155,nr90.png,1.0,0.0,nr120.png,6.0,0.028501784307178608,nr9.png,1.0,0.0,nr56.png,7.0,0.06330396304015458,nr39.png,5.0,0.026401652831912814,nr52.png,7.0,0.0,nr65.png,2.0,0.0,nr85.png,2.0,0.06600413207978204,nr4.png,3.0,0.05130321175292149,nr93.png,3.0,0.03480217873297598,nr1.png,16
624,14.0,49.0,24.0,1.0,4653.0,4.0,0.12690794486249,nr112.png,7.0,0.09810614177313057,nr49.png,5.0,0.1005062920305772,nr106.png,4.0,0.04320270463403915,nr84.png,5.0,0.0,nr125.png,3.0,0.034502159950795155,nr90.png,1.0,0.0,nr120.png,6.0,0.028501784307178608,nr9.png,1.0,0.0,nr56.png,7.0,0.06330396304015458,nr39.png,5.0,0.026401652831912814,nr52.png,7.0,0.0,nr65.png,2.0,0.0,nr85.png,2.0,0.06600413207978204,nr4.png,3.0,0.05130321175292149,nr93.png,3.0,0.03480217873297598,nr1.png,16
625,14.0,49.0,25.0,9.0,3610.0,4.0,0.12690794486249,nr112.png,7.0,0.09810614177313057,nr49.png,5.0,0.1005062920305772,nr106.png,4.0,0.04320270463403915,nr84.png,5.0,0.0,nr125.png,3.0,0.034502159950795155,nr90.png,1.0,0.0,nr120.png,6.0,0.028501784307178608,nr9.png,1.0,0.0,nr56.png,7.0,0.06330396304015458,nr39.png,5.0,0.026401652831912814,nr52.png,7.0,0.0,nr65.png,2.0,0.0,nr85.png,2.0,0.06600413207978204,nr4.png,3.0,0.05130321175292149,nr93.png,3.0,0.03480217873297598,nr1.png,16
626,14.0,49.0,26.0,11.0,5508.0,4.0,0.12690794486249,nr112.png,7.0,0.09810614177313057,nr49.png,5.0,0.1005062920305772,nr106.png,4.0,0.04320270463403915,nr84.png,5.0,0.0,nr125.png,3.0,0.034502159950795155,nr90.png,1.0,0.0,nr120.png,6.0,0.028501784307178608,nr9.png,1.0,0.0,nr56.png,7.0,0.06330396304015458,nr39.png,5.0,0.026401652831912814,nr52.png,7.0,0.0,nr65.png,2.0,0.0,nr85.png,2.0,0.06600413207978204,nr4.png,3.0,0.05130321175292149,nr93.png,3.0,0.03480217873297598,nr1.png,16
627,14.0,49.0,27.0,1.0,3573.0,4.0,0.12690794486249,nr112.png,7.0,0.09810614177313057,nr49.png,5.0,0.1005062920305772,nr106.png,4.0,0.04320270463403915,nr84.png,5.0,0.0,nr125.png,3.0,0.034502159950795155,nr90.png,1.0,0.0,nr120.png,6.0,0.028501784307178608,nr9.png,1.0,0.0,nr56.png,7.0,0.06330396304015458,nr39.png,5.0,0.026401652831912814,nr52.png,7.0,0.0,nr65.png,2.0,0.0,nr85.png,2.0,0.06600413207978204,nr4.png,3.0,0.05130321175292149,nr93.png,3.0,0.03480217873297598,nr1.png,16
628,14.0,49.0,28.0,11.0,5173.0,4.0,0.12690794486249,nr112.png,7.0,0.09810614177313057,nr49.png,5.0,0.1005062920305772,nr106.png,4.0,0.04320270463403915,nr84.png,5.0,0.0,nr125.png,3.0,0.034502159950795155,nr90.png,1.0,0.0,nr120.png,6.0,0.028501784307178608,nr9.png,1.0,0.0,nr56.png,7.0,0.06330396304015458,nr39.png,5.0,0.026401652831912814,nr52.png,7.0,0.0,nr65.png,2.0,0.0,nr85.png,2.0,0.06600413207978204,nr4.png,3.0,0.05130321175292149,nr93.png,3.0,0.03480217873297598,nr1.png,16
629,14.0,49.0,29.0,1.0,4870.0,4.0,0.12690794486249,nr112.png,7.0,0.09810614177313057,nr49.png,5.0,0.1005062920305772,nr106.png,4.0,0.04320270463403915,nr84.png,5.0,0.0,nr125.png,3.0,0.034502159950795155,nr90.png,1.0,0.0,nr120.png,6.0,0.028501784307178608,nr9.png,1.0,0.0,nr56.png,7.0,0.06330396304015458,nr39.png,5.0,0.026401652831912814,nr52.png,7.0,0.0,nr65.png,2.0,0.0,nr85.png,2.0,0.06600413207978204,nr4.png,3.0,0.05130321175292149,nr93.png,3.0,0.03480217873297598,nr1.png,16
630,14.0,49.0,30.0,9.0,3745.0,4.0,0.12690794486249,nr112.png,7.0,0.09810614177313057,nr49.png,5.0,0.1005062920305772,nr106.png,4.0,0.04320270463403915,nr84.png,5.0,0.0,nr125.png,3.0,0.034502159950795155,nr90.png,1.0,0.0,nr120.png,6.0,0.028501784307178608,nr9.png,1.0,0.0,nr56.png,7.0,0.06330396304015458,nr39.png,5.0,0.026401652831912814,nr52.png,7.0,0.0,nr65.png,2.0,0.0,nr85.png,2.0,0.06600413207978204,nr4.png,3.0,0.05130321175292149,nr93.png,3.0,0.03480217873297598,nr1.png,16
631,14.0,49.0,31.0,1.0,4716.0,4.0,0.12690794486249,nr112.png,7.0,0.09810614177313057,nr49.png,5.0,0.1005062920305772,nr106.png,4.0,0.04320270463403915,nr84.png,5.0,0.0,nr125.png,3.0,0.034502159950795155,nr90.png,1.0,0.0,nr120.png,6.0,0.028501784307178608,nr9.png,1.0,0.0,nr56.png,7.0,0.06330396304015458,nr39.png,5.0,0.026401652831912814,nr52.png,7.0,0.0,nr65.png,2.0,0.0,nr85.png,2.0,0.06600413207978204,nr4.png,3.0,0.05130321175292149,nr93.png,3.0,0.03480217873297598,nr1.png,16
632,14.0,49.0,32.0,9.0,3539.0,4.0,0.12690794486249,nr112.png,7.0,0.09810614177313057,nr49.png,5.0,0.1005062920305772,nr106.png,4.0,0.04320270463403915,nr84.png,5.0,0.0,nr125.png,3.0,0.034502159950795155,nr90.png,1.0,0.0,nr120.png,6.0,0.028501784307178608,nr9.png,1.0,0.0,nr56.png,7.0,0.06330396304015458,nr39.png,5.0,0.026401652831912814,nr52.png,7.0,0.0,nr65.png,2.0,0.0,nr85.png,2.0,0.06600413207978204,nr4.png,3.0,0.05130321175292149,nr93.png,3.0,0.03480217873297598,nr1.png,16
633,14.0,49.0,33.0,11.0,8197.0,4.0,0.12690794486249,nr112.png,7.0,0.09810614177313057,nr49.png,5.0,0.1005062920305772,nr106.png,4.0,0.04320270463403915,nr84.png,5.0,0.0,nr125.png,3.0,0.034502159950795155,nr90.png,1.0,0.0,nr120.png,6.0,0.028501784307178608,nr9.png,1.0,0.0,nr56.png,7.0,0.06330396304015458,nr39.png,5.0,0.026401652831912814,nr52.png,7.0,0.0,nr65.png,2.0,0.0,nr85.png,2.0,0.06600413207978204,nr4.png,3.0,0.05130321175292149,nr93.png,3.0,0.03480217873297598,nr1.png,16
634,14.0,49.0,34.0,11.0,4256.0,4.0,0.12690794486249,nr112.png,7.0,0.09810614177313057,nr49.png,5.0,0.1005062920305772,nr106.png,4.0,0.04320270463403915,nr84.png,5.0,0.0,nr125.png,3.0,0.034502159950795155,nr90.png,1.0,0.0,nr120.png,6.0,0.028501784307178608,nr9.png,1.0,0.0,nr56.png,7.0,0.06330396304015458,nr39.png,5.0,0.026401652831912814,nr52.png,7.0,0.0,nr65.png,2.0,0.0,nr85.png,2.0,0.06600413207978204,nr4.png,3.0,0.05130321175292149,nr93.png,3.0,0.03480217873297598,nr1.png,16
635,14.0,49.0,35.0,1.0,5024.0,4.0,0.12690794486249,nr112.png,7.0,0.09810614177313057,nr49.png,5.0,0.1005062920305772,nr106.png,4.0,0.04320270463403915,nr84.png,5.0,0.0,nr125.png,3.0,0.034502159950795155,nr90.png,1.0,0.0,nr120.png,6.0,0.028501784307178608,nr9.png,1.0,0.0,nr56.png,7.0,0.06330396304015458,nr39.png,5.0,0.026401652831912814,nr52.png,7.0,0.0,nr65.png,2.0,0.0,nr85.png,2.0,0.06600413207978204,nr4.png,3.0,0.05130321175292149,nr93.png,3.0,0.03480217873297598,nr1.png,16
636,14.0,49.0,36.0,11.0,4867.0,4.0,0.12690794486249,nr112.png,7.0,0.09810614177313057,nr49.png,5.0,0.1005062920305772,nr106.png,4.0,0.04320270463403915,nr84.png,5.0,0.0,nr125.png,3.0,0.034502159950795155,nr90.png,1.0,0.0,nr120.png,6.0,0.028501784307178608,nr9.png,1.0,0.0,nr56.png,7.0,0.06330396304015458,nr39.png,5.0,0.026401652831912814,nr52.png,7.0,0.0,nr65.png,2.0,0.0,nr85.png,2.0,0.06600413207978204,nr4.png,3.0,0.05130321175292149,nr93.png,3.0,0.03480217873297598,nr1.png,16
637,14.0,49.0,37.0,1.0,3850.0,4.0,0.12690794486249,nr112.png,7.0,0.09810614177313057,nr49.png,5.0,0.1005062920305772,nr106.png,4.0,0.04320270463403915,nr84.png,5.0,0.0,nr125.png,3.0,0.034502159950795155,nr90.png,1.0,0.0,nr120.png,6.0,0.028501784307178608,nr9.png,1.0,0.0,nr56.png,7.0,0.06330396304015458,nr39.png,5.0,0.026401652831912814,nr52.png,7.0,0.0,nr65.png,2.0,0.0,nr85.png,2.0,0.06600413207978204,nr4.png,3.0,0.05130321175292149,nr93.png,3.0,0.03480217873297598,nr1.png,16
638,14.0,49.0,38.0,1.0,5651.0,4.0,0.12690794486249,nr112.png,7.0,0.09810614177313057,nr49.png,5.0,0.1005062920305772,nr106.png,4.0,0.04320270463403915,nr84.png,5.0,0.0,nr125.png,3.0,0.034502159950795155,nr90.png,1.0,0.0,nr120.png,6.0,0.028501784307178608,nr9.png,1.0,0.0,nr56.png,7.0,0.06330396304015458,nr39.png,5.0,0.026401652831912814,nr52.png,7.0,0.0,nr65.png,2.0,0.0,nr85.png,2.0,0.06600413207978204,nr4.png,3.0,0.05130321175292149,nr93.png,3.0,0.03480217873297598,nr1.png,16
639,14.0,49.0,39.0,11.0,4030.0,4.0,0.12690794486249,nr112.png,7.0,0.09810614177313057,nr49.png,5.0,0.1005062920305772,nr106.png,4.0,0.04320270463403915,nr84.png,5.0,0.0,nr125.png,3.0,0.034502159950795155,nr90.png,1.0,0.0,nr120.png,6.0,0.028501784307178608,nr9.png,1.0,0.0,nr56.png,7.0,0.06330396304015458,nr39.png,5.0,0.026401652831912814,nr52.png,7.0,0.0,nr65.png,2.0,0.0,nr85.png,2.0,0.06600413207978204,nr4.png,3.0,0.05130321175292149,nr93.png,3.0,0.03480217873297598,nr1.png,16
640,14.0,49.0,40.0,9.0,4863.0,4.0,0.12690794486249,nr112.png,7.0,0.09810614177313057,nr49.png,5.0,0.1005062920305772,nr106.png,4.0,0.04320270463403915,nr84.png,5.0,0.0,nr125.png,3.0,0.034502159950795155,nr90.png,1.0,0.0,nr120.png,6.0,0.028501784307178608,nr9.png,1.0,0.0,nr56.png,7.0,0.06330396304015458,nr39.png,5.0,0.026401652831912814,nr52.png,7.0,0.0,nr65.png,2.0,0.0,nr85.png,2.0,0.06600413207978204,nr4.png,3.0,0.05130321175292149,nr93.png,3.0,0.03480217873297598,nr1.png,16
641,14.0,49.0,41.0,2.0,5799.0,4.0,0.12690794486249,nr112.png,7.0,0.09810614177313057,nr49.png,5.0,0.1005062920305772,nr106.png,4.0,0.04320270463403915,nr84.png,5.0,0.0,nr125.png,3.0,0.034502159950795155,nr90.png,1.0,0.0,nr120.png,6.0,0.028501784307178608,nr9.png,1.0,0.0,nr56.png,7.0,0.06330396304015458,nr39.png,5.0,0.026401652831912814,nr52.png,7.0,0.0,nr65.png,2.0,0.0,nr85.png,2.0,0.06600413207978204,nr4.png,3.0,0.05130321175292149,nr93.png,3.0,0.03480217873297598,nr1.png,16
642,14.0,49.0,42.0,4.0,3848.0,4.0,0.12690794486249,nr112.png,7.0,0.09810614177313057,nr49.png,5.0,0.1005062920305772,nr106.png,4.0,0.04320270463403915,nr84.png,5.0,0.0,nr125.png,3.0,0.034502159950795155,nr90.png,1.0,0.0,nr120.png,6.0,0.028501784307178608,nr9.png,1.0,0.0,nr56.png,7.0,0.06330396304015458,nr39.png,5.0,0.026401652831912814,nr52.png,7.0,0.0,nr65.png,2.0,0.0,nr85.png,2.0,0.06600413207978204,nr4.png,3.0,0.05130321175292149,nr93.png,3.0,0.03480217873297598,nr1.png,16
643,14.0,49.0,43.0,11.0,3725.0,4.0,0.12690794486249,nr112.png,7.0,0.09810614177313057,nr49.png,5.0,0.1005062920305772,nr106.png,4.0,0.04320270463403915,nr84.png,5.0,0.0,nr125.png,3.0,0.034502159950795155,nr90.png,1.0,0.0,nr120.png,6.0,0.028501784307178608,nr9.png,1.0,0.0,nr56.png,7.0,0.06330396304015458,nr39.png,5.0,0.026401652831912814,nr52.png,7.0,0.0,nr65.png,2.0,0.0,nr85.png,2.0,0.06600413207978204,nr4.png,3.0,0.05130321175292149,nr93.png,3.0,0.03480217873297598,nr1.png,16
644,14.0,49.0,44.0,1.0,4988.0,4.0,0.12690794486249,nr112.png,7.0,0.09810614177313057,nr49.png,5.0,0.1005062920305772,nr106.png,4.0,0.04320270463403915,nr84.png,5.0,0.0,nr125.png,3.0,0.034502159950795155,nr90.png,1.0,0.0,nr120.png,6.0,0.028501784307178608,nr9.png,1.0,0.0,nr56.png,7.0,0.06330396304015458,nr39.png,5.0,0.026401652831912814,nr52.png,7.0,0.0,nr65.png,2.0,0.0,nr85.png,2.0,0.06600413207978204,nr4.png,3.0,0.05130321175292149,nr93.png,3.0,0.03480217873297598,nr1.png,16
645,14.0,49.0,45.0,1.0,5584.0,4.0,0.12690794486249,nr112.png,7.0,0.09810614177313057,nr49.png,5.0,0.1005062920305772,nr106.png,4.0,0.04320270463403915,nr84.png,5.0,0.0,nr125.png,3.0,0.034502159950795155,nr90.png,1.0,0.0,nr120.png,6.0,0.028501784307178608,nr9.png,1.0,0.0,nr56.png,7.0,0.06330396304015458,nr39.png,5.0,0.026401652831912814,nr52.png,7.0,0.0,nr65.png,2.0,0.0,nr85.png,2.0,0.06600413207978204,nr4.png,3.0,0.05130321175292149,nr93.png,3.0,0.03480217873297598,nr1.png,16
646,14.0,49.0,46.0,9.0,6752.0,4.0,0.12690794486249,nr112.png,7.0,0.09810614177313057,nr49.png,5.0,0.1005062920305772,nr106.png,4.0,0.04320270463403915,nr84.png,5.0,0.0,nr125.png,3.0,0.034502159950795155,nr90.png,1.0,0.0,nr120.png,6.0,0.028501784307178608,nr9.png,1.0,0.0,nr56.png,7.0,0.06330396304015458,nr39.png,5.0,0.026401652831912814,nr52.png,7.0,0.0,nr65.png,2.0,0.0,nr85.png,2.0,0.06600413207978204,nr4.png,3.0,0.05130321175292149,nr93.png,3.0,0.03480217873297598,nr1.png,16
647,14.0,49.0,47.0,1.0,4630.0,4.0,0.12690794486249,nr112.png,7.0,0.09810614177313057,nr49.png,5.0,0.1005062920305772,nr106.png,4.0,0.04320270463403915,nr84.png,5.0,0.0,nr125.png,3.0,0.034502159950795155,nr90.png,1.0,0.0,nr120.png,6.0,0.028501784307178608,nr9.png,1.0,0.0,nr56.png,7.0,0.06330396304015458,nr39.png,5.0,0.026401652831912814,nr52.png,7.0,0.0,nr65.png,2.0,0.0,nr85.png,2.0,0.06600413207978204,nr4.png,3.0,0.05130321175292149,nr93.png,3.0,0.03480217873297598,nr1.png,16
648,14.0,49.0,48.0,1.0,5076.0,4.0,0.12690794486249,nr112.png,7.0,0.09810614177313057,nr49.png,5.0,0.1005062920305772,nr106.png,4.0,0.04320270463403915,nr84.png,5.0,0.0,nr125.png,3.0,0.034502159950795155,nr90.png,1.0,0.0,nr120.png,6.0,0.028501784307178608,nr9.png,1.0,0.0,nr56.png,7.0,0.06330396304015458,nr39.png,5.0,0.026401652831912814,nr52.png,7.0,0.0,nr65.png,2.0,0.0,nr85.png,2.0,0.06600413207978204,nr4.png,3.0,0.05130321175292149,nr93.png,3.0,0.03480217873297598,nr1.png,16
649,14.0,49.0,49.0,7.0,5350.0,4.0,0.12690794486249,nr112.png,7.0,0.09810614177313057,nr49.png,5.0,0.1005062920305772,nr106.png,4.0,0.04320270463403915,nr84.png,5.0,0.0,nr125.png,3.0,0.034502159950795155,nr90.png,1.0,0.0,nr120.png,6.0,0.028501784307178608,nr9.png,1.0,0.0,nr56.png,7.0,0.06330396304015458,nr39.png,5.0,0.026401652831912814,nr52.png,7.0,0.0,nr65.png,2.0,0.0,nr85.png,2.0,0.06600413207978204,nr4.png,3.0,0.05130321175292149,nr93.png,3.0,0.03480217873297598,nr1.png,16
650,14.0,55.0,0.0,3.0,5869.0,7.0,0.07990437390134146,nr88.png,7.0,0.0,nr46.png,3.0,0.0,nr19.png,7.0,0.09517065671989043,nr63.png,6.0,0.0,nr18.png,5.0,0.09224732596740233,nr106.png,4.0,0.12148063349228334,nr2.png,1.0,0.0,nr41.png,7.0,0.0,nr45.png,3.0,0.04027700147872496,nr69.png,6.0,0.0,nr83.png,7.0,0.0,nr12.png,7.0,0.13707173083888655,nr79.png,7.0,0.07860511578912452,nr89.png,7.0,0.0,nr28.png,1.0,0.0,nr101.png,16
651,14.0,55.0,1.0,8.0,5115.0,7.0,0.07990437390134146,nr88.png,7.0,0.0,nr46.png,3.0,0.0,nr19.png,7.0,0.09517065671989043,nr63.png,6.0,0.0,nr18.png,5.0,0.09224732596740233,nr106.png,4.0,0.12148063349228334,nr2.png,1.0,0.0,nr41.png,7.0,0.0,nr45.png,3.0,0.04027700147872496,nr69.png,6.0,0.0,nr83.png,7.0,0.0,nr12.png,7.0,0.13707173083888655,nr79.png,7.0,0.07860511578912452,nr89.png,7.0,0.0,nr28.png,1.0,0.0,nr101.png,16
652,14.0,55.0,2.0,14.0,4680.0,7.0,0.07990437390134146,nr88.png,7.0,0.0,nr46.png,3.0,0.0,nr19.png,7.0,0.09517065671989043,nr63.png,6.0,0.0,nr18.png,5.0,0.09224732596740233,nr106.png,4.0,0.12148063349228334,nr2.png,1.0,0.0,nr41.png,7.0,0.0,nr45.png,3.0,0.04027700147872496,nr69.png,6.0,0.0,nr83.png,7.0,0.0,nr12.png,7.0,0.13707173083888655,nr79.png,7.0,0.07860511578912452,nr89.png,7.0,0.0,nr28.png,1.0,0.0,nr101.png,16
653,14.0,55.0,3.0,3.0,4477.0,7.0,0.07990437390134146,nr88.png,7.0,0.0,nr46.png,3.0,0.0,nr19.png,7.0,0.09517065671989043,nr63.png,6.0,0.0,nr18.png,5.0,0.09224732596740233,nr106.png,4.0,0.12148063349228334,nr2.png,1.0,0.0,nr41.png,7.0,0.0,nr45.png,3.0,0.04027700147872496,nr69.png,6.0,0.0,nr83.png,7.0,0.0,nr12.png,7.0,0.13707173083888655,nr79.png,7.0,0.07860511578912452,nr89.png,7.0,0.0,nr28.png,1.0,0.0,nr101.png,16
654,14.0,55.0,4.0,11.0,4390.0,7.0,0.07990437390134146,nr88.png,7.0,0.0,nr46.png,3.0,0.0,nr19.png,7.0,0.09517065671989043,nr63.png,6.0,0.0,nr18.png,5.0,0.09224732596740233,nr106.png,4.0,0.12148063349228334,nr2.png,1.0,0.0,nr41.png,7.0,0.0,nr45.png,3.0,0.04027700147872496,nr69.png,6.0,0.0,nr83.png,7.0,0.0,nr12.png,7.0,0.13707173083888655,nr79.png,7.0,0.07860511578912452,nr89.png,7.0,0.0,nr28.png,1.0,0.0,nr101.png,16
655,14.0,55.0,5.0,13.0,4269.0,7.0,0.07990437390134146,nr88.png,7.0,0.0,nr46.png,3.0,0.0,nr19.png,7.0,0.09517065671989043,nr63.png,6.0,0.0,nr18.png,5.0,0.09224732596740233,nr106.png,4.0,0.12148063349228334,nr2.png,1.0,0.0,nr41.png,7.0,0.0,nr45.png,3.0,0.04027700147872496,nr69.png,6.0,0.0,nr83.png,7.0,0.0,nr12.png,7.0,0.13707173083888655,nr79.png,7.0,0.07860511578912452,nr89.png,7.0,0.0,nr28.png,1.0,0.0,nr101.png,16
656,14.0,55.0,6.0,0.0,5620.0,7.0,0.07990437390134146,nr88.png,7.0,0.0,nr46.png,3.0,0.0,nr19.png,7.0,0.09517065671989043,nr63.png,6.0,0.0,nr18.png,5.0,0.09224732596740233,nr106.png,4.0,0.12148063349228334,nr2.png,1.0,0.0,nr41.png,7.0,0.0,nr45.png,3.0,0.04027700147872496,nr69.png,6.0,0.0,nr83.png,7.0,0.0,nr12.png,7.0,0.13707173083888655,nr79.png,7.0,0.07860511578912452,nr89.png,7.0,0.0,nr28.png,1.0,0.0,nr101.png,16
657,14.0,55.0,7.0,12.0,4757.0,7.0,0.07990437390134146,nr88.png,7.0,0.0,nr46.png,3.0,0.0,nr19.png,7.0,0.09517065671989043,nr63.png,6.0,0.0,nr18.png,5.0,0.09224732596740233,nr106.png,4.0,0.12148063349228334,nr2.png,1.0,0.0,nr41.png,7.0,0.0,nr45.png,3.0,0.04027700147872496,nr69.png,6.0,0.0,nr83.png,7.0,0.0,nr12.png,7.0,0.13707173083888655,nr79.png,7.0,0.07860511578912452,nr89.png,7.0,0.0,nr28.png,1.0,0.0,nr101.png,16
658,14.0,55.0,8.0,12.0,3044.0,7.0,0.07990437390134146,nr88.png,7.0,0.0,nr46.png,3.0,0.0,nr19.png,7.0,0.09517065671989043,nr63.png,6.0,0.0,nr18.png,5.0,0.09224732596740233,nr106.png,4.0,0.12148063349228334,nr2.png,1.0,0.0,nr41.png,7.0,0.0,nr45.png,3.0,0.04027700147872496,nr69.png,6.0,0.0,nr83.png,7.0,0.0,nr12.png,7.0,0.13707173083888655,nr79.png,7.0,0.07860511578912452,nr89.png,7.0,0.0,nr28.png,1.0,0.0,nr101.png,16
659,14.0,55.0,9.0,13.0,4154.0,7.0,0.07990437390134146,nr88.png,7.0,0.0,nr46.png,3.0,0.0,nr19.png,7.0,0.09517065671989043,nr63.png,6.0,0.0,nr18.png,5.0,0.09224732596740233,nr106.png,4.0,0.12148063349228334,nr2.png,1.0,0.0,nr41.png,7.0,0.0,nr45.png,3.0,0.04027700147872496,nr69.png,6.0,0.0,nr83.png,7.0,0.0,nr12.png,7.0,0.13707173083888655,nr79.png,7.0,0.07860511578912452,nr89.png,7.0,0.0,nr28.png,1.0,0.0,nr101.png,16
660,14.0,55.0,10.0,12.0,3828.0,7.0,0.07990437390134146,nr88.png,7.0,0.0,nr46.png,3.0,0.0,nr19.png,7.0,0.09517065671989043,nr63.png,6.0,0.0,nr18.png,5.0,0.09224732596740233,nr106.png,4.0,0.12148063349228334,nr2.png,1.0,0.0,nr41.png,7.0,0.0,nr45.png,3.0,0.04027700147872496,nr69.png,6.0,0.0,nr83.png,7.0,0.0,nr12.png,7.0,0.13707173083888655,nr79.png,7.0,0.07860511578912452,nr89.png,7.0,0.0,nr28.png,1.0,0.0,nr101.png,16
661,14.0,55.0,11.0,12.0,4462.0,7.0,0.07990437390134146,nr88.png,7.0,0.0,nr46.png,3.0,0.0,nr19.png,7.0,0.09517065671989043,nr63.png,6.0,0.0,nr18.png,5.0,0.09224732596740233,nr106.png,4.0,0.12148063349228334,nr2.png,1.0,0.0,nr41.png,7.0,0.0,nr45.png,3.0,0.04027700147872496,nr69.png,6.0,0.0,nr83.png,7.0,0.0,nr12.png,7.0,0.13707173083888655,nr79.png,7.0,0.07860511578912452,nr89.png,7.0,0.0,nr28.png,1.0,0.0,nr101.png,16
662,14.0,55.0,12.0,13.0,3702.0,7.0,0.07990437390134146,nr88.png,7.0,0.0,nr46.png,3.0,0.0,nr19.png,7.0,0.09517065671989043,nr63.png,6.0,0.0,nr18.png,5.0,0.09224732596740233,nr106.png,4.0,0.12148063349228334,nr2.png,1.0,0.0,nr41.png,7.0,0.0,nr45.png,3.0,0.04027700147872496,nr69.png,6.0,0.0,nr83.png,7.0,0.0,nr12.png,7.0,0.13707173083888655,nr79.png,7.0,0.07860511578912452,nr89.png,7.0,0.0,nr28.png,1.0,0.0,nr101.png,16
663,14.0,55.0,13.0,0.0,5648.0,7.0,0.07990437390134146,nr88.png,7.0,0.0,nr46.png,3.0,0.0,nr19.png,7.0,0.09517065671989043,nr63.png,6.0,0.0,nr18.png,5.0,0.09224732596740233,nr106.png,4.0,0.12148063349228334,nr2.png,1.0,0.0,nr41.png,7.0,0.0,nr45.png,3.0,0.04027700147872496,nr69.png,6.0,0.0,nr83.png,7.0,0.0,nr12.png,7.0,0.13707173083888655,nr79.png,7.0,0.07860511578912452,nr89.png,7.0,0.0,nr28.png,1.0,0.0,nr101.png,16
664,14.0,55.0,14.0,12.0,4508.0,7.0,0.07990437390134146,nr88.png,7.0,0.0,nr46.png,3.0,0.0,nr19.png,7.0,0.09517065671989043,nr63.png,6.0,0.0,nr18.png,5.0,0.09224732596740233,nr106.png,4.0,0.12148063349228334,nr2.png,1.0,0.0,nr41.png,7.0,0.0,nr45.png,3.0,0.04027700147872496,nr69.png,6.0,0.0,nr83.png,7.0,0.0,nr12.png,7.0,0.13707173083888655,nr79.png,7.0,0.07860511578912452,nr89.png,7.0,0.0,nr28.png,1.0,0.0,nr101.png,16
665,14.0,55.0,15.0,3.0,4164.0,7.0,0.07990437390134146,nr88.png,7.0,0.0,nr46.png,3.0,0.0,nr19.png,7.0,0.09517065671989043,nr63.png,6.0,0.0,nr18.png,5.0,0.09224732596740233,nr106.png,4.0,0.12148063349228334,nr2.png,1.0,0.0,nr41.png,7.0,0.0,nr45.png,3.0,0.04027700147872496,nr69.png,6.0,0.0,nr83.png,7.0,0.0,nr12.png,7.0,0.13707173083888655,nr79.png,7.0,0.07860511578912452,nr89.png,7.0,0.0,nr28.png,1.0,0.0,nr101.png,16
666,14.0,55.0,16.0,14.0,5816.0,7.0,0.07990437390134146,nr88.png,7.0,0.0,nr46.png,3.0,0.0,nr19.png,7.0,0.09517065671989043,nr63.png,6.0,0.0,nr18.png,5.0,0.09224732596740233,nr106.png,4.0,0.12148063349228334,nr2.png,1.0,0.0,nr41.png,7.0,0.0,nr45.png,3.0,0.04027700147872496,nr69.png,6.0,0.0,nr83.png,7.0,0.0,nr12.png,7.0,0.13707173083888655,nr79.png,7.0,0.07860511578912452,nr89.png,7.0,0.0,nr28.png,1.0,0.0,nr101.png,16
667,14.0,55.0,17.0,0.0,3755.0,7.0,0.07990437390134146,nr88.png,7.0,0.0,nr46.png,3.0,0.0,nr19.png,7.0,0.09517065671989043,nr63.png,6.0,0.0,nr18.png,5.0,0.09224732596740233,nr106.png,4.0,0.12148063349228334,nr2.png,1.0,0.0,nr41.png,7.0,0.0,nr45.png,3.0,0.04027700147872496,nr69.png,6.0,0.0,nr83.png,7.0,0.0,nr12.png,7.0,0.13707173083888655,nr79.png,7.0,0.07860511578912452,nr89.png,7.0,0.0,nr28.png,1.0,0.0,nr101.png,16
668,14.0,55.0,18.0,14.0,6114.0,7.0,0.07990437390134146,nr88.png,7.0,0.0,nr46.png,3.0,0.0,nr19.png,7.0,0.09517065671989043,nr63.png,6.0,0.0,nr18.png,5.0,0.09224732596740233,nr106.png,4.0,0.12148063349228334,nr2.png,1.0,0.0,nr41.png,7.0,0.0,nr45.png,3.0,0.04027700147872496,nr69.png,6.0,0.0,nr83.png,7.0,0.0,nr12.png,7.0,0.13707173083888655,nr79.png,7.0,0.07860511578912452,nr89.png,7.0,0.0,nr28.png,1.0,0.0,nr101.png,16
669,14.0,55.0,19.0,5.0,5781.0,7.0,0.07990437390134146,nr88.png,7.0,0.0,nr46.png,3.0,0.0,nr19.png,7.0,0.09517065671989043,nr63.png,6.0,0.0,nr18.png,5.0,0.09224732596740233,nr106.png,4.0,0.12148063349228334,nr2.png,1.0,0.0,nr41.png,7.0,0.0,nr45.png,3.0,0.04027700147872496,nr69.png,6.0,0.0,nr83.png,7.0,0.0,nr12.png,7.0,0.13707173083888655,nr79.png,7.0,0.07860511578912452,nr89.png,7.0,0.0,nr28.png,1.0,0.0,nr101.png,16
670,14.0,55.0,20.0,12.0,5536.0,7.0,0.07990437390134146,nr88.png,7.0,0.0,nr46.png,3.0,0.0,nr19.png,7.0,0.09517065671989043,nr63.png,6.0,0.0,nr18.png,5.0,0.09224732596740233,nr106.png,4.0,0.12148063349228334,nr2.png,1.0,0.0,nr41.png,7.0,0.0,nr45.png,3.0,0.04027700147872496,nr69.png,6.0,0.0,nr83.png,7.0,0.0,nr12.png,7.0,0.13707173083888655,nr79.png,7.0,0.07860511578912452,nr89.png,7.0,0.0,nr28.png,1.0,0.0,nr101.png,16
671,14.0,55.0,21.0,1.0,5484.0,7.0,0.07990437390134146,nr88.png,7.0,0.0,nr46.png,3.0,0.0,nr19.png,7.0,0.09517065671989043,nr63.png,6.0,0.0,nr18.png,5.0,0.09224732596740233,nr106.png,4.0,0.12148063349228334,nr2.png,1.0,0.0,nr41.png,7.0,0.0,nr45.png,3.0,0.04027700147872496,nr69.png,6.0,0.0,nr83.png,7.0,0.0,nr12.png,7.0,0.13707173083888655,nr79.png,7.0,0.07860511578912452,nr89.png,7.0,0.0,nr28.png,1.0,0.0,nr101.png,16
672,14.0,55.0,22.0,0.0,6317.0,7.0,0.07990437390134146,nr88.png,7.0,0.0,nr46.png,3.0,0.0,nr19.png,7.0,0.09517065671989043,nr63.png,6.0,0.0,nr18.png,5.0,0.09224732596740233,nr106.png,4.0,0.12148063349228334,nr2.png,1.0,0.0,nr41.png,7.0,0.0,nr45.png,3.0,0.04027700147872496,nr69.png,6.0,0.0,nr83.png,7.0,0.0,nr12.png,7.0,0.13707173083888655,nr79.png,7.0,0.07860511578912452,nr89.png,7.0,0.0,nr28.png,1.0,0.0,nr101.png,16
673,14.0,55.0,23.0,13.0,4195.0,7.0,0.07990437390134146,nr88.png,7.0,0.0,nr46.png,3.0,0.0,nr19.png,7.0,0.09517065671989043,nr63.png,6.0,0.0,nr18.png,5.0,0.09224732596740233,nr106.png,4.0,0.12148063349228334,nr2.png,1.0,0.0,nr41.png,7.0,0.0,nr45.png,3.0,0.04027700147872496,nr69.png,6.0,0.0,nr83.png,7.0,0.0,nr12.png,7.0,0.13707173083888655,nr79.png,7.0,0.07860511578912452,nr89.png,7.0,0.0,nr28.png,1.0,0.0,nr101.png,16
674,14.0,55.0,24.0,12.0,4038.0,7.0,0.07990437390134146,nr88.png,7.0,0.0,nr46.png,3.0,0.0,nr19.png,7.0,0.09517065671989043,nr63.png,6.0,0.0,nr18.png,5.0,0.09224732596740233,nr106.png,4.0,0.12148063349228334,nr2.png,1.0,0.0,nr41.png,7.0,0.0,nr45.png,3.0,0.04027700147872496,nr69.png,6.0,0.0,nr83.png,7.0,0.0,nr12.png,7.0,0.13707173083888655,nr79.png,7.0,0.07860511578912452,nr89.png,7.0,0.0,nr28.png,1.0,0.0,nr101.png,16
675,14.0,55.0,25.0,12.0,5799.0,7.0,0.07990437390134146,nr88.png,7.0,0.0,nr46.png,3.0,0.0,nr19.png,7.0,0.09517065671989043,nr63.png,6.0,0.0,nr18.png,5.0,0.09224732596740233,nr106.png,4.0,0.12148063349228334,nr2.png,1.0,0.0,nr41.png,7.0,0.0,nr45.png,3.0,0.04027700147872496,nr69.png,6.0,0.0,nr83.png,7.0,0.0,nr12.png,7.0,0.13707173083888655,nr79.png,7.0,0.07860511578912452,nr89.png,7.0,0.0,nr28.png,1.0,0.0,nr101.png,16
676,14.0,55.0,26.0,13.0,4252.0,7.0,0.07990437390134146,nr88.png,7.0,0.0,nr46.png,3.0,0.0,nr19.png,7.0,0.09517065671989043,nr63.png,6.0,0.0,nr18.png,5.0,0.09224732596740233,nr106.png,4.0,0.12148063349228334,nr2.png,1.0,0.0,nr41.png,7.0,0.0,nr45.png,3.0,0.04027700147872496,nr69.png,6.0,0.0,nr83.png,7.0,0.0,nr12.png,7.0,0.13707173083888655,nr79.png,7.0,0.07860511578912452,nr89.png,7.0,0.0,nr28.png,1.0,0.0,nr101.png,16
677,14.0,55.0,27.0,0.0,3895.0,7.0,0.07990437390134146,nr88.png,7.0,0.0,nr46.png,3.0,0.0,nr19.png,7.0,0.09517065671989043,nr63.png,6.0,0.0,nr18.png,5.0,0.09224732596740233,nr106.png,4.0,0.12148063349228334,nr2.png,1.0,0.0,nr41.png,7.0,0.0,nr45.png,3.0,0.04027700147872496,nr69.png,6.0,0.0,nr83.png,7.0,0.0,nr12.png,7.0,0.13707173083888655,nr79.png,7.0,0.07860511578912452,nr89.png,7.0,0.0,nr28.png,1.0,0.0,nr101.png,16
678,14.0,55.0,28.0,12.0,5776.0,7.0,0.07990437390134146,nr88.png,7.0,0.0,nr46.png,3.0,0.0,nr19.png,7.0,0.09517065671989043,nr63.png,6.0,0.0,nr18.png,5.0,0.09224732596740233,nr106.png,4.0,0.12148063349228334,nr2.png,1.0,0.0,nr41.png,7.0,0.0,nr45.png,3.0,0.04027700147872496,nr69.png,6.0,0.0,nr83.png,7.0,0.0,nr12.png,7.0,0.13707173083888655,nr79.png,7.0,0.07860511578912452,nr89.png,7.0,0.0,nr28.png,1.0,0.0,nr101.png,16
679,14.0,55.0,29.0,12.0,7975.0,7.0,0.07990437390134146,nr88.png,7.0,0.0,nr46.png,3.0,0.0,nr19.png,7.0,0.09517065671989043,nr63.png,6.0,0.0,nr18.png,5.0,0.09224732596740233,nr106.png,4.0,0.12148063349228334,nr2.png,1.0,0.0,nr41.png,7.0,0.0,nr45.png,3.0,0.04027700147872496,nr69.png,6.0,0.0,nr83.png,7.0,0.0,nr12.png,7.0,0.13707173083888655,nr79.png,7.0,0.07860511578912452,nr89.png,7.0,0.0,nr28.png,1.0,0.0,nr101.png,16
680,14.0,55.0,30.0,12.0,3627.0,7.0,0.07990437390134146,nr88.png,7.0,0.0,nr46.png,3.0,0.0,nr19.png,7.0,0.09517065671989043,nr63.png,6.0,0.0,nr18.png,5.0,0.09224732596740233,nr106.png,4.0,0.12148063349228334,nr2.png,1.0,0.0,nr41.png,7.0,0.0,nr45.png,3.0,0.04027700147872496,nr69.png,6.0,0.0,nr83.png,7.0,0.0,nr12.png,7.0,0.13707173083888655,nr79.png,7.0,0.07860511578912452,nr89.png,7.0,0.0,nr28.png,1.0,0.0,nr101.png,16
681,14.0,55.0,31.0,3.0,3737.0,7.0,0.07990437390134146,nr88.png,7.0,0.0,nr46.png,3.0,0.0,nr19.png,7.0,0.09517065671989043,nr63.png,6.0,0.0,nr18.png,5.0,0.09224732596740233,nr106.png,4.0,0.12148063349228334,nr2.png,1.0,0.0,nr41.png,7.0,0.0,nr45.png,3.0,0.04027700147872496,nr69.png,6.0,0.0,nr83.png,7.0,0.0,nr12.png,7.0,0.13707173083888655,nr79.png,7.0,0.07860511578912452,nr89.png,7.0,0.0,nr28.png,1.0,0.0,nr101.png,16
682,14.0,55.0,32.0,11.0,5857.0,7.0,0.07990437390134146,nr88.png,7.0,0.0,nr46.png,3.0,0.0,nr19.png,7.0,0.09517065671989043,nr63.png,6.0,0.0,nr18.png,5.0,0.09224732596740233,nr106.png,4.0,0.12148063349228334,nr2.png,1.0,0.0,nr41.png,7.0,0.0,nr45.png,3.0,0.04027700147872496,nr69.png,6.0,0.0,nr83.png,7.0,0.0,nr12.png,7.0,0.13707173083888655,nr79.png,7.0,0.07860511578912452,nr89.png,7.0,0.0,nr28.png,1.0,0.0,nr101.png,16
683,14.0,55.0,33.0,3.0,5295.0,7.0,0.07990437390134146,nr88.png,7.0,0.0,nr46.png,3.0,0.0,nr19.png,7.0,0.09517065671989043,nr63.png,6.0,0.0,nr18.png,5.0,0.09224732596740233,nr106.png,4.0,0.12148063349228334,nr2.png,1.0,0.0,nr41.png,7.0,0.0,nr45.png,3.0,0.04027700147872496,nr69.png,6.0,0.0,nr83.png,7.0,0.0,nr12.png,7.0,0.13707173083888655,nr79.png,7.0,0.07860511578912452,nr89.png,7.0,0.0,nr28.png,1.0,0.0,nr101.png,16
684,14.0,55.0,34.0,4.0,4431.0,7.0,0.07990437390134146,nr88.png,7.0,0.0,nr46.png,3.0,0.0,nr19.png,7.0,0.09517065671989043,nr63.png,6.0,0.0,nr18.png,5.0,0.09224732596740233,nr106.png,4.0,0.12148063349228334,nr2.png,1.0,0.0,nr41.png,7.0,0.0,nr45.png,3.0,0.04027700147872496,nr69.png,6.0,0.0,nr83.png,7.0,0.0,nr12.png,7.0,0.13707173083888655,nr79.png,7.0,0.07860511578912452,nr89.png,7.0,0.0,nr28.png,1.0,0.0,nr101.png,16
685,14.0,55.0,35.0,3.0,3701.0,7.0,0.07990437390134146,nr88.png,7.0,0.0,nr46.png,3.0,0.0,nr19.png,7.0,0.09517065671989043,nr63.png,6.0,0.0,nr18.png,5.0,0.09224732596740233,nr106.png,4.0,0.12148063349228334,nr2.png,1.0,0.0,nr41.png,7.0,0.0,nr45.png,3.0,0.04027700147872496,nr69.png,6.0,0.0,nr83.png,7.0,0.0,nr12.png,7.0,0.13707173083888655,nr79.png,7.0,0.07860511578912452,nr89.png,7.0,0.0,nr28.png,1.0,0.0,nr101.png,16
686,14.0,55.0,36.0,13.0,4183.0,7.0,0.07990437390134146,nr88.png,7.0,0.0,nr46.png,3.0,0.0,nr19.png,7.0,0.09517065671989043,nr63.png,6.0,0.0,nr18.png,5.0,0.09224732596740233,nr106.png,4.0,0.12148063349228334,nr2.png,1.0,0.0,nr41.png,7.0,0.0,nr45.png,3.0,0.04027700147872496,nr69.png,6.0,0.0,nr83.png,7.0,0.0,nr12.png,7.0,0.13707173083888655,nr79.png,7.0,0.07860511578912452,nr89.png,7.0,0.0,nr28.png,1.0,0.0,nr101.png,16
687,14.0,55.0,37.0,8.0,4591.0,7.0,0.07990437390134146,nr88.png,7.0,0.0,nr46.png,3.0,0.0,nr19.png,7.0,0.09517065671989043,nr63.png,6.0,0.0,nr18.png,5.0,0.09224732596740233,nr106.png,4.0,0.12148063349228334,nr2.png,1.0,0.0,nr41.png,7.0,0.0,nr45.png,3.0,0.04027700147872496,nr69.png,6.0,0.0,nr83.png,7.0,0.0,nr12.png,7.0,0.13707173083888655,nr79.png,7.0,0.07860511578912452,nr89.png,7.0,0.0,nr28.png,1.0,0.0,nr101.png,16
688,14.0,55.0,38.0,12.0,4202.0,7.0,0.07990437390134146,nr88.png,7.0,0.0,nr46.png,3.0,0.0,nr19.png,7.0,0.09517065671989043,nr63.png,6.0,0.0,nr18.png,5.0,0.09224732596740233,nr106.png,4.0,0.12148063349228334,nr2.png,1.0,0.0,nr41.png,7.0,0.0,nr45.png,3.0,0.04027700147872496,nr69.png,6.0,0.0,nr83.png,7.0,0.0,nr12.png,7.0,0.13707173083888655,nr79.png,7.0,0.07860511578912452,nr89.png,7.0,0.0,nr28.png,1.0,0.0,nr101.png,16
689,14.0,55.0,39.0,3.0,3574.0,7.0,0.07990437390134146,nr88.png,7.0,0.0,nr46.png,3.0,0.0,nr19.png,7.0,0.09517065671989043,nr63.png,6.0,0.0,nr18.png,5.0,0.09224732596740233,nr106.png,4.0,0.12148063349228334,nr2.png,1.0,0.0,nr41.png,7.0,0.0,nr45.png,3.0,0.04027700147872496,nr69.png,6.0,0.0,nr83.png,7.0,0.0,nr12.png,7.0,0.13707173083888655,nr79.png,7.0,0.07860511578912452,nr89.png,7.0,0.0,nr28.png,1.0,0.0,nr101.png,16
690,14.0,55.0,40.0,13.0,5428.0,7.0,0.07990437390134146,nr88.png,7.0,0.0,nr46.png,3.0,0.0,nr19.png,7.0,0.09517065671989043,nr63.png,6.0,0.0,nr18.png,5.0,0.09224732596740233,nr106.png,4.0,0.12148063349228334,nr2.png,1.0,0.0,nr41.png,7.0,0.0,nr45.png,3.0,0.04027700147872496,nr69.png,6.0,0.0,nr83.png,7.0,0.0,nr12.png,7.0,0.13707173083888655,nr79.png,7.0,0.07860511578912452,nr89.png,7.0,0.0,nr28.png,1.0,0.0,nr101.png,16
691,14.0,55.0,41.0,0.0,4696.0,7.0,0.07990437390134146,nr88.png,7.0,0.0,nr46.png,3.0,0.0,nr19.png,7.0,0.09517065671989043,nr63.png,6.0,0.0,nr18.png,5.0,0.09224732596740233,nr106.png,4.0,0.12148063349228334,nr2.png,1.0,0.0,nr41.png,7.0,0.0,nr45.png,3.0,0.04027700147872496,nr69.png,6.0,0.0,nr83.png,7.0,0.0,nr12.png,7.0,0.13707173083888655,nr79.png,7.0,0.07860511578912452,nr89.png,7.0,0.0,nr28.png,1.0,0.0,nr101.png,16
692,14.0,55.0,42.0,1.0,4488.0,7.0,0.07990437390134146,nr88.png,7.0,0.0,nr46.png,3.0,0.0,nr19.png,7.0,0.09517065671989043,nr63.png,6.0,0.0,nr18.png,5.0,0.09224732596740233,nr106.png,4.0,0.12148063349228334,nr2.png,1.0,0.0,nr41.png,7.0,0.0,nr45.png,3.0,0.04027700147872496,nr69.png,6.0,0.0,nr83.png,7.0,0.0,nr12.png,7.0,0.13707173083888655,nr79.png,7.0,0.07860511578912452,nr89.png,7.0,0.0,nr28.png,1.0,0.0,nr101.png,16
693,14.0,55.0,43.0,14.0,4260.0,7.0,0.07990437390134146,nr88.png,7.0,0.0,nr46.png,3.0,0.0,nr19.png,7.0,0.09517065671989043,nr63.png,6.0,0.0,nr18.png,5.0,0.09224732596740233,nr106.png,4.0,0.12148063349228334,nr2.png,1.0,0.0,nr41.png,7.0,0.0,nr45.png,3.0,0.04027700147872496,nr69.png,6.0,0.0,nr83.png,7.0,0.0,nr12.png,7.0,0.13707173083888655,nr79.png,7.0,0.07860511578912452,nr89.png,7.0,0.0,nr28.png,1.0,0.0,nr101.png,16
694,14.0,55.0,44.0,0.0,7131.0,7.0,0.07990437390134146,nr88.png,7.0,0.0,nr46.png,3.0,0.0,nr19.png,7.0,0.09517065671989043,nr63.png,6.0,0.0,nr18.png,5.0,0.09224732596740233,nr106.png,4.0,0.12148063349228334,nr2.png,1.0,0.0,nr41.png,7.0,0.0,nr45.png,3.0,0.04027700147872496,nr69.png,6.0,0.0,nr83.png,7.0,0.0,nr12.png,7.0,0.13707173083888655,nr79.png,7.0,0.07860511578912452,nr89.png,7.0,0.0,nr28.png,1.0,0.0,nr101.png,16
695,14.0,55.0,45.0,8.0,3985.0,7.0,0.07990437390134146,nr88.png,7.0,0.0,nr46.png,3.0,0.0,nr19.png,7.0,0.09517065671989043,nr63.png,6.0,0.0,nr18.png,5.0,0.09224732596740233,nr106.png,4.0,0.12148063349228334,nr2.png,1.0,0.0,nr41.png,7.0,0.0,nr45.png,3.0,0.04027700147872496,nr69.png,6.0,0.0,nr83.png,7.0,0.0,nr12.png,7.0,0.13707173083888655,nr79.png,7.0,0.07860511578912452,nr89.png,7.0,0.0,nr28.png,1.0,0.0,nr101.png,16
696,14.0,55.0,46.0,3.0,5100.0,7.0,0.07990437390134146,nr88.png,7.0,0.0,nr46.png,3.0,0.0,nr19.png,7.0,0.09517065671989043,nr63.png,6.0,0.0,nr18.png,5.0,0.09224732596740233,nr106.png,4.0,0.12148063349228334,nr2.png,1.0,0.0,nr41.png,7.0,0.0,nr45.png,3.0,0.04027700147872496,nr69.png,6.0,0.0,nr83.png,7.0,0.0,nr12.png,7.0,0.13707173083888655,nr79.png,7.0,0.07860511578912452,nr89.png,7.0,0.0,nr28.png,1.0,0.0,nr101.png,16
697,14.0,55.0,47.0,12.0,4359.0,7.0,0.07990437390134146,nr88.png,7.0,0.0,nr46.png,3.0,0.0,nr19.png,7.0,0.09517065671989043,nr63.png,6.0,0.0,nr18.png,5.0,0.09224732596740233,nr106.png,4.0,0.12148063349228334,nr2.png,1.0,0.0,nr41.png,7.0,0.0,nr45.png,3.0,0.04027700147872496,nr69.png,6.0,0.0,nr83.png,7.0,0.0,nr12.png,7.0,0.13707173083888655,nr79.png,7.0,0.07860511578912452,nr89.png,7.0,0.0,nr28.png,1.0,0.0,nr101.png,16
698,14.0,55.0,48.0,8.0,4274.0,7.0,0.07990437390134146,nr88.png,7.0,0.0,nr46.png,3.0,0.0,nr19.png,7.0,0.09517065671989043,nr63.png,6.0,0.0,nr18.png,5.0,0.09224732596740233,nr106.png,4.0,0.12148063349228334,nr2.png,1.0,0.0,nr41.png,7.0,0.0,nr45.png,3.0,0.04027700147872496,nr69.png,6.0,0.0,nr83.png,7.0,0.0,nr12.png,7.0,0.13707173083888655,nr79.png,7.0,0.07860511578912452,nr89.png,7.0,0.0,nr28.png,1.0,0.0,nr101.png,16
699,14.0,55.0,49.0,12.0,3801.0,7.0,0.07990437390134146,nr88.png,7.0,0.0,nr46.png,3.0,0.0,nr19.png,7.0,0.09517065671989043,nr63.png,6.0,0.0,nr18.png,5.0,0.09224732596740233,nr106.png,4.0,0.12148063349228334,nr2.png,1.0,0.0,nr41.png,7.0,0.0,nr45.png,3.0,0.04027700147872496,nr69.png,6.0,0.0,nr83.png,7.0,0.0,nr12.png,7.0,0.13707173083888655,nr79.png,7.0,0.07860511578912452,nr89.png,7.0,0.0,nr28.png,1.0,0.0,nr101.png,16
700,14.0,59.0,0.0,6.0,4650.0,5.0,0.055418631617341764,nr14.png,5.0,0.037142274381835434,nr80.png,5.0,0.07929580800566452,nr76.png,7.0,0.020929376834208854,nr51.png,7.0,0.0,nr60.png,6.0,0.12557626100525313,nr9.png,7.0,0.0654411501013291,nr57.png,1.0,0.04156397371300632,nr72.png,7.0,0.06308291045803796,nr75.png,5.0,0.08047492782731011,nr96.png,3.0,0.034784034738544294,nr19.png,6.0,0.040974413802183536,nr21.png,3.0,0.0,nr93.png,7.0,0.0,nr98.png,6.0,0.03183623518443037,nr20.png,5.0,0.037731834292658216,nr125.png,16
701,14.0,59.0,1.0,8.0,3288.0,5.0,0.055418631617341764,nr14.png,5.0,0.037142274381835434,nr80.png,5.0,0.07929580800566452,nr76.png,7.0,0.020929376834208854,nr51.png,7.0,0.0,nr60.png,6.0,0.12557626100525313,nr9.png,7.0,0.0654411501013291,nr57.png,1.0,0.04156397371300632,nr72.png,7.0,0.06308291045803796,nr75.png,5.0,0.08047492782731011,nr96.png,3.0,0.034784034738544294,nr19.png,6.0,0.040974413802183536,nr21.png,3.0,0.0,nr93.png,7.0,0.0,nr98.png,6.0,0.03183623518443037,nr20.png,5.0,0.037731834292658216,nr125.png,16
702,14.0,59.0,2.0,8.0,3369.0,5.0,0.055418631617341764,nr14.png,5.0,0.037142274381835434,nr80.png,5.0,0.07929580800566452,nr76.png,7.0,0.020929376834208854,nr51.png,7.0,0.0,nr60.png,6.0,0.12557626100525313,nr9.png,7.0,0.0654411501013291,nr57.png,1.0,0.04156397371300632,nr72.png,7.0,0.06308291045803796,nr75.png,5.0,0.08047492782731011,nr96.png,3.0,0.034784034738544294,nr19.png,6.0,0.040974413802183536,nr21.png,3.0,0.0,nr93.png,7.0,0.0,nr98.png,6.0,0.03183623518443037,nr20.png,5.0,0.037731834292658216,nr125.png,16
703,14.0,59.0,3.0,8.0,4425.0,5.0,0.055418631617341764,nr14.png,5.0,0.037142274381835434,nr80.png,5.0,0.07929580800566452,nr76.png,7.0,0.020929376834208854,nr51.png,7.0,0.0,nr60.png,6.0,0.12557626100525313,nr9.png,7.0,0.0654411501013291,nr57.png,1.0,0.04156397371300632,nr72.png,7.0,0.06308291045803796,nr75.png,5.0,0.08047492782731011,nr96.png,3.0,0.034784034738544294,nr19.png,6.0,0.040974413802183536,nr21.png,3.0,0.0,nr93.png,7.0,0.0,nr98.png,6.0,0.03183623518443037,nr20.png,5.0,0.037731834292658216,nr125.png,16
704,14.0,59.0,4.0,3.0,4139.0,5.0,0.055418631617341764,nr14.png,5.0,0.037142274381835434,nr80.png,5.0,0.07929580800566452,nr76.png,7.0,0.020929376834208854,nr51.png,7.0,0.0,nr60.png,6.0,0.12557626100525313,nr9.png,7.0,0.0654411501013291,nr57.png,1.0,0.04156397371300632,nr72.png,7.0,0.06308291045803796,nr75.png,5.0,0.08047492782731011,nr96.png,3.0,0.034784034738544294,nr19.png,6.0,0.040974413802183536,nr21.png,3.0,0.0,nr93.png,7.0,0.0,nr98.png,6.0,0.03183623518443037,nr20.png,5.0,0.037731834292658216,nr125.png,16
705,14.0,59.0,5.0,4.0,4048.0,5.0,0.055418631617341764,nr14.png,5.0,0.037142274381835434,nr80.png,5.0,0.07929580800566452,nr76.png,7.0,0.020929376834208854,nr51.png,7.0,0.0,nr60.png,6.0,0.12557626100525313,nr9.png,7.0,0.0654411501013291,nr57.png,1.0,0.04156397371300632,nr72.png,7.0,0.06308291045803796,nr75.png,5.0,0.08047492782731011,nr96.png,3.0,0.034784034738544294,nr19.png,6.0,0.040974413802183536,nr21.png,3.0,0.0,nr93.png,7.0,0.0,nr98.png,6.0,0.03183623518443037,nr20.png,5.0,0.037731834292658216,nr125.png,16
706,14.0,59.0,6.0,13.0,3768.0,5.0,0.055418631617341764,nr14.png,5.0,0.037142274381835434,nr80.png,5.0,0.07929580800566452,nr76.png,7.0,0.020929376834208854,nr51.png,7.0,0.0,nr60.png,6.0,0.12557626100525313,nr9.png,7.0,0.0654411501013291,nr57.png,1.0,0.04156397371300632,nr72.png,7.0,0.06308291045803796,nr75.png,5.0,0.08047492782731011,nr96.png,3.0,0.034784034738544294,nr19.png,6.0,0.040974413802183536,nr21.png,3.0,0.0,nr93.png,7.0,0.0,nr98.png,6.0,0.03183623518443037,nr20.png,5.0,0.037731834292658216,nr125.png,16
707,14.0,59.0,7.0,8.0,5276.0,5.0,0.055418631617341764,nr14.png,5.0,0.037142274381835434,nr80.png,5.0,0.07929580800566452,nr76.png,7.0,0.020929376834208854,nr51.png,7.0,0.0,nr60.png,6.0,0.12557626100525313,nr9.png,7.0,0.0654411501013291,nr57.png,1.0,0.04156397371300632,nr72.png,7.0,0.06308291045803796,nr75.png,5.0,0.08047492782731011,nr96.png,3.0,0.034784034738544294,nr19.png,6.0,0.040974413802183536,nr21.png,3.0,0.0,nr93.png,7.0,0.0,nr98.png,6.0,0.03183623518443037,nr20.png,5.0,0.037731834292658216,nr125.png,16
708,14.0,59.0,8.0,8.0,3417.0,5.0,0.055418631617341764,nr14.png,5.0,0.037142274381835434,nr80.png,5.0,0.07929580800566452,nr76.png,7.0,0.020929376834208854,nr51.png,7.0,0.0,nr60.png,6.0,0.12557626100525313,nr9.png,7.0,0.0654411501013291,nr57.png,1.0,0.04156397371300632,nr72.png,7.0,0.06308291045803796,nr75.png,5.0,0.08047492782731011,nr96.png,3.0,0.034784034738544294,nr19.png,6.0,0.040974413802183536,nr21.png,3.0,0.0,nr93.png,7.0,0.0,nr98.png,6.0,0.03183623518443037,nr20.png,5.0,0.037731834292658216,nr125.png,16
709,14.0,59.0,9.0,3.0,4727.0,5.0,0.055418631617341764,nr14.png,5.0,0.037142274381835434,nr80.png,5.0,0.07929580800566452,nr76.png,7.0,0.020929376834208854,nr51.png,7.0,0.0,nr60.png,6.0,0.12557626100525313,nr9.png,7.0,0.0654411501013291,nr57.png,1.0,0.04156397371300632,nr72.png,7.0,0.06308291045803796,nr75.png,5.0,0.08047492782731011,nr96.png,3.0,0.034784034738544294,nr19.png,6.0,0.040974413802183536,nr21.png,3.0,0.0,nr93.png,7.0,0.0,nr98.png,6.0,0.03183623518443037,nr20.png,5.0,0.037731834292658216,nr125.png,16
710,14.0,59.0,10.0,5.0,4035.0,5.0,0.055418631617341764,nr14.png,5.0,0.037142274381835434,nr80.png,5.0,0.07929580800566452,nr76.png,7.0,0.020929376834208854,nr51.png,7.0,0.0,nr60.png,6.0,0.12557626100525313,nr9.png,7.0,0.0654411501013291,nr57.png,1.0,0.04156397371300632,nr72.png,7.0,0.06308291045803796,nr75.png,5.0,0.08047492782731011,nr96.png,3.0,0.034784034738544294,nr19.png,6.0,0.040974413802183536,nr21.png,3.0,0.0,nr93.png,7.0,0.0,nr98.png,6.0,0.03183623518443037,nr20.png,5.0,0.037731834292658216,nr125.png,16
711,14.0,59.0,11.0,5.0,5144.0,5.0,0.055418631617341764,nr14.png,5.0,0.037142274381835434,nr80.png,5.0,0.07929580800566452,nr76.png,7.0,0.020929376834208854,nr51.png,7.0,0.0,nr60.png,6.0,0.12557626100525313,nr9.png,7.0,0.0654411501013291,nr57.png,1.0,0.04156397371300632,nr72.png,7.0,0.06308291045803796,nr75.png,5.0,0.08047492782731011,nr96.png,3.0,0.034784034738544294,nr19.png,6.0,0.040974413802183536,nr21.png,3.0,0.0,nr93.png,7.0,0.0,nr98.png,6.0,0.03183623518443037,nr20.png,5.0,0.037731834292658216,nr125.png,16
712,14.0,59.0,12.0,5.0,3537.0,5.0,0.055418631617341764,nr14.png,5.0,0.037142274381835434,nr80.png,5.0,0.07929580800566452,nr76.png,7.0,0.020929376834208854,nr51.png,7.0,0.0,nr60.png,6.0,0.12557626100525313,nr9.png,7.0,0.0654411501013291,nr57.png,1.0,0.04156397371300632,nr72.png,7.0,0.06308291045803796,nr75.png,5.0,0.08047492782731011,nr96.png,3.0,0.034784034738544294,nr19.png,6.0,0.040974413802183536,nr21.png,3.0,0.0,nr93.png,7.0,0.0,nr98.png,6.0,0.03183623518443037,nr20.png,5.0,0.037731834292658216,nr125.png,16
713,14.0,59.0,13.0,0.0,2740.0,5.0,0.055418631617341764,nr14.png,5.0,0.037142274381835434,nr80.png,5.0,0.07929580800566452,nr76.png,7.0,0.020929376834208854,nr51.png,7.0,0.0,nr60.png,6.0,0.12557626100525313,nr9.png,7.0,0.0654411501013291,nr57.png,1.0,0.04156397371300632,nr72.png,7.0,0.06308291045803796,nr75.png,5.0,0.08047492782731011,nr96.png,3.0,0.034784034738544294,nr19.png,6.0,0.040974413802183536,nr21.png,3.0,0.0,nr93.png,7.0,0.0,nr98.png,6.0,0.03183623518443037,nr20.png,5.0,0.037731834292658216,nr125.png,16
714,14.0,59.0,14.0,12.0,4897.0,5.0,0.055418631617341764,nr14.png,5.0,0.037142274381835434,nr80.png,5.0,0.07929580800566452,nr76.png,7.0,0.020929376834208854,nr51.png,7.0,0.0,nr60.png,6.0,0.12557626100525313,nr9.png,7.0,0.0654411501013291,nr57.png,1.0,0.04156397371300632,nr72.png,7.0,0.06308291045803796,nr75.png,5.0,0.08047492782731011,nr96.png,3.0,0.034784034738544294,nr19.png,6.0,0.040974413802183536,nr21.png,3.0,0.0,nr93.png,7.0,0.0,nr98.png,6.0,0.03183623518443037,nr20.png,5.0,0.037731834292658216,nr125.png,16
715,14.0,59.0,15.0,6.0,3551.0,5.0,0.055418631617341764,nr14.png,5.0,0.037142274381835434,nr80.png,5.0,0.07929580800566452,nr76.png,7.0,0.020929376834208854,nr51.png,7.0,0.0,nr60.png,6.0,0.12557626100525313,nr9.png,7.0,0.0654411501013291,nr57.png,1.0,0.04156397371300632,nr72.png,7.0,0.06308291045803796,nr75.png,5.0,0.08047492782731011,nr96.png,3.0,0.034784034738544294,nr19.png,6.0,0.040974413802183536,nr21.png,3.0,0.0,nr93.png,7.0,0.0,nr98.png,6.0,0.03183623518443037,nr20.png,5.0,0.037731834292658216,nr125.png,16
716,14.0,59.0,16.0,2.0,4416.0,5.0,0.055418631617341764,nr14.png,5.0,0.037142274381835434,nr80.png,5.0,0.07929580800566452,nr76.png,7.0,0.020929376834208854,nr51.png,7.0,0.0,nr60.png,6.0,0.12557626100525313,nr9.png,7.0,0.0654411501013291,nr57.png,1.0,0.04156397371300632,nr72.png,7.0,0.06308291045803796,nr75.png,5.0,0.08047492782731011,nr96.png,3.0,0.034784034738544294,nr19.png,6.0,0.040974413802183536,nr21.png,3.0,0.0,nr93.png,7.0,0.0,nr98.png,6.0,0.03183623518443037,nr20.png,5.0,0.037731834292658216,nr125.png,16
717,14.0,59.0,17.0,0.0,4586.0,5.0,0.055418631617341764,nr14.png,5.0,0.037142274381835434,nr80.png,5.0,0.07929580800566452,nr76.png,7.0,0.020929376834208854,nr51.png,7.0,0.0,nr60.png,6.0,0.12557626100525313,nr9.png,7.0,0.0654411501013291,nr57.png,1.0,0.04156397371300632,nr72.png,7.0,0.06308291045803796,nr75.png,5.0,0.08047492782731011,nr96.png,3.0,0.034784034738544294,nr19.png,6.0,0.040974413802183536,nr21.png,3.0,0.0,nr93.png,7.0,0.0,nr98.png,6.0,0.03183623518443037,nr20.png,5.0,0.037731834292658216,nr125.png,16
718,14.0,59.0,18.0,3.0,3219.0,5.0,0.055418631617341764,nr14.png,5.0,0.037142274381835434,nr80.png,5.0,0.07929580800566452,nr76.png,7.0,0.020929376834208854,nr51.png,7.0,0.0,nr60.png,6.0,0.12557626100525313,nr9.png,7.0,0.0654411501013291,nr57.png,1.0,0.04156397371300632,nr72.png,7.0,0.06308291045803796,nr75.png,5.0,0.08047492782731011,nr96.png,3.0,0.034784034738544294,nr19.png,6.0,0.040974413802183536,nr21.png,3.0,0.0,nr93.png,7.0,0.0,nr98.png,6.0,0.03183623518443037,nr20.png,5.0,0.037731834292658216,nr125.png,16
719,14.0,59.0,19.0,6.0,4164.0,5.0,0.055418631617341764,nr14.png,5.0,0.037142274381835434,nr80.png,5.0,0.07929580800566452,nr76.png,7.0,0.020929376834208854,nr51.png,7.0,0.0,nr60.png,6.0,0.12557626100525313,nr9.png,7.0,0.0654411501013291,nr57.png,1.0,0.04156397371300632,nr72.png,7.0,0.06308291045803796,nr75.png,5.0,0.08047492782731011,nr96.png,3.0,0.034784034738544294,nr19.png,6.0,0.040974413802183536,nr21.png,3.0,0.0,nr93.png,7.0,0.0,nr98.png,6.0,0.03183623518443037,nr20.png,5.0,0.037731834292658216,nr125.png,16
720,14.0,59.0,20.0,9.0,4312.0,5.0,0.055418631617341764,nr14.png,5.0,0.037142274381835434,nr80.png,5.0,0.07929580800566452,nr76.png,7.0,0.020929376834208854,nr51.png,7.0,0.0,nr60.png,6.0,0.12557626100525313,nr9.png,7.0,0.0654411501013291,nr57.png,1.0,0.04156397371300632,nr72.png,7.0,0.06308291045803796,nr75.png,5.0,0.08047492782731011,nr96.png,3.0,0.034784034738544294,nr19.png,6.0,0.040974413802183536,nr21.png,3.0,0.0,nr93.png,7.0,0.0,nr98.png,6.0,0.03183623518443037,nr20.png,5.0,0.037731834292658216,nr125.png,16
721,14.0,59.0,21.0,0.0,4199.0,5.0,0.055418631617341764,nr14.png,5.0,0.037142274381835434,nr80.png,5.0,0.07929580800566452,nr76.png,7.0,0.020929376834208854,nr51.png,7.0,0.0,nr60.png,6.0,0.12557626100525313,nr9.png,7.0,0.0654411501013291,nr57.png,1.0,0.04156397371300632,nr72.png,7.0,0.06308291045803796,nr75.png,5.0,0.08047492782731011,nr96.png,3.0,0.034784034738544294,nr19.png,6.0,0.040974413802183536,nr21.png,3.0,0.0,nr93.png,7.0,0.0,nr98.png,6.0,0.03183623518443037,nr20.png,5.0,0.037731834292658216,nr125.png,16
722,14.0,59.0,22.0,14.0,4562.0,5.0,0.055418631617341764,nr14.png,5.0,0.037142274381835434,nr80.png,5.0,0.07929580800566452,nr76.png,7.0,0.020929376834208854,nr51.png,7.0,0.0,nr60.png,6.0,0.12557626100525313,nr9.png,7.0,0.0654411501013291,nr57.png,1.0,0.04156397371300632,nr72.png,7.0,0.06308291045803796,nr75.png,5.0,0.08047492782731011,nr96.png,3.0,0.034784034738544294,nr19.png,6.0,0.040974413802183536,nr21.png,3.0,0.0,nr93.png,7.0,0.0,nr98.png,6.0,0.03183623518443037,nr20.png,5.0,0.037731834292658216,nr125.png,16
723,14.0,59.0,23.0,8.0,4771.0,5.0,0.055418631617341764,nr14.png,5.0,0.037142274381835434,nr80.png,5.0,0.07929580800566452,nr76.png,7.0,0.020929376834208854,nr51.png,7.0,0.0,nr60.png,6.0,0.12557626100525313,nr9.png,7.0,0.0654411501013291,nr57.png,1.0,0.04156397371300632,nr72.png,7.0,0.06308291045803796,nr75.png,5.0,0.08047492782731011,nr96.png,3.0,0.034784034738544294,nr19.png,6.0,0.040974413802183536,nr21.png,3.0,0.0,nr93.png,7.0,0.0,nr98.png,6.0,0.03183623518443037,nr20.png,5.0,0.037731834292658216,nr125.png,16
724,14.0,59.0,24.0,13.0,4262.0,5.0,0.055418631617341764,nr14.png,5.0,0.037142274381835434,nr80.png,5.0,0.07929580800566452,nr76.png,7.0,0.020929376834208854,nr51.png,7.0,0.0,nr60.png,6.0,0.12557626100525313,nr9.png,7.0,0.0654411501013291,nr57.png,1.0,0.04156397371300632,nr72.png,7.0,0.06308291045803796,nr75.png,5.0,0.08047492782731011,nr96.png,3.0,0.034784034738544294,nr19.png,6.0,0.040974413802183536,nr21.png,3.0,0.0,nr93.png,7.0,0.0,nr98.png,6.0,0.03183623518443037,nr20.png,5.0,0.037731834292658216,nr125.png,16
725,14.0,59.0,25.0,2.0,4586.0,5.0,0.055418631617341764,nr14.png,5.0,0.037142274381835434,nr80.png,5.0,0.07929580800566452,nr76.png,7.0,0.020929376834208854,nr51.png,7.0,0.0,nr60.png,6.0,0.12557626100525313,nr9.png,7.0,0.0654411501013291,nr57.png,1.0,0.04156397371300632,nr72.png,7.0,0.06308291045803796,nr75.png,5.0,0.08047492782731011,nr96.png,3.0,0.034784034738544294,nr19.png,6.0,0.040974413802183536,nr21.png,3.0,0.0,nr93.png,7.0,0.0,nr98.png,6.0,0.03183623518443037,nr20.png,5.0,0.037731834292658216,nr125.png,16
726,14.0,59.0,26.0,3.0,4840.0,5.0,0.055418631617341764,nr14.png,5.0,0.037142274381835434,nr80.png,5.0,0.07929580800566452,nr76.png,7.0,0.020929376834208854,nr51.png,7.0,0.0,nr60.png,6.0,0.12557626100525313,nr9.png,7.0,0.0654411501013291,nr57.png,1.0,0.04156397371300632,nr72.png,7.0,0.06308291045803796,nr75.png,5.0,0.08047492782731011,nr96.png,3.0,0.034784034738544294,nr19.png,6.0,0.040974413802183536,nr21.png,3.0,0.0,nr93.png,7.0,0.0,nr98.png,6.0,0.03183623518443037,nr20.png,5.0,0.037731834292658216,nr125.png,16
727,14.0,59.0,27.0,8.0,5165.0,5.0,0.055418631617341764,nr14.png,5.0,0.037142274381835434,nr80.png,5.0,0.07929580800566452,nr76.png,7.0,0.020929376834208854,nr51.png,7.0,0.0,nr60.png,6.0,0.12557626100525313,nr9.png,7.0,0.0654411501013291,nr57.png,1.0,0.04156397371300632,nr72.png,7.0,0.06308291045803796,nr75.png,5.0,0.08047492782731011,nr96.png,3.0,0.034784034738544294,nr19.png,6.0,0.040974413802183536,nr21.png,3.0,0.0,nr93.png,7.0,0.0,nr98.png,6.0,0.03183623518443037,nr20.png,5.0,0.037731834292658216,nr125.png,16
728,14.0,59.0,28.0,6.0,3662.0,5.0,0.055418631617341764,nr14.png,5.0,0.037142274381835434,nr80.png,5.0,0.07929580800566452,nr76.png,7.0,0.020929376834208854,nr51.png,7.0,0.0,nr60.png,6.0,0.12557626100525313,nr9.png,7.0,0.0654411501013291,nr57.png,1.0,0.04156397371300632,nr72.png,7.0,0.06308291045803796,nr75.png,5.0,0.08047492782731011,nr96.png,3.0,0.034784034738544294,nr19.png,6.0,0.040974413802183536,nr21.png,3.0,0.0,nr93.png,7.0,0.0,nr98.png,6.0,0.03183623518443037,nr20.png,5.0,0.037731834292658216,nr125.png,16
729,14.0,59.0,29.0,13.0,4282.0,5.0,0.055418631617341764,nr14.png,5.0,0.037142274381835434,nr80.png,5.0,0.07929580800566452,nr76.png,7.0,0.020929376834208854,nr51.png,7.0,0.0,nr60.png,6.0,0.12557626100525313,nr9.png,7.0,0.0654411501013291,nr57.png,1.0,0.04156397371300632,nr72.png,7.0,0.06308291045803796,nr75.png,5.0,0.08047492782731011,nr96.png,3.0,0.034784034738544294,nr19.png,6.0,0.040974413802183536,nr21.png,3.0,0.0,nr93.png,7.0,0.0,nr98.png,6.0,0.03183623518443037,nr20.png,5.0,0.037731834292658216,nr125.png,16
730,14.0,59.0,30.0,6.0,3657.0,5.0,0.055418631617341764,nr14.png,5.0,0.037142274381835434,nr80.png,5.0,0.07929580800566452,nr76.png,7.0,0.020929376834208854,nr51.png,7.0,0.0,nr60.png,6.0,0.12557626100525313,nr9.png,7.0,0.0654411501013291,nr57.png,1.0,0.04156397371300632,nr72.png,7.0,0.06308291045803796,nr75.png,5.0,0.08047492782731011,nr96.png,3.0,0.034784034738544294,nr19.png,6.0,0.040974413802183536,nr21.png,3.0,0.0,nr93.png,7.0,0.0,nr98.png,6.0,0.03183623518443037,nr20.png,5.0,0.037731834292658216,nr125.png,16
731,14.0,59.0,31.0,3.0,4298.0,5.0,0.055418631617341764,nr14.png,5.0,0.037142274381835434,nr80.png,5.0,0.07929580800566452,nr76.png,7.0,0.020929376834208854,nr51.png,7.0,0.0,nr60.png,6.0,0.12557626100525313,nr9.png,7.0,0.0654411501013291,nr57.png,1.0,0.04156397371300632,nr72.png,7.0,0.06308291045803796,nr75.png,5.0,0.08047492782731011,nr96.png,3.0,0.034784034738544294,nr19.png,6.0,0.040974413802183536,nr21.png,3.0,0.0,nr93.png,7.0,0.0,nr98.png,6.0,0.03183623518443037,nr20.png,5.0,0.037731834292658216,nr125.png,16
732,14.0,59.0,32.0,4.0,5341.0,5.0,0.055418631617341764,nr14.png,5.0,0.037142274381835434,nr80.png,5.0,0.07929580800566452,nr76.png,7.0,0.020929376834208854,nr51.png,7.0,0.0,nr60.png,6.0,0.12557626100525313,nr9.png,7.0,0.0654411501013291,nr57.png,1.0,0.04156397371300632,nr72.png,7.0,0.06308291045803796,nr75.png,5.0,0.08047492782731011,nr96.png,3.0,0.034784034738544294,nr19.png,6.0,0.040974413802183536,nr21.png,3.0,0.0,nr93.png,7.0,0.0,nr98.png,6.0,0.03183623518443037,nr20.png,5.0,0.037731834292658216,nr125.png,16
733,14.0,59.0,33.0,4.0,4271.0,5.0,0.055418631617341764,nr14.png,5.0,0.037142274381835434,nr80.png,5.0,0.07929580800566452,nr76.png,7.0,0.020929376834208854,nr51.png,7.0,0.0,nr60.png,6.0,0.12557626100525313,nr9.png,7.0,0.0654411501013291,nr57.png,1.0,0.04156397371300632,nr72.png,7.0,0.06308291045803796,nr75.png,5.0,0.08047492782731011,nr96.png,3.0,0.034784034738544294,nr19.png,6.0,0.040974413802183536,nr21.png,3.0,0.0,nr93.png,7.0,0.0,nr98.png,6.0,0.03183623518443037,nr20.png,5.0,0.037731834292658216,nr125.png,16
734,14.0,59.0,34.0,6.0,4252.0,5.0,0.055418631617341764,nr14.png,5.0,0.037142274381835434,nr80.png,5.0,0.07929580800566452,nr76.png,7.0,0.020929376834208854,nr51.png,7.0,0.0,nr60.png,6.0,0.12557626100525313,nr9.png,7.0,0.0654411501013291,nr57.png,1.0,0.04156397371300632,nr72.png,7.0,0.06308291045803796,nr75.png,5.0,0.08047492782731011,nr96.png,3.0,0.034784034738544294,nr19.png,6.0,0.040974413802183536,nr21.png,3.0,0.0,nr93.png,7.0,0.0,nr98.png,6.0,0.03183623518443037,nr20.png,5.0,0.037731834292658216,nr125.png,16
735,14.0,59.0,35.0,3.0,4900.0,5.0,0.055418631617341764,nr14.png,5.0,0.037142274381835434,nr80.png,5.0,0.07929580800566452,nr76.png,7.0,0.020929376834208854,nr51.png,7.0,0.0,nr60.png,6.0,0.12557626100525313,nr9.png,7.0,0.0654411501013291,nr57.png,1.0,0.04156397371300632,nr72.png,7.0,0.06308291045803796,nr75.png,5.0,0.08047492782731011,nr96.png,3.0,0.034784034738544294,nr19.png,6.0,0.040974413802183536,nr21.png,3.0,0.0,nr93.png,7.0,0.0,nr98.png,6.0,0.03183623518443037,nr20.png,5.0,0.037731834292658216,nr125.png,16
736,14.0,59.0,36.0,5.0,4119.0,5.0,0.055418631617341764,nr14.png,5.0,0.037142274381835434,nr80.png,5.0,0.07929580800566452,nr76.png,7.0,0.020929376834208854,nr51.png,7.0,0.0,nr60.png,6.0,0.12557626100525313,nr9.png,7.0,0.0654411501013291,nr57.png,1.0,0.04156397371300632,nr72.png,7.0,0.06308291045803796,nr75.png,5.0,0.08047492782731011,nr96.png,3.0,0.034784034738544294,nr19.png,6.0,0.040974413802183536,nr21.png,3.0,0.0,nr93.png,7.0,0.0,nr98.png,6.0,0.03183623518443037,nr20.png,5.0,0.037731834292658216,nr125.png,16
737,14.0,59.0,37.0,4.0,4232.0,5.0,0.055418631617341764,nr14.png,5.0,0.037142274381835434,nr80.png,5.0,0.07929580800566452,nr76.png,7.0,0.020929376834208854,nr51.png,7.0,0.0,nr60.png,6.0,0.12557626100525313,nr9.png,7.0,0.0654411501013291,nr57.png,1.0,0.04156397371300632,nr72.png,7.0,0.06308291045803796,nr75.png,5.0,0.08047492782731011,nr96.png,3.0,0.034784034738544294,nr19.png,6.0,0.040974413802183536,nr21.png,3.0,0.0,nr93.png,7.0,0.0,nr98.png,6.0,0.03183623518443037,nr20.png,5.0,0.037731834292658216,nr125.png,16
738,14.0,59.0,38.0,3.0,4492.0,5.0,0.055418631617341764,nr14.png,5.0,0.037142274381835434,nr80.png,5.0,0.07929580800566452,nr76.png,7.0,0.020929376834208854,nr51.png,7.0,0.0,nr60.png,6.0,0.12557626100525313,nr9.png,7.0,0.0654411501013291,nr57.png,1.0,0.04156397371300632,nr72.png,7.0,0.06308291045803796,nr75.png,5.0,0.08047492782731011,nr96.png,3.0,0.034784034738544294,nr19.png,6.0,0.040974413802183536,nr21.png,3.0,0.0,nr93.png,7.0,0.0,nr98.png,6.0,0.03183623518443037,nr20.png,5.0,0.037731834292658216,nr125.png,16
739,14.0,59.0,39.0,3.0,4306.0,5.0,0.055418631617341764,nr14.png,5.0,0.037142274381835434,nr80.png,5.0,0.07929580800566452,nr76.png,7.0,0.020929376834208854,nr51.png,7.0,0.0,nr60.png,6.0,0.12557626100525313,nr9.png,7.0,0.0654411501013291,nr57.png,1.0,0.04156397371300632,nr72.png,7.0,0.06308291045803796,nr75.png,5.0,0.08047492782731011,nr96.png,3.0,0.034784034738544294,nr19.png,6.0,0.040974413802183536,nr21.png,3.0,0.0,nr93.png,7.0,0.0,nr98.png,6.0,0.03183623518443037,nr20.png,5.0,0.037731834292658216,nr125.png,16
740,14.0,59.0,40.0,11.0,4089.0,5.0,0.055418631617341764,nr14.png,5.0,0.037142274381835434,nr80.png,5.0,0.07929580800566452,nr76.png,7.0,0.020929376834208854,nr51.png,7.0,0.0,nr60.png,6.0,0.12557626100525313,nr9.png,7.0,0.0654411501013291,nr57.png,1.0,0.04156397371300632,nr72.png,7.0,0.06308291045803796,nr75.png,5.0,0.08047492782731011,nr96.png,3.0,0.034784034738544294,nr19.png,6.0,0.040974413802183536,nr21.png,3.0,0.0,nr93.png,7.0,0.0,nr98.png,6.0,0.03183623518443037,nr20.png,5.0,0.037731834292658216,nr125.png,16
741,14.0,59.0,41.0,8.0,4941.0,5.0,0.055418631617341764,nr14.png,5.0,0.037142274381835434,nr80.png,5.0,0.07929580800566452,nr76.png,7.0,0.020929376834208854,nr51.png,7.0,0.0,nr60.png,6.0,0.12557626100525313,nr9.png,7.0,0.0654411501013291,nr57.png,1.0,0.04156397371300632,nr72.png,7.0,0.06308291045803796,nr75.png,5.0,0.08047492782731011,nr96.png,3.0,0.034784034738544294,nr19.png,6.0,0.040974413802183536,nr21.png,3.0,0.0,nr93.png,7.0,0.0,nr98.png,6.0,0.03183623518443037,nr20.png,5.0,0.037731834292658216,nr125.png,16
742,14.0,59.0,42.0,13.0,3127.0,5.0,0.055418631617341764,nr14.png,5.0,0.037142274381835434,nr80.png,5.0,0.07929580800566452,nr76.png,7.0,0.020929376834208854,nr51.png,7.0,0.0,nr60.png,6.0,0.12557626100525313,nr9.png,7.0,0.0654411501013291,nr57.png,1.0,0.04156397371300632,nr72.png,7.0,0.06308291045803796,nr75.png,5.0,0.08047492782731011,nr96.png,3.0,0.034784034738544294,nr19.png,6.0,0.040974413802183536,nr21.png,3.0,0.0,nr93.png,7.0,0.0,nr98.png,6.0,0.03183623518443037,nr20.png,5.0,0.037731834292658216,nr125.png,16
743,14.0,59.0,43.0,13.0,6390.0,5.0,0.055418631617341764,nr14.png,5.0,0.037142274381835434,nr80.png,5.0,0.07929580800566452,nr76.png,7.0,0.020929376834208854,nr51.png,7.0,0.0,nr60.png,6.0,0.12557626100525313,nr9.png,7.0,0.0654411501013291,nr57.png,1.0,0.04156397371300632,nr72.png,7.0,0.06308291045803796,nr75.png,5.0,0.08047492782731011,nr96.png,3.0,0.034784034738544294,nr19.png,6.0,0.040974413802183536,nr21.png,3.0,0.0,nr93.png,7.0,0.0,nr98.png,6.0,0.03183623518443037,nr20.png,5.0,0.037731834292658216,nr125.png,16
744,14.0,59.0,44.0,0.0,4990.0,5.0,0.055418631617341764,nr14.png,5.0,0.037142274381835434,nr80.png,5.0,0.07929580800566452,nr76.png,7.0,0.020929376834208854,nr51.png,7.0,0.0,nr60.png,6.0,0.12557626100525313,nr9.png,7.0,0.0654411501013291,nr57.png,1.0,0.04156397371300632,nr72.png,7.0,0.06308291045803796,nr75.png,5.0,0.08047492782731011,nr96.png,3.0,0.034784034738544294,nr19.png,6.0,0.040974413802183536,nr21.png,3.0,0.0,nr93.png,7.0,0.0,nr98.png,6.0,0.03183623518443037,nr20.png,5.0,0.037731834292658216,nr125.png,16
745,14.0,59.0,45.0,2.0,4116.0,5.0,0.055418631617341764,nr14.png,5.0,0.037142274381835434,nr80.png,5.0,0.07929580800566452,nr76.png,7.0,0.020929376834208854,nr51.png,7.0,0.0,nr60.png,6.0,0.12557626100525313,nr9.png,7.0,0.0654411501013291,nr57.png,1.0,0.04156397371300632,nr72.png,7.0,0.06308291045803796,nr75.png,5.0,0.08047492782731011,nr96.png,3.0,0.034784034738544294,nr19.png,6.0,0.040974413802183536,nr21.png,3.0,0.0,nr93.png,7.0,0.0,nr98.png,6.0,0.03183623518443037,nr20.png,5.0,0.037731834292658216,nr125.png,16
746,14.0,59.0,46.0,6.0,3736.0,5.0,0.055418631617341764,nr14.png,5.0,0.037142274381835434,nr80.png,5.0,0.07929580800566452,nr76.png,7.0,0.020929376834208854,nr51.png,7.0,0.0,nr60.png,6.0,0.12557626100525313,nr9.png,7.0,0.0654411501013291,nr57.png,1.0,0.04156397371300632,nr72.png,7.0,0.06308291045803796,nr75.png,5.0,0.08047492782731011,nr96.png,3.0,0.034784034738544294,nr19.png,6.0,0.040974413802183536,nr21.png,3.0,0.0,nr93.png,7.0,0.0,nr98.png,6.0,0.03183623518443037,nr20.png,5.0,0.037731834292658216,nr125.png,16
747,14.0,59.0,47.0,6.0,3257.0,5.0,0.055418631617341764,nr14.png,5.0,0.037142274381835434,nr80.png,5.0,0.07929580800566452,nr76.png,7.0,0.020929376834208854,nr51.png,7.0,0.0,nr60.png,6.0,0.12557626100525313,nr9.png,7.0,0.0654411501013291,nr57.png,1.0,0.04156397371300632,nr72.png,7.0,0.06308291045803796,nr75.png,5.0,0.08047492782731011,nr96.png,3.0,0.034784034738544294,nr19.png,6.0,0.040974413802183536,nr21.png,3.0,0.0,nr93.png,7.0,0.0,nr98.png,6.0,0.03183623518443037,nr20.png,5.0,0.037731834292658216,nr125.png,16
748,14.0,59.0,48.0,13.0,5164.0,5.0,0.055418631617341764,nr14.png,5.0,0.037142274381835434,nr80.png,5.0,0.07929580800566452,nr76.png,7.0,0.020929376834208854,nr51.png,7.0,0.0,nr60.png,6.0,0.12557626100525313,nr9.png,7.0,0.0654411501013291,nr57.png,1.0,0.04156397371300632,nr72.png,7.0,0.06308291045803796,nr75.png,5.0,0.08047492782731011,nr96.png,3.0,0.034784034738544294,nr19.png,6.0,0.040974413802183536,nr21.png,3.0,0.0,nr93.png,7.0,0.0,nr98.png,6.0,0.03183623518443037,nr20.png,5.0,0.037731834292658216,nr125.png,16
749,14.0,59.0,49.0,9.0,3061.0,5.0,0.055418631617341764,nr14.png,5.0,0.037142274381835434,nr80.png,5.0,0.07929580800566452,nr76.png,7.0,0.020929376834208854,nr51.png,7.0,0.0,nr60.png,6.0,0.12557626100525313,nr9.png,7.0,0.0654411501013291,nr57.png,1.0,0.04156397371300632,nr72.png,7.0,0.06308291045803796,nr75.png,5.0,0.08047492782731011,nr96.png,3.0,0.034784034738544294,nr19.png,6.0,0.040974413802183536,nr21.png,3.0,0.0,nr93.png,7.0,0.0,nr98.png,6.0,0.03183623518443037,nr20.png,5.0,0.037731834292658216,nr125.png,16
750,14.0,61.0,0.0,6.0,4801.0,6.0,0.06645935645158822,nr87.png,3.0,0.0,nr1.png,7.0,0.056490452983849984,nr49.png,4.0,0.04652154951611176,nr112.png,3.0,0.03904487191530808,nr7.png,3.0,0.03987561387095294,nr19.png,7.0,0.15119503592736322,nr12.png,4.0,0.045275436582644484,nr111.png,7.0,0.05565971102820514,nr95.png,7.0,0.0598134208064294,nr75.png,1.0,0.0,nr120.png,5.0,0.0,nr80.png,6.0,0.0,nr99.png,6.0,0.06230564667336396,nr21.png,7.0,0.04610617853828933,nr63.png,1.0,0.0,nr101.png,16
751,14.0,61.0,1.0,6.0,3773.0,6.0,0.06645935645158822,nr87.png,3.0,0.0,nr1.png,7.0,0.056490452983849984,nr49.png,4.0,0.04652154951611176,nr112.png,3.0,0.03904487191530808,nr7.png,3.0,0.03987561387095294,nr19.png,7.0,0.15119503592736322,nr12.png,4.0,0.045275436582644484,nr111.png,7.0,0.05565971102820514,nr95.png,7.0,0.0598134208064294,nr75.png,1.0,0.0,nr120.png,5.0,0.0,nr80.png,6.0,0.0,nr99.png,6.0,0.06230564667336396,nr21.png,7.0,0.04610617853828933,nr63.png,1.0,0.0,nr101.png,16
752,14.0,61.0,2.0,2.0,3254.0,6.0,0.06645935645158822,nr87.png,3.0,0.0,nr1.png,7.0,0.056490452983849984,nr49.png,4.0,0.04652154951611176,nr112.png,3.0,0.03904487191530808,nr7.png,3.0,0.03987561387095294,nr19.png,7.0,0.15119503592736322,nr12.png,4.0,0.045275436582644484,nr111.png,7.0,0.05565971102820514,nr95.png,7.0,0.0598134208064294,nr75.png,1.0,0.0,nr120.png,5.0,0.0,nr80.png,6.0,0.0,nr99.png,6.0,0.06230564667336396,nr21.png,7.0,0.04610617853828933,nr63.png,1.0,0.0,nr101.png,16
753,14.0,61.0,3.0,2.0,2898.0,6.0,0.06645935645158822,nr87.png,3.0,0.0,nr1.png,7.0,0.056490452983849984,nr49.png,4.0,0.04652154951611176,nr112.png,3.0,0.03904487191530808,nr7.png,3.0,0.03987561387095294,nr19.png,7.0,0.15119503592736322,nr12.png,4.0,0.045275436582644484,nr111.png,7.0,0.05565971102820514,nr95.png,7.0,0.0598134208064294,nr75.png,1.0,0.0,nr120.png,5.0,0.0,nr80.png,6.0,0.0,nr99.png,6.0,0.06230564667336396,nr21.png,7.0,0.04610617853828933,nr63.png,1.0,0.0,nr101.png,16
754,14.0,61.0,4.0,14.0,5557.0,6.0,0.06645935645158822,nr87.png,3.0,0.0,nr1.png,7.0,0.056490452983849984,nr49.png,4.0,0.04652154951611176,nr112.png,3.0,0.03904487191530808,nr7.png,3.0,0.03987561387095294,nr19.png,7.0,0.15119503592736322,nr12.png,4.0,0.045275436582644484,nr111.png,7.0,0.05565971102820514,nr95.png,7.0,0.0598134208064294,nr75.png,1.0,0.0,nr120.png,5.0,0.0,nr80.png,6.0,0.0,nr99.png,6.0,0.06230564667336396,nr21.png,7.0,0.04610617853828933,nr63.png,1.0,0.0,nr101.png,16
755,14.0,61.0,5.0,6.0,3739.0,6.0,0.06645935645158822,nr87.png,3.0,0.0,nr1.png,7.0,0.056490452983849984,nr49.png,4.0,0.04652154951611176,nr112.png,3.0,0.03904487191530808,nr7.png,3.0,0.03987561387095294,nr19.png,7.0,0.15119503592736322,nr12.png,4.0,0.045275436582644484,nr111.png,7.0,0.05565971102820514,nr95.png,7.0,0.0598134208064294,nr75.png,1.0,0.0,nr120.png,5.0,0.0,nr80.png,6.0,0.0,nr99.png,6.0,0.06230564667336396,nr21.png,7.0,0.04610617853828933,nr63.png,1.0,0.0,nr101.png,16
756,14.0,61.0,6.0,2.0,3977.0,6.0,0.06645935645158822,nr87.png,3.0,0.0,nr1.png,7.0,0.056490452983849984,nr49.png,4.0,0.04652154951611176,nr112.png,3.0,0.03904487191530808,nr7.png,3.0,0.03987561387095294,nr19.png,7.0,0.15119503592736322,nr12.png,4.0,0.045275436582644484,nr111.png,7.0,0.05565971102820514,nr95.png,7.0,0.0598134208064294,nr75.png,1.0,0.0,nr120.png,5.0,0.0,nr80.png,6.0,0.0,nr99.png,6.0,0.06230564667336396,nr21.png,7.0,0.04610617853828933,nr63.png,1.0,0.0,nr101.png,16
757,14.0,61.0,7.0,9.0,3842.0,6.0,0.06645935645158822,nr87.png,3.0,0.0,nr1.png,7.0,0.056490452983849984,nr49.png,4.0,0.04652154951611176,nr112.png,3.0,0.03904487191530808,nr7.png,3.0,0.03987561387095294,nr19.png,7.0,0.15119503592736322,nr12.png,4.0,0.045275436582644484,nr111.png,7.0,0.05565971102820514,nr95.png,7.0,0.0598134208064294,nr75.png,1.0,0.0,nr120.png,5.0,0.0,nr80.png,6.0,0.0,nr99.png,6.0,0.06230564667336396,nr21.png,7.0,0.04610617853828933,nr63.png,1.0,0.0,nr101.png,16
758,14.0,61.0,8.0,8.0,3707.0,6.0,0.06645935645158822,nr87.png,3.0,0.0,nr1.png,7.0,0.056490452983849984,nr49.png,4.0,0.04652154951611176,nr112.png,3.0,0.03904487191530808,nr7.png,3.0,0.03987561387095294,nr19.png,7.0,0.15119503592736322,nr12.png,4.0,0.045275436582644484,nr111.png,7.0,0.05565971102820514,nr95.png,7.0,0.0598134208064294,nr75.png,1.0,0.0,nr120.png,5.0,0.0,nr80.png,6.0,0.0,nr99.png,6.0,0.06230564667336396,nr21.png,7.0,0.04610617853828933,nr63.png,1.0,0.0,nr101.png,16
759,14.0,61.0,9.0,6.0,5405.0,6.0,0.06645935645158822,nr87.png,3.0,0.0,nr1.png,7.0,0.056490452983849984,nr49.png,4.0,0.04652154951611176,nr112.png,3.0,0.03904487191530808,nr7.png,3.0,0.03987561387095294,nr19.png,7.0,0.15119503592736322,nr12.png,4.0,0.045275436582644484,nr111.png,7.0,0.05565971102820514,nr95.png,7.0,0.0598134208064294,nr75.png,1.0,0.0,nr120.png,5.0,0.0,nr80.png,6.0,0.0,nr99.png,6.0,0.06230564667336396,nr21.png,7.0,0.04610617853828933,nr63.png,1.0,0.0,nr101.png,16
760,14.0,61.0,10.0,13.0,6262.0,6.0,0.06645935645158822,nr87.png,3.0,0.0,nr1.png,7.0,0.056490452983849984,nr49.png,4.0,0.04652154951611176,nr112.png,3.0,0.03904487191530808,nr7.png,3.0,0.03987561387095294,nr19.png,7.0,0.15119503592736322,nr12.png,4.0,0.045275436582644484,nr111.png,7.0,0.05565971102820514,nr95.png,7.0,0.0598134208064294,nr75.png,1.0,0.0,nr120.png,5.0,0.0,nr80.png,6.0,0.0,nr99.png,6.0,0.06230564667336396,nr21.png,7.0,0.04610617853828933,nr63.png,1.0,0.0,nr101.png,16
761,14.0,61.0,11.0,6.0,4349.0,6.0,0.06645935645158822,nr87.png,3.0,0.0,nr1.png,7.0,0.056490452983849984,nr49.png,4.0,0.04652154951611176,nr112.png,3.0,0.03904487191530808,nr7.png,3.0,0.03987561387095294,nr19.png,7.0,0.15119503592736322,nr12.png,4.0,0.045275436582644484,nr111.png,7.0,0.05565971102820514,nr95.png,7.0,0.0598134208064294,nr75.png,1.0,0.0,nr120.png,5.0,0.0,nr80.png,6.0,0.0,nr99.png,6.0,0.06230564667336396,nr21.png,7.0,0.04610617853828933,nr63.png,1.0,0.0,nr101.png,16
762,14.0,61.0,12.0,2.0,3194.0,6.0,0.06645935645158822,nr87.png,3.0,0.0,nr1.png,7.0,0.056490452983849984,nr49.png,4.0,0.04652154951611176,nr112.png,3.0,0.03904487191530808,nr7.png,3.0,0.03987561387095294,nr19.png,7.0,0.15119503592736322,nr12.png,4.0,0.045275436582644484,nr111.png,7.0,0.05565971102820514,nr95.png,7.0,0.0598134208064294,nr75.png,1.0,0.0,nr120.png,5.0,0.0,nr80.png,6.0,0.0,nr99.png,6.0,0.06230564667336396,nr21.png,7.0,0.04610617853828933,nr63.png,1.0,0.0,nr101.png,16
763,14.0,61.0,13.0,6.0,4286.0,6.0,0.06645935645158822,nr87.png,3.0,0.0,nr1.png,7.0,0.056490452983849984,nr49.png,4.0,0.04652154951611176,nr112.png,3.0,0.03904487191530808,nr7.png,3.0,0.03987561387095294,nr19.png,7.0,0.15119503592736322,nr12.png,4.0,0.045275436582644484,nr111.png,7.0,0.05565971102820514,nr95.png,7.0,0.0598134208064294,nr75.png,1.0,0.0,nr120.png,5.0,0.0,nr80.png,6.0,0.0,nr99.png,6.0,0.06230564667336396,nr21.png,7.0,0.04610617853828933,nr63.png,1.0,0.0,nr101.png,16
764,14.0,61.0,14.0,6.0,3889.0,6.0,0.06645935645158822,nr87.png,3.0,0.0,nr1.png,7.0,0.056490452983849984,nr49.png,4.0,0.04652154951611176,nr112.png,3.0,0.03904487191530808,nr7.png,3.0,0.03987561387095294,nr19.png,7.0,0.15119503592736322,nr12.png,4.0,0.045275436582644484,nr111.png,7.0,0.05565971102820514,nr95.png,7.0,0.0598134208064294,nr75.png,1.0,0.0,nr120.png,5.0,0.0,nr80.png,6.0,0.0,nr99.png,6.0,0.06230564667336396,nr21.png,7.0,0.04610617853828933,nr63.png,1.0,0.0,nr101.png,16
765,14.0,61.0,15.0,6.0,4277.0,6.0,0.06645935645158822,nr87.png,3.0,0.0,nr1.png,7.0,0.056490452983849984,nr49.png,4.0,0.04652154951611176,nr112.png,3.0,0.03904487191530808,nr7.png,3.0,0.03987561387095294,nr19.png,7.0,0.15119503592736322,nr12.png,4.0,0.045275436582644484,nr111.png,7.0,0.05565971102820514,nr95.png,7.0,0.0598134208064294,nr75.png,1.0,0.0,nr120.png,5.0,0.0,nr80.png,6.0,0.0,nr99.png,6.0,0.06230564667336396,nr21.png,7.0,0.04610617853828933,nr63.png,1.0,0.0,nr101.png,16
766,14.0,61.0,16.0,2.0,3888.0,6.0,0.06645935645158822,nr87.png,3.0,0.0,nr1.png,7.0,0.056490452983849984,nr49.png,4.0,0.04652154951611176,nr112.png,3.0,0.03904487191530808,nr7.png,3.0,0.03987561387095294,nr19.png,7.0,0.15119503592736322,nr12.png,4.0,0.045275436582644484,nr111.png,7.0,0.05565971102820514,nr95.png,7.0,0.0598134208064294,nr75.png,1.0,0.0,nr120.png,5.0,0.0,nr80.png,6.0,0.0,nr99.png,6.0,0.06230564667336396,nr21.png,7.0,0.04610617853828933,nr63.png,1.0,0.0,nr101.png,16
767,14.0,61.0,17.0,9.0,5171.0,6.0,0.06645935645158822,nr87.png,3.0,0.0,nr1.png,7.0,0.056490452983849984,nr49.png,4.0,0.04652154951611176,nr112.png,3.0,0.03904487191530808,nr7.png,3.0,0.03987561387095294,nr19.png,7.0,0.15119503592736322,nr12.png,4.0,0.045275436582644484,nr111.png,7.0,0.05565971102820514,nr95.png,7.0,0.0598134208064294,nr75.png,1.0,0.0,nr120.png,5.0,0.0,nr80.png,6.0,0.0,nr99.png,6.0,0.06230564667336396,nr21.png,7.0,0.04610617853828933,nr63.png,1.0,0.0,nr101.png,16
768,14.0,61.0,18.0,6.0,6250.0,6.0,0.06645935645158822,nr87.png,3.0,0.0,nr1.png,7.0,0.056490452983849984,nr49.png,4.0,0.04652154951611176,nr112.png,3.0,0.03904487191530808,nr7.png,3.0,0.03987561387095294,nr19.png,7.0,0.15119503592736322,nr12.png,4.0,0.045275436582644484,nr111.png,7.0,0.05565971102820514,nr95.png,7.0,0.0598134208064294,nr75.png,1.0,0.0,nr120.png,5.0,0.0,nr80.png,6.0,0.0,nr99.png,6.0,0.06230564667336396,nr21.png,7.0,0.04610617853828933,nr63.png,1.0,0.0,nr101.png,16
769,14.0,61.0,19.0,6.0,4793.0,6.0,0.06645935645158822,nr87.png,3.0,0.0,nr1.png,7.0,0.056490452983849984,nr49.png,4.0,0.04652154951611176,nr112.png,3.0,0.03904487191530808,nr7.png,3.0,0.03987561387095294,nr19.png,7.0,0.15119503592736322,nr12.png,4.0,0.045275436582644484,nr111.png,7.0,0.05565971102820514,nr95.png,7.0,0.0598134208064294,nr75.png,1.0,0.0,nr120.png,5.0,0.0,nr80.png,6.0,0.0,nr99.png,6.0,0.06230564667336396,nr21.png,7.0,0.04610617853828933,nr63.png,1.0,0.0,nr101.png,16
770,14.0,61.0,20.0,6.0,3891.0,6.0,0.06645935645158822,nr87.png,3.0,0.0,nr1.png,7.0,0.056490452983849984,nr49.png,4.0,0.04652154951611176,nr112.png,3.0,0.03904487191530808,nr7.png,3.0,0.03987561387095294,nr19.png,7.0,0.15119503592736322,nr12.png,4.0,0.045275436582644484,nr111.png,7.0,0.05565971102820514,nr95.png,7.0,0.0598134208064294,nr75.png,1.0,0.0,nr120.png,5.0,0.0,nr80.png,6.0,0.0,nr99.png,6.0,0.06230564667336396,nr21.png,7.0,0.04610617853828933,nr63.png,1.0,0.0,nr101.png,16
771,14.0,61.0,21.0,8.0,3894.0,6.0,0.06645935645158822,nr87.png,3.0,0.0,nr1.png,7.0,0.056490452983849984,nr49.png,4.0,0.04652154951611176,nr112.png,3.0,0.03904487191530808,nr7.png,3.0,0.03987561387095294,nr19.png,7.0,0.15119503592736322,nr12.png,4.0,0.045275436582644484,nr111.png,7.0,0.05565971102820514,nr95.png,7.0,0.0598134208064294,nr75.png,1.0,0.0,nr120.png,5.0,0.0,nr80.png,6.0,0.0,nr99.png,6.0,0.06230564667336396,nr21.png,7.0,0.04610617853828933,nr63.png,1.0,0.0,nr101.png,16
772,14.0,61.0,22.0,0.0,3978.0,6.0,0.06645935645158822,nr87.png,3.0,0.0,nr1.png,7.0,0.056490452983849984,nr49.png,4.0,0.04652154951611176,nr112.png,3.0,0.03904487191530808,nr7.png,3.0,0.03987561387095294,nr19.png,7.0,0.15119503592736322,nr12.png,4.0,0.045275436582644484,nr111.png,7.0,0.05565971102820514,nr95.png,7.0,0.0598134208064294,nr75.png,1.0,0.0,nr120.png,5.0,0.0,nr80.png,6.0,0.0,nr99.png,6.0,0.06230564667336396,nr21.png,7.0,0.04610617853828933,nr63.png,1.0,0.0,nr101.png,16
773,14.0,61.0,23.0,6.0,3530.0,6.0,0.06645935645158822,nr87.png,3.0,0.0,nr1.png,7.0,0.056490452983849984,nr49.png,4.0,0.04652154951611176,nr112.png,3.0,0.03904487191530808,nr7.png,3.0,0.03987561387095294,nr19.png,7.0,0.15119503592736322,nr12.png,4.0,0.045275436582644484,nr111.png,7.0,0.05565971102820514,nr95.png,7.0,0.0598134208064294,nr75.png,1.0,0.0,nr120.png,5.0,0.0,nr80.png,6.0,0.0,nr99.png,6.0,0.06230564667336396,nr21.png,7.0,0.04610617853828933,nr63.png,1.0,0.0,nr101.png,16
774,14.0,61.0,24.0,2.0,5489.0,6.0,0.06645935645158822,nr87.png,3.0,0.0,nr1.png,7.0,0.056490452983849984,nr49.png,4.0,0.04652154951611176,nr112.png,3.0,0.03904487191530808,nr7.png,3.0,0.03987561387095294,nr19.png,7.0,0.15119503592736322,nr12.png,4.0,0.045275436582644484,nr111.png,7.0,0.05565971102820514,nr95.png,7.0,0.0598134208064294,nr75.png,1.0,0.0,nr120.png,5.0,0.0,nr80.png,6.0,0.0,nr99.png,6.0,0.06230564667336396,nr21.png,7.0,0.04610617853828933,nr63.png,1.0,0.0,nr101.png,16
775,14.0,61.0,25.0,6.0,5494.0,6.0,0.06645935645158822,nr87.png,3.0,0.0,nr1.png,7.0,0.056490452983849984,nr49.png,4.0,0.04652154951611176,nr112.png,3.0,0.03904487191530808,nr7.png,3.0,0.03987561387095294,nr19.png,7.0,0.15119503592736322,nr12.png,4.0,0.045275436582644484,nr111.png,7.0,0.05565971102820514,nr95.png,7.0,0.0598134208064294,nr75.png,1.0,0.0,nr120.png,5.0,0.0,nr80.png,6.0,0.0,nr99.png,6.0,0.06230564667336396,nr21.png,7.0,0.04610617853828933,nr63.png,1.0,0.0,nr101.png,16
776,14.0,61.0,26.0,6.0,3783.0,6.0,0.06645935645158822,nr87.png,3.0,0.0,nr1.png,7.0,0.056490452983849984,nr49.png,4.0,0.04652154951611176,nr112.png,3.0,0.03904487191530808,nr7.png,3.0,0.03987561387095294,nr19.png,7.0,0.15119503592736322,nr12.png,4.0,0.045275436582644484,nr111.png,7.0,0.05565971102820514,nr95.png,7.0,0.0598134208064294,nr75.png,1.0,0.0,nr120.png,5.0,0.0,nr80.png,6.0,0.0,nr99.png,6.0,0.06230564667336396,nr21.png,7.0,0.04610617853828933,nr63.png,1.0,0.0,nr101.png,16
777,14.0,61.0,27.0,9.0,4023.0,6.0,0.06645935645158822,nr87.png,3.0,0.0,nr1.png,7.0,0.056490452983849984,nr49.png,4.0,0.04652154951611176,nr112.png,3.0,0.03904487191530808,nr7.png,3.0,0.03987561387095294,nr19.png,7.0,0.15119503592736322,nr12.png,4.0,0.045275436582644484,nr111.png,7.0,0.05565971102820514,nr95.png,7.0,0.0598134208064294,nr75.png,1.0,0.0,nr120.png,5.0,0.0,nr80.png,6.0,0.0,nr99.png,6.0,0.06230564667336396,nr21.png,7.0,0.04610617853828933,nr63.png,1.0,0.0,nr101.png,16
778,14.0,61.0,28.0,6.0,3856.0,6.0,0.06645935645158822,nr87.png,3.0,0.0,nr1.png,7.0,0.056490452983849984,nr49.png,4.0,0.04652154951611176,nr112.png,3.0,0.03904487191530808,nr7.png,3.0,0.03987561387095294,nr19.png,7.0,0.15119503592736322,nr12.png,4.0,0.045275436582644484,nr111.png,7.0,0.05565971102820514,nr95.png,7.0,0.0598134208064294,nr75.png,1.0,0.0,nr120.png,5.0,0.0,nr80.png,6.0,0.0,nr99.png,6.0,0.06230564667336396,nr21.png,7.0,0.04610617853828933,nr63.png,1.0,0.0,nr101.png,16
779,14.0,61.0,29.0,6.0,5414.0,6.0,0.06645935645158822,nr87.png,3.0,0.0,nr1.png,7.0,0.056490452983849984,nr49.png,4.0,0.04652154951611176,nr112.png,3.0,0.03904487191530808,nr7.png,3.0,0.03987561387095294,nr19.png,7.0,0.15119503592736322,nr12.png,4.0,0.045275436582644484,nr111.png,7.0,0.05565971102820514,nr95.png,7.0,0.0598134208064294,nr75.png,1.0,0.0,nr120.png,5.0,0.0,nr80.png,6.0,0.0,nr99.png,6.0,0.06230564667336396,nr21.png,7.0,0.04610617853828933,nr63.png,1.0,0.0,nr101.png,16
780,14.0,61.0,30.0,8.0,4795.0,6.0,0.06645935645158822,nr87.png,3.0,0.0,nr1.png,7.0,0.056490452983849984,nr49.png,4.0,0.04652154951611176,nr112.png,3.0,0.03904487191530808,nr7.png,3.0,0.03987561387095294,nr19.png,7.0,0.15119503592736322,nr12.png,4.0,0.045275436582644484,nr111.png,7.0,0.05565971102820514,nr95.png,7.0,0.0598134208064294,nr75.png,1.0,0.0,nr120.png,5.0,0.0,nr80.png,6.0,0.0,nr99.png,6.0,0.06230564667336396,nr21.png,7.0,0.04610617853828933,nr63.png,1.0,0.0,nr101.png,16
781,14.0,61.0,31.0,2.0,5102.0,6.0,0.06645935645158822,nr87.png,3.0,0.0,nr1.png,7.0,0.056490452983849984,nr49.png,4.0,0.04652154951611176,nr112.png,3.0,0.03904487191530808,nr7.png,3.0,0.03987561387095294,nr19.png,7.0,0.15119503592736322,nr12.png,4.0,0.045275436582644484,nr111.png,7.0,0.05565971102820514,nr95.png,7.0,0.0598134208064294,nr75.png,1.0,0.0,nr120.png,5.0,0.0,nr80.png,6.0,0.0,nr99.png,6.0,0.06230564667336396,nr21.png,7.0,0.04610617853828933,nr63.png,1.0,0.0,nr101.png,16
782,14.0,61.0,32.0,6.0,5115.0,6.0,0.06645935645158822,nr87.png,3.0,0.0,nr1.png,7.0,0.056490452983849984,nr49.png,4.0,0.04652154951611176,nr112.png,3.0,0.03904487191530808,nr7.png,3.0,0.03987561387095294,nr19.png,7.0,0.15119503592736322,nr12.png,4.0,0.045275436582644484,nr111.png,7.0,0.05565971102820514,nr95.png,7.0,0.0598134208064294,nr75.png,1.0,0.0,nr120.png,5.0,0.0,nr80.png,6.0,0.0,nr99.png,6.0,0.06230564667336396,nr21.png,7.0,0.04610617853828933,nr63.png,1.0,0.0,nr101.png,16
783,14.0,61.0,33.0,9.0,4496.0,6.0,0.06645935645158822,nr87.png,3.0,0.0,nr1.png,7.0,0.056490452983849984,nr49.png,4.0,0.04652154951611176,nr112.png,3.0,0.03904487191530808,nr7.png,3.0,0.03987561387095294,nr19.png,7.0,0.15119503592736322,nr12.png,4.0,0.045275436582644484,nr111.png,7.0,0.05565971102820514,nr95.png,7.0,0.0598134208064294,nr75.png,1.0,0.0,nr120.png,5.0,0.0,nr80.png,6.0,0.0,nr99.png,6.0,0.06230564667336396,nr21.png,7.0,0.04610617853828933,nr63.png,1.0,0.0,nr101.png,16
784,14.0,61.0,34.0,12.0,4834.0,6.0,0.06645935645158822,nr87.png,3.0,0.0,nr1.png,7.0,0.056490452983849984,nr49.png,4.0,0.04652154951611176,nr112.png,3.0,0.03904487191530808,nr7.png,3.0,0.03987561387095294,nr19.png,7.0,0.15119503592736322,nr12.png,4.0,0.045275436582644484,nr111.png,7.0,0.05565971102820514,nr95.png,7.0,0.0598134208064294,nr75.png,1.0,0.0,nr120.png,5.0,0.0,nr80.png,6.0,0.0,nr99.png,6.0,0.06230564667336396,nr21.png,7.0,0.04610617853828933,nr63.png,1.0,0.0,nr101.png,16
785,14.0,61.0,35.0,15.0,6696.0,6.0,0.06645935645158822,nr87.png,3.0,0.0,nr1.png,7.0,0.056490452983849984,nr49.png,4.0,0.04652154951611176,nr112.png,3.0,0.03904487191530808,nr7.png,3.0,0.03987561387095294,nr19.png,7.0,0.15119503592736322,nr12.png,4.0,0.045275436582644484,nr111.png,7.0,0.05565971102820514,nr95.png,7.0,0.0598134208064294,nr75.png,1.0,0.0,nr120.png,5.0,0.0,nr80.png,6.0,0.0,nr99.png,6.0,0.06230564667336396,nr21.png,7.0,0.04610617853828933,nr63.png,1.0,0.0,nr101.png,16
786,14.0,61.0,36.0,8.0,4389.0,6.0,0.06645935645158822,nr87.png,3.0,0.0,nr1.png,7.0,0.056490452983849984,nr49.png,4.0,0.04652154951611176,nr112.png,3.0,0.03904487191530808,nr7.png,3.0,0.03987561387095294,nr19.png,7.0,0.15119503592736322,nr12.png,4.0,0.045275436582644484,nr111.png,7.0,0.05565971102820514,nr95.png,7.0,0.0598134208064294,nr75.png,1.0,0.0,nr120.png,5.0,0.0,nr80.png,6.0,0.0,nr99.png,6.0,0.06230564667336396,nr21.png,7.0,0.04610617853828933,nr63.png,1.0,0.0,nr101.png,16
787,14.0,61.0,37.0,14.0,4383.0,6.0,0.06645935645158822,nr87.png,3.0,0.0,nr1.png,7.0,0.056490452983849984,nr49.png,4.0,0.04652154951611176,nr112.png,3.0,0.03904487191530808,nr7.png,3.0,0.03987561387095294,nr19.png,7.0,0.15119503592736322,nr12.png,4.0,0.045275436582644484,nr111.png,7.0,0.05565971102820514,nr95.png,7.0,0.0598134208064294,nr75.png,1.0,0.0,nr120.png,5.0,0.0,nr80.png,6.0,0.0,nr99.png,6.0,0.06230564667336396,nr21.png,7.0,0.04610617853828933,nr63.png,1.0,0.0,nr101.png,16
788,14.0,61.0,38.0,13.0,4895.0,6.0,0.06645935645158822,nr87.png,3.0,0.0,nr1.png,7.0,0.056490452983849984,nr49.png,4.0,0.04652154951611176,nr112.png,3.0,0.03904487191530808,nr7.png,3.0,0.03987561387095294,nr19.png,7.0,0.15119503592736322,nr12.png,4.0,0.045275436582644484,nr111.png,7.0,0.05565971102820514,nr95.png,7.0,0.0598134208064294,nr75.png,1.0,0.0,nr120.png,5.0,0.0,nr80.png,6.0,0.0,nr99.png,6.0,0.06230564667336396,nr21.png,7.0,0.04610617853828933,nr63.png,1.0,0.0,nr101.png,16
789,14.0,61.0,39.0,6.0,5471.0,6.0,0.06645935645158822,nr87.png,3.0,0.0,nr1.png,7.0,0.056490452983849984,nr49.png,4.0,0.04652154951611176,nr112.png,3.0,0.03904487191530808,nr7.png,3.0,0.03987561387095294,nr19.png,7.0,0.15119503592736322,nr12.png,4.0,0.045275436582644484,nr111.png,7.0,0.05565971102820514,nr95.png,7.0,0.0598134208064294,nr75.png,1.0,0.0,nr120.png,5.0,0.0,nr80.png,6.0,0.0,nr99.png,6.0,0.06230564667336396,nr21.png,7.0,0.04610617853828933,nr63.png,1.0,0.0,nr101.png,16
790,14.0,61.0,40.0,6.0,5695.0,6.0,0.06645935645158822,nr87.png,3.0,0.0,nr1.png,7.0,0.056490452983849984,nr49.png,4.0,0.04652154951611176,nr112.png,3.0,0.03904487191530808,nr7.png,3.0,0.03987561387095294,nr19.png,7.0,0.15119503592736322,nr12.png,4.0,0.045275436582644484,nr111.png,7.0,0.05565971102820514,nr95.png,7.0,0.0598134208064294,nr75.png,1.0,0.0,nr120.png,5.0,0.0,nr80.png,6.0,0.0,nr99.png,6.0,0.06230564667336396,nr21.png,7.0,0.04610617853828933,nr63.png,1.0,0.0,nr101.png,16
791,14.0,61.0,41.0,6.0,4272.0,6.0,0.06645935645158822,nr87.png,3.0,0.0,nr1.png,7.0,0.056490452983849984,nr49.png,4.0,0.04652154951611176,nr112.png,3.0,0.03904487191530808,nr7.png,3.0,0.03987561387095294,nr19.png,7.0,0.15119503592736322,nr12.png,4.0,0.045275436582644484,nr111.png,7.0,0.05565971102820514,nr95.png,7.0,0.0598134208064294,nr75.png,1.0,0.0,nr120.png,5.0,0.0,nr80.png,6.0,0.0,nr99.png,6.0,0.06230564667336396,nr21.png,7.0,0.04610617853828933,nr63.png,1.0,0.0,nr101.png,16
792,14.0,61.0,42.0,6.0,3810.0,6.0,0.06645935645158822,nr87.png,3.0,0.0,nr1.png,7.0,0.056490452983849984,nr49.png,4.0,0.04652154951611176,nr112.png,3.0,0.03904487191530808,nr7.png,3.0,0.03987561387095294,nr19.png,7.0,0.15119503592736322,nr12.png,4.0,0.045275436582644484,nr111.png,7.0,0.05565971102820514,nr95.png,7.0,0.0598134208064294,nr75.png,1.0,0.0,nr120.png,5.0,0.0,nr80.png,6.0,0.0,nr99.png,6.0,0.06230564667336396,nr21.png,7.0,0.04610617853828933,nr63.png,1.0,0.0,nr101.png,16
793,14.0,61.0,43.0,0.0,4501.0,6.0,0.06645935645158822,nr87.png,3.0,0.0,nr1.png,7.0,0.056490452983849984,nr49.png,4.0,0.04652154951611176,nr112.png,3.0,0.03904487191530808,nr7.png,3.0,0.03987561387095294,nr19.png,7.0,0.15119503592736322,nr12.png,4.0,0.045275436582644484,nr111.png,7.0,0.05565971102820514,nr95.png,7.0,0.0598134208064294,nr75.png,1.0,0.0,nr120.png,5.0,0.0,nr80.png,6.0,0.0,nr99.png,6.0,0.06230564667336396,nr21.png,7.0,0.04610617853828933,nr63.png,1.0,0.0,nr101.png,16
794,14.0,61.0,44.0,6.0,2839.0,6.0,0.06645935645158822,nr87.png,3.0,0.0,nr1.png,7.0,0.056490452983849984,nr49.png,4.0,0.04652154951611176,nr112.png,3.0,0.03904487191530808,nr7.png,3.0,0.03987561387095294,nr19.png,7.0,0.15119503592736322,nr12.png,4.0,0.045275436582644484,nr111.png,7.0,0.05565971102820514,nr95.png,7.0,0.0598134208064294,nr75.png,1.0,0.0,nr120.png,5.0,0.0,nr80.png,6.0,0.0,nr99.png,6.0,0.06230564667336396,nr21.png,7.0,0.04610617853828933,nr63.png,1.0,0.0,nr101.png,16
795,14.0,61.0,45.0,0.0,6184.0,6.0,0.06645935645158822,nr87.png,3.0,0.0,nr1.png,7.0,0.056490452983849984,nr49.png,4.0,0.04652154951611176,nr112.png,3.0,0.03904487191530808,nr7.png,3.0,0.03987561387095294,nr19.png,7.0,0.15119503592736322,nr12.png,4.0,0.045275436582644484,nr111.png,7.0,0.05565971102820514,nr95.png,7.0,0.0598134208064294,nr75.png,1.0,0.0,nr120.png,5.0,0.0,nr80.png,6.0,0.0,nr99.png,6.0,0.06230564667336396,nr21.png,7.0,0.04610617853828933,nr63.png,1.0,0.0,nr101.png,16
796,14.0,61.0,46.0,14.0,4118.0,6.0,0.06645935645158822,nr87.png,3.0,0.0,nr1.png,7.0,0.056490452983849984,nr49.png,4.0,0.04652154951611176,nr112.png,3.0,0.03904487191530808,nr7.png,3.0,0.03987561387095294,nr19.png,7.0,0.15119503592736322,nr12.png,4.0,0.045275436582644484,nr111.png,7.0,0.05565971102820514,nr95.png,7.0,0.0598134208064294,nr75.png,1.0,0.0,nr120.png,5.0,0.0,nr80.png,6.0,0.0,nr99.png,6.0,0.06230564667336396,nr21.png,7.0,0.04610617853828933,nr63.png,1.0,0.0,nr101.png,16
797,14.0,61.0,47.0,6.0,5532.0,6.0,0.06645935645158822,nr87.png,3.0,0.0,nr1.png,7.0,0.056490452983849984,nr49.png,4.0,0.04652154951611176,nr112.png,3.0,0.03904487191530808,nr7.png,3.0,0.03987561387095294,nr19.png,7.0,0.15119503592736322,nr12.png,4.0,0.045275436582644484,nr111.png,7.0,0.05565971102820514,nr95.png,7.0,0.0598134208064294,nr75.png,1.0,0.0,nr120.png,5.0,0.0,nr80.png,6.0,0.0,nr99.png,6.0,0.06230564667336396,nr21.png,7.0,0.04610617853828933,nr63.png,1.0,0.0,nr101.png,16
798,14.0,61.0,48.0,7.0,4864.0,6.0,0.06645935645158822,nr87.png,3.0,0.0,nr1.png,7.0,0.056490452983849984,nr49.png,4.0,0.04652154951611176,nr112.png,3.0,0.03904487191530808,nr7.png,3.0,0.03987561387095294,nr19.png,7.0,0.15119503592736322,nr12.png,4.0,0.045275436582644484,nr111.png,7.0,0.05565971102820514,nr95.png,7.0,0.0598134208064294,nr75.png,1.0,0.0,nr120.png,5.0,0.0,nr80.png,6.0,0.0,nr99.png,6.0,0.06230564667336396,nr21.png,7.0,0.04610617853828933,nr63.png,1.0,0.0,nr101.png,16
799,14.0,61.0,49.0,6.0,4016.0,6.0,0.06645935645158822,nr87.png,3.0,0.0,nr1.png,7.0,0.056490452983849984,nr49.png,4.0,0.04652154951611176,nr112.png,3.0,0.03904487191530808,nr7.png,3.0,0.03987561387095294,nr19.png,7.0,0.15119503592736322,nr12.png,4.0,0.045275436582644484,nr111.png,7.0,0.05565971102820514,nr95.png,7.0,0.0598134208064294,nr75.png,1.0,0.0,nr120.png,5.0,0.0,nr80.png,6.0,0.0,nr99.png,6.0,0.06230564667336396,nr21.png,7.0,0.04610617853828933,nr63.png,1.0,0.0,nr101.png,16
800,14.0,65.0,0.0,9.0,5145.0,1.0,0.0,nr120.png,5.0,0.0,nr80.png,7.0,0.0716737866714258,nr97.png,1.0,0.0,nr72.png,7.0,0.08494671012909724,nr51.png,2.0,0.028821205222372283,nr85.png,4.0,0.09746118081775887,nr29.png,5.0,0.0,nr52.png,1.0,0.06143467428979354,nr55.png,6.0,0.11187178342894502,nr53.png,4.0,0.022753583070293903,nr113.png,1.0,0.0832401913988252,nr102.png,5.0,0.07698295605449437,nr76.png,6.0,0.08456748374459233,nr31.png,1.0,0.0,nr92.png,7.0,0.0,nr75.png,16
801,14.0,65.0,1.0,15.0,6402.0,1.0,0.0,nr120.png,5.0,0.0,nr80.png,7.0,0.0716737866714258,nr97.png,1.0,0.0,nr72.png,7.0,0.08494671012909724,nr51.png,2.0,0.028821205222372283,nr85.png,4.0,0.09746118081775887,nr29.png,5.0,0.0,nr52.png,1.0,0.06143467428979354,nr55.png,6.0,0.11187178342894502,nr53.png,4.0,0.022753583070293903,nr113.png,1.0,0.0832401913988252,nr102.png,5.0,0.07698295605449437,nr76.png,6.0,0.08456748374459233,nr31.png,1.0,0.0,nr92.png,7.0,0.0,nr75.png,16
802,14.0,65.0,2.0,15.0,4316.0,1.0,0.0,nr120.png,5.0,0.0,nr80.png,7.0,0.0716737866714258,nr97.png,1.0,0.0,nr72.png,7.0,0.08494671012909724,nr51.png,2.0,0.028821205222372283,nr85.png,4.0,0.09746118081775887,nr29.png,5.0,0.0,nr52.png,1.0,0.06143467428979354,nr55.png,6.0,0.11187178342894502,nr53.png,4.0,0.022753583070293903,nr113.png,1.0,0.0832401913988252,nr102.png,5.0,0.07698295605449437,nr76.png,6.0,0.08456748374459233,nr31.png,1.0,0.0,nr92.png,7.0,0.0,nr75.png,16
803,14.0,65.0,3.0,2.0,5060.0,1.0,0.0,nr120.png,5.0,0.0,nr80.png,7.0,0.0716737866714258,nr97.png,1.0,0.0,nr72.png,7.0,0.08494671012909724,nr51.png,2.0,0.028821205222372283,nr85.png,4.0,0.09746118081775887,nr29.png,5.0,0.0,nr52.png,1.0,0.06143467428979354,nr55.png,6.0,0.11187178342894502,nr53.png,4.0,0.022753583070293903,nr113.png,1.0,0.0832401913988252,nr102.png,5.0,0.07698295605449437,nr76.png,6.0,0.08456748374459233,nr31.png,1.0,0.0,nr92.png,7.0,0.0,nr75.png,16
804,14.0,65.0,4.0,2.0,5970.0,1.0,0.0,nr120.png,5.0,0.0,nr80.png,7.0,0.0716737866714258,nr97.png,1.0,0.0,nr72.png,7.0,0.08494671012909724,nr51.png,2.0,0.028821205222372283,nr85.png,4.0,0.09746118081775887,nr29.png,5.0,0.0,nr52.png,1.0,0.06143467428979354,nr55.png,6.0,0.11187178342894502,nr53.png,4.0,0.022753583070293903,nr113.png,1.0,0.0832401913988252,nr102.png,5.0,0.07698295605449437,nr76.png,6.0,0.08456748374459233,nr31.png,1.0,0.0,nr92.png,7.0,0.0,nr75.png,16
805,14.0,65.0,5.0,4.0,4165.0,1.0,0.0,nr120.png,5.0,0.0,nr80.png,7.0,0.0716737866714258,nr97.png,1.0,0.0,nr72.png,7.0,0.08494671012909724,nr51.png,2.0,0.028821205222372283,nr85.png,4.0,0.09746118081775887,nr29.png,5.0,0.0,nr52.png,1.0,0.06143467428979354,nr55.png,6.0,0.11187178342894502,nr53.png,4.0,0.022753583070293903,nr113.png,1.0,0.0832401913988252,nr102.png,5.0,0.07698295605449437,nr76.png,6.0,0.08456748374459233,nr31.png,1.0,0.0,nr92.png,7.0,0.0,nr75.png,16
806,14.0,65.0,6.0,2.0,5136.0,1.0,0.0,nr120.png,5.0,0.0,nr80.png,7.0,0.0716737866714258,nr97.png,1.0,0.0,nr72.png,7.0,0.08494671012909724,nr51.png,2.0,0.028821205222372283,nr85.png,4.0,0.09746118081775887,nr29.png,5.0,0.0,nr52.png,1.0,0.06143467428979354,nr55.png,6.0,0.11187178342894502,nr53.png,4.0,0.022753583070293903,nr113.png,1.0,0.0832401913988252,nr102.png,5.0,0.07698295605449437,nr76.png,6.0,0.08456748374459233,nr31.png,1.0,0.0,nr92.png,7.0,0.0,nr75.png,16
807,14.0,65.0,7.0,9.0,5272.0,1.0,0.0,nr120.png,5.0,0.0,nr80.png,7.0,0.0716737866714258,nr97.png,1.0,0.0,nr72.png,7.0,0.08494671012909724,nr51.png,2.0,0.028821205222372283,nr85.png,4.0,0.09746118081775887,nr29.png,5.0,0.0,nr52.png,1.0,0.06143467428979354,nr55.png,6.0,0.11187178342894502,nr53.png,4.0,0.022753583070293903,nr113.png,1.0,0.0832401913988252,nr102.png,5.0,0.07698295605449437,nr76.png,6.0,0.08456748374459233,nr31.png,1.0,0.0,nr92.png,7.0,0.0,nr75.png,16
808,14.0,65.0,8.0,15.0,4151.0,1.0,0.0,nr120.png,5.0,0.0,nr80.png,7.0,0.0716737866714258,nr97.png,1.0,0.0,nr72.png,7.0,0.08494671012909724,nr51.png,2.0,0.028821205222372283,nr85.png,4.0,0.09746118081775887,nr29.png,5.0,0.0,nr52.png,1.0,0.06143467428979354,nr55.png,6.0,0.11187178342894502,nr53.png,4.0,0.022753583070293903,nr113.png,1.0,0.0832401913988252,nr102.png,5.0,0.07698295605449437,nr76.png,6.0,0.08456748374459233,nr31.png,1.0,0.0,nr92.png,7.0,0.0,nr75.png,16
809,14.0,65.0,9.0,15.0,4530.0,1.0,0.0,nr120.png,5.0,0.0,nr80.png,7.0,0.0716737866714258,nr97.png,1.0,0.0,nr72.png,7.0,0.08494671012909724,nr51.png,2.0,0.028821205222372283,nr85.png,4.0,0.09746118081775887,nr29.png,5.0,0.0,nr52.png,1.0,0.06143467428979354,nr55.png,6.0,0.11187178342894502,nr53.png,4.0,0.022753583070293903,nr113.png,1.0,0.0832401913988252,nr102.png,5.0,0.07698295605449437,nr76.png,6.0,0.08456748374459233,nr31.png,1.0,0.0,nr92.png,7.0,0.0,nr75.png,16
810,14.0,65.0,10.0,4.0,4235.0,1.0,0.0,nr120.png,5.0,0.0,nr80.png,7.0,0.0716737866714258,nr97.png,1.0,0.0,nr72.png,7.0,0.08494671012909724,nr51.png,2.0,0.028821205222372283,nr85.png,4.0,0.09746118081775887,nr29.png,5.0,0.0,nr52.png,1.0,0.06143467428979354,nr55.png,6.0,0.11187178342894502,nr53.png,4.0,0.022753583070293903,nr113.png,1.0,0.0832401913988252,nr102.png,5.0,0.07698295605449437,nr76.png,6.0,0.08456748374459233,nr31.png,1.0,0.0,nr92.png,7.0,0.0,nr75.png,16
811,14.0,65.0,11.0,4.0,3581.0,1.0,0.0,nr120.png,5.0,0.0,nr80.png,7.0,0.0716737866714258,nr97.png,1.0,0.0,nr72.png,7.0,0.08494671012909724,nr51.png,2.0,0.028821205222372283,nr85.png,4.0,0.09746118081775887,nr29.png,5.0,0.0,nr52.png,1.0,0.06143467428979354,nr55.png,6.0,0.11187178342894502,nr53.png,4.0,0.022753583070293903,nr113.png,1.0,0.0832401913988252,nr102.png,5.0,0.07698295605449437,nr76.png,6.0,0.08456748374459233,nr31.png,1.0,0.0,nr92.png,7.0,0.0,nr75.png,16
812,14.0,65.0,12.0,2.0,3710.0,1.0,0.0,nr120.png,5.0,0.0,nr80.png,7.0,0.0716737866714258,nr97.png,1.0,0.0,nr72.png,7.0,0.08494671012909724,nr51.png,2.0,0.028821205222372283,nr85.png,4.0,0.09746118081775887,nr29.png,5.0,0.0,nr52.png,1.0,0.06143467428979354,nr55.png,6.0,0.11187178342894502,nr53.png,4.0,0.022753583070293903,nr113.png,1.0,0.0832401913988252,nr102.png,5.0,0.07698295605449437,nr76.png,6.0,0.08456748374459233,nr31.png,1.0,0.0,nr92.png,7.0,0.0,nr75.png,16
813,14.0,65.0,13.0,13.0,3778.0,1.0,0.0,nr120.png,5.0,0.0,nr80.png,7.0,0.0716737866714258,nr97.png,1.0,0.0,nr72.png,7.0,0.08494671012909724,nr51.png,2.0,0.028821205222372283,nr85.png,4.0,0.09746118081775887,nr29.png,5.0,0.0,nr52.png,1.0,0.06143467428979354,nr55.png,6.0,0.11187178342894502,nr53.png,4.0,0.022753583070293903,nr113.png,1.0,0.0832401913988252,nr102.png,5.0,0.07698295605449437,nr76.png,6.0,0.08456748374459233,nr31.png,1.0,0.0,nr92.png,7.0,0.0,nr75.png,16
814,14.0,65.0,14.0,2.0,3528.0,1.0,0.0,nr120.png,5.0,0.0,nr80.png,7.0,0.0716737866714258,nr97.png,1.0,0.0,nr72.png,7.0,0.08494671012909724,nr51.png,2.0,0.028821205222372283,nr85.png,4.0,0.09746118081775887,nr29.png,5.0,0.0,nr52.png,1.0,0.06143467428979354,nr55.png,6.0,0.11187178342894502,nr53.png,4.0,0.022753583070293903,nr113.png,1.0,0.0832401913988252,nr102.png,5.0,0.07698295605449437,nr76.png,6.0,0.08456748374459233,nr31.png,1.0,0.0,nr92.png,7.0,0.0,nr75.png,16
815,14.0,65.0,15.0,4.0,3367.0,1.0,0.0,nr120.png,5.0,0.0,nr80.png,7.0,0.0716737866714258,nr97.png,1.0,0.0,nr72.png,7.0,0.08494671012909724,nr51.png,2.0,0.028821205222372283,nr85.png,4.0,0.09746118081775887,nr29.png,5.0,0.0,nr52.png,1.0,0.06143467428979354,nr55.png,6.0,0.11187178342894502,nr53.png,4.0,0.022753583070293903,nr113.png,1.0,0.0832401913988252,nr102.png,5.0,0.07698295605449437,nr76.png,6.0,0.08456748374459233,nr31.png,1.0,0.0,nr92.png,7.0,0.0,nr75.png,16
816,14.0,65.0,16.0,9.0,4152.0,1.0,0.0,nr120.png,5.0,0.0,nr80.png,7.0,0.0716737866714258,nr97.png,1.0,0.0,nr72.png,7.0,0.08494671012909724,nr51.png,2.0,0.028821205222372283,nr85.png,4.0,0.09746118081775887,nr29.png,5.0,0.0,nr52.png,1.0,0.06143467428979354,nr55.png,6.0,0.11187178342894502,nr53.png,4.0,0.022753583070293903,nr113.png,1.0,0.0832401913988252,nr102.png,5.0,0.07698295605449437,nr76.png,6.0,0.08456748374459233,nr31.png,1.0,0.0,nr92.png,7.0,0.0,nr75.png,16
817,14.0,65.0,17.0,6.0,3898.0,1.0,0.0,nr120.png,5.0,0.0,nr80.png,7.0,0.0716737866714258,nr97.png,1.0,0.0,nr72.png,7.0,0.08494671012909724,nr51.png,2.0,0.028821205222372283,nr85.png,4.0,0.09746118081775887,nr29.png,5.0,0.0,nr52.png,1.0,0.06143467428979354,nr55.png,6.0,0.11187178342894502,nr53.png,4.0,0.022753583070293903,nr113.png,1.0,0.0832401913988252,nr102.png,5.0,0.07698295605449437,nr76.png,6.0,0.08456748374459233,nr31.png,1.0,0.0,nr92.png,7.0,0.0,nr75.png,16
818,14.0,65.0,18.0,9.0,5709.0,1.0,0.0,nr120.png,5.0,0.0,nr80.png,7.0,0.0716737866714258,nr97.png,1.0,0.0,nr72.png,7.0,0.08494671012909724,nr51.png,2.0,0.028821205222372283,nr85.png,4.0,0.09746118081775887,nr29.png,5.0,0.0,nr52.png,1.0,0.06143467428979354,nr55.png,6.0,0.11187178342894502,nr53.png,4.0,0.022753583070293903,nr113.png,1.0,0.0832401913988252,nr102.png,5.0,0.07698295605449437,nr76.png,6.0,0.08456748374459233,nr31.png,1.0,0.0,nr92.png,7.0,0.0,nr75.png,16
819,14.0,65.0,19.0,9.0,4566.0,1.0,0.0,nr120.png,5.0,0.0,nr80.png,7.0,0.0716737866714258,nr97.png,1.0,0.0,nr72.png,7.0,0.08494671012909724,nr51.png,2.0,0.028821205222372283,nr85.png,4.0,0.09746118081775887,nr29.png,5.0,0.0,nr52.png,1.0,0.06143467428979354,nr55.png,6.0,0.11187178342894502,nr53.png,4.0,0.022753583070293903,nr113.png,1.0,0.0832401913988252,nr102.png,5.0,0.07698295605449437,nr76.png,6.0,0.08456748374459233,nr31.png,1.0,0.0,nr92.png,7.0,0.0,nr75.png,16
820,14.0,65.0,20.0,4.0,4254.0,1.0,0.0,nr120.png,5.0,0.0,nr80.png,7.0,0.0716737866714258,nr97.png,1.0,0.0,nr72.png,7.0,0.08494671012909724,nr51.png,2.0,0.028821205222372283,nr85.png,4.0,0.09746118081775887,nr29.png,5.0,0.0,nr52.png,1.0,0.06143467428979354,nr55.png,6.0,0.11187178342894502,nr53.png,4.0,0.022753583070293903,nr113.png,1.0,0.0832401913988252,nr102.png,5.0,0.07698295605449437,nr76.png,6.0,0.08456748374459233,nr31.png,1.0,0.0,nr92.png,7.0,0.0,nr75.png,16
821,14.0,65.0,21.0,4.0,4598.0,1.0,0.0,nr120.png,5.0,0.0,nr80.png,7.0,0.0716737866714258,nr97.png,1.0,0.0,nr72.png,7.0,0.08494671012909724,nr51.png,2.0,0.028821205222372283,nr85.png,4.0,0.09746118081775887,nr29.png,5.0,0.0,nr52.png,1.0,0.06143467428979354,nr55.png,6.0,0.11187178342894502,nr53.png,4.0,0.022753583070293903,nr113.png,1.0,0.0832401913988252,nr102.png,5.0,0.07698295605449437,nr76.png,6.0,0.08456748374459233,nr31.png,1.0,0.0,nr92.png,7.0,0.0,nr75.png,16
822,14.0,65.0,22.0,13.0,4661.0,1.0,0.0,nr120.png,5.0,0.0,nr80.png,7.0,0.0716737866714258,nr97.png,1.0,0.0,nr72.png,7.0,0.08494671012909724,nr51.png,2.0,0.028821205222372283,nr85.png,4.0,0.09746118081775887,nr29.png,5.0,0.0,nr52.png,1.0,0.06143467428979354,nr55.png,6.0,0.11187178342894502,nr53.png,4.0,0.022753583070293903,nr113.png,1.0,0.0832401913988252,nr102.png,5.0,0.07698295605449437,nr76.png,6.0,0.08456748374459233,nr31.png,1.0,0.0,nr92.png,7.0,0.0,nr75.png,16
823,14.0,65.0,23.0,2.0,4297.0,1.0,0.0,nr120.png,5.0,0.0,nr80.png,7.0,0.0716737866714258,nr97.png,1.0,0.0,nr72.png,7.0,0.08494671012909724,nr51.png,2.0,0.028821205222372283,nr85.png,4.0,0.09746118081775887,nr29.png,5.0,0.0,nr52.png,1.0,0.06143467428979354,nr55.png,6.0,0.11187178342894502,nr53.png,4.0,0.022753583070293903,nr113.png,1.0,0.0832401913988252,nr102.png,5.0,0.07698295605449437,nr76.png,6.0,0.08456748374459233,nr31.png,1.0,0.0,nr92.png,7.0,0.0,nr75.png,16
824,14.0,65.0,24.0,12.0,5225.0,1.0,0.0,nr120.png,5.0,0.0,nr80.png,7.0,0.0716737866714258,nr97.png,1.0,0.0,nr72.png,7.0,0.08494671012909724,nr51.png,2.0,0.028821205222372283,nr85.png,4.0,0.09746118081775887,nr29.png,5.0,0.0,nr52.png,1.0,0.06143467428979354,nr55.png,6.0,0.11187178342894502,nr53.png,4.0,0.022753583070293903,nr113.png,1.0,0.0832401913988252,nr102.png,5.0,0.07698295605449437,nr76.png,6.0,0.08456748374459233,nr31.png,1.0,0.0,nr92.png,7.0,0.0,nr75.png,16
825,14.0,65.0,25.0,2.0,4818.0,1.0,0.0,nr120.png,5.0,0.0,nr80.png,7.0,0.0716737866714258,nr97.png,1.0,0.0,nr72.png,7.0,0.08494671012909724,nr51.png,2.0,0.028821205222372283,nr85.png,4.0,0.09746118081775887,nr29.png,5.0,0.0,nr52.png,1.0,0.06143467428979354,nr55.png,6.0,0.11187178342894502,nr53.png,4.0,0.022753583070293903,nr113.png,1.0,0.0832401913988252,nr102.png,5.0,0.07698295605449437,nr76.png,6.0,0.08456748374459233,nr31.png,1.0,0.0,nr92.png,7.0,0.0,nr75.png,16
826,14.0,65.0,26.0,13.0,3510.0,1.0,0.0,nr120.png,5.0,0.0,nr80.png,7.0,0.0716737866714258,nr97.png,1.0,0.0,nr72.png,7.0,0.08494671012909724,nr51.png,2.0,0.028821205222372283,nr85.png,4.0,0.09746118081775887,nr29.png,5.0,0.0,nr52.png,1.0,0.06143467428979354,nr55.png,6.0,0.11187178342894502,nr53.png,4.0,0.022753583070293903,nr113.png,1.0,0.0832401913988252,nr102.png,5.0,0.07698295605449437,nr76.png,6.0,0.08456748374459233,nr31.png,1.0,0.0,nr92.png,7.0,0.0,nr75.png,16
827,14.0,65.0,27.0,2.0,3935.0,1.0,0.0,nr120.png,5.0,0.0,nr80.png,7.0,0.0716737866714258,nr97.png,1.0,0.0,nr72.png,7.0,0.08494671012909724,nr51.png,2.0,0.028821205222372283,nr85.png,4.0,0.09746118081775887,nr29.png,5.0,0.0,nr52.png,1.0,0.06143467428979354,nr55.png,6.0,0.11187178342894502,nr53.png,4.0,0.022753583070293903,nr113.png,1.0,0.0832401913988252,nr102.png,5.0,0.07698295605449437,nr76.png,6.0,0.08456748374459233,nr31.png,1.0,0.0,nr92.png,7.0,0.0,nr75.png,16
828,14.0,65.0,28.0,4.0,4742.0,1.0,0.0,nr120.png,5.0,0.0,nr80.png,7.0,0.0716737866714258,nr97.png,1.0,0.0,nr72.png,7.0,0.08494671012909724,nr51.png,2.0,0.028821205222372283,nr85.png,4.0,0.09746118081775887,nr29.png,5.0,0.0,nr52.png,1.0,0.06143467428979354,nr55.png,6.0,0.11187178342894502,nr53.png,4.0,0.022753583070293903,nr113.png,1.0,0.0832401913988252,nr102.png,5.0,0.07698295605449437,nr76.png,6.0,0.08456748374459233,nr31.png,1.0,0.0,nr92.png,7.0,0.0,nr75.png,16
829,14.0,65.0,29.0,2.0,6372.0,1.0,0.0,nr120.png,5.0,0.0,nr80.png,7.0,0.0716737866714258,nr97.png,1.0,0.0,nr72.png,7.0,0.08494671012909724,nr51.png,2.0,0.028821205222372283,nr85.png,4.0,0.09746118081775887,nr29.png,5.0,0.0,nr52.png,1.0,0.06143467428979354,nr55.png,6.0,0.11187178342894502,nr53.png,4.0,0.022753583070293903,nr113.png,1.0,0.0832401913988252,nr102.png,5.0,0.07698295605449437,nr76.png,6.0,0.08456748374459233,nr31.png,1.0,0.0,nr92.png,7.0,0.0,nr75.png,16
830,14.0,65.0,30.0,13.0,3640.0,1.0,0.0,nr120.png,5.0,0.0,nr80.png,7.0,0.0716737866714258,nr97.png,1.0,0.0,nr72.png,7.0,0.08494671012909724,nr51.png,2.0,0.028821205222372283,nr85.png,4.0,0.09746118081775887,nr29.png,5.0,0.0,nr52.png,1.0,0.06143467428979354,nr55.png,6.0,0.11187178342894502,nr53.png,4.0,0.022753583070293903,nr113.png,1.0,0.0832401913988252,nr102.png,5.0,0.07698295605449437,nr76.png,6.0,0.08456748374459233,nr31.png,1.0,0.0,nr92.png,7.0,0.0,nr75.png,16
831,14.0,65.0,31.0,15.0,5145.0,1.0,0.0,nr120.png,5.0,0.0,nr80.png,7.0,0.0716737866714258,nr97.png,1.0,0.0,nr72.png,7.0,0.08494671012909724,nr51.png,2.0,0.028821205222372283,nr85.png,4.0,0.09746118081775887,nr29.png,5.0,0.0,nr52.png,1.0,0.06143467428979354,nr55.png,6.0,0.11187178342894502,nr53.png,4.0,0.022753583070293903,nr113.png,1.0,0.0832401913988252,nr102.png,5.0,0.07698295605449437,nr76.png,6.0,0.08456748374459233,nr31.png,1.0,0.0,nr92.png,7.0,0.0,nr75.png,16
832,14.0,65.0,32.0,4.0,3921.0,1.0,0.0,nr120.png,5.0,0.0,nr80.png,7.0,0.0716737866714258,nr97.png,1.0,0.0,nr72.png,7.0,0.08494671012909724,nr51.png,2.0,0.028821205222372283,nr85.png,4.0,0.09746118081775887,nr29.png,5.0,0.0,nr52.png,1.0,0.06143467428979354,nr55.png,6.0,0.11187178342894502,nr53.png,4.0,0.022753583070293903,nr113.png,1.0,0.0832401913988252,nr102.png,5.0,0.07698295605449437,nr76.png,6.0,0.08456748374459233,nr31.png,1.0,0.0,nr92.png,7.0,0.0,nr75.png,16
833,14.0,65.0,33.0,1.0,4756.0,1.0,0.0,nr120.png,5.0,0.0,nr80.png,7.0,0.0716737866714258,nr97.png,1.0,0.0,nr72.png,7.0,0.08494671012909724,nr51.png,2.0,0.028821205222372283,nr85.png,4.0,0.09746118081775887,nr29.png,5.0,0.0,nr52.png,1.0,0.06143467428979354,nr55.png,6.0,0.11187178342894502,nr53.png,4.0,0.022753583070293903,nr113.png,1.0,0.0832401913988252,nr102.png,5.0,0.07698295605449437,nr76.png,6.0,0.08456748374459233,nr31.png,1.0,0.0,nr92.png,7.0,0.0,nr75.png,16
834,14.0,65.0,34.0,9.0,4926.0,1.0,0.0,nr120.png,5.0,0.0,nr80.png,7.0,0.0716737866714258,nr97.png,1.0,0.0,nr72.png,7.0,0.08494671012909724,nr51.png,2.0,0.028821205222372283,nr85.png,4.0,0.09746118081775887,nr29.png,5.0,0.0,nr52.png,1.0,0.06143467428979354,nr55.png,6.0,0.11187178342894502,nr53.png,4.0,0.022753583070293903,nr113.png,1.0,0.0832401913988252,nr102.png,5.0,0.07698295605449437,nr76.png,6.0,0.08456748374459233,nr31.png,1.0,0.0,nr92.png,7.0,0.0,nr75.png,16
835,14.0,65.0,35.0,4.0,4392.0,1.0,0.0,nr120.png,5.0,0.0,nr80.png,7.0,0.0716737866714258,nr97.png,1.0,0.0,nr72.png,7.0,0.08494671012909724,nr51.png,2.0,0.028821205222372283,nr85.png,4.0,0.09746118081775887,nr29.png,5.0,0.0,nr52.png,1.0,0.06143467428979354,nr55.png,6.0,0.11187178342894502,nr53.png,4.0,0.022753583070293903,nr113.png,1.0,0.0832401913988252,nr102.png,5.0,0.07698295605449437,nr76.png,6.0,0.08456748374459233,nr31.png,1.0,0.0,nr92.png,7.0,0.0,nr75.png,16
836,14.0,65.0,36.0,9.0,7482.0,1.0,0.0,nr120.png,5.0,0.0,nr80.png,7.0,0.0716737866714258,nr97.png,1.0,0.0,nr72.png,7.0,0.08494671012909724,nr51.png,2.0,0.028821205222372283,nr85.png,4.0,0.09746118081775887,nr29.png,5.0,0.0,nr52.png,1.0,0.06143467428979354,nr55.png,6.0,0.11187178342894502,nr53.png,4.0,0.022753583070293903,nr113.png,1.0,0.0832401913988252,nr102.png,5.0,0.07698295605449437,nr76.png,6.0,0.08456748374459233,nr31.png,1.0,0.0,nr92.png,7.0,0.0,nr75.png,16
837,14.0,65.0,37.0,9.0,3630.0,1.0,0.0,nr120.png,5.0,0.0,nr80.png,7.0,0.0716737866714258,nr97.png,1.0,0.0,nr72.png,7.0,0.08494671012909724,nr51.png,2.0,0.028821205222372283,nr85.png,4.0,0.09746118081775887,nr29.png,5.0,0.0,nr52.png,1.0,0.06143467428979354,nr55.png,6.0,0.11187178342894502,nr53.png,4.0,0.022753583070293903,nr113.png,1.0,0.0832401913988252,nr102.png,5.0,0.07698295605449437,nr76.png,6.0,0.08456748374459233,nr31.png,1.0,0.0,nr92.png,7.0,0.0,nr75.png,16
838,14.0,65.0,38.0,15.0,5435.0,1.0,0.0,nr120.png,5.0,0.0,nr80.png,7.0,0.0716737866714258,nr97.png,1.0,0.0,nr72.png,7.0,0.08494671012909724,nr51.png,2.0,0.028821205222372283,nr85.png,4.0,0.09746118081775887,nr29.png,5.0,0.0,nr52.png,1.0,0.06143467428979354,nr55.png,6.0,0.11187178342894502,nr53.png,4.0,0.022753583070293903,nr113.png,1.0,0.0832401913988252,nr102.png,5.0,0.07698295605449437,nr76.png,6.0,0.08456748374459233,nr31.png,1.0,0.0,nr92.png,7.0,0.0,nr75.png,16
839,14.0,65.0,39.0,2.0,4524.0,1.0,0.0,nr120.png,5.0,0.0,nr80.png,7.0,0.0716737866714258,nr97.png,1.0,0.0,nr72.png,7.0,0.08494671012909724,nr51.png,2.0,0.028821205222372283,nr85.png,4.0,0.09746118081775887,nr29.png,5.0,0.0,nr52.png,1.0,0.06143467428979354,nr55.png,6.0,0.11187178342894502,nr53.png,4.0,0.022753583070293903,nr113.png,1.0,0.0832401913988252,nr102.png,5.0,0.07698295605449437,nr76.png,6.0,0.08456748374459233,nr31.png,1.0,0.0,nr92.png,7.0,0.0,nr75.png,16
840,14.0,65.0,40.0,9.0,6533.0,1.0,0.0,nr120.png,5.0,0.0,nr80.png,7.0,0.0716737866714258,nr97.png,1.0,0.0,nr72.png,7.0,0.08494671012909724,nr51.png,2.0,0.028821205222372283,nr85.png,4.0,0.09746118081775887,nr29.png,5.0,0.0,nr52.png,1.0,0.06143467428979354,nr55.png,6.0,0.11187178342894502,nr53.png,4.0,0.022753583070293903,nr113.png,1.0,0.0832401913988252,nr102.png,5.0,0.07698295605449437,nr76.png,6.0,0.08456748374459233,nr31.png,1.0,0.0,nr92.png,7.0,0.0,nr75.png,16
841,14.0,65.0,41.0,13.0,5098.0,1.0,0.0,nr120.png,5.0,0.0,nr80.png,7.0,0.0716737866714258,nr97.png,1.0,0.0,nr72.png,7.0,0.08494671012909724,nr51.png,2.0,0.028821205222372283,nr85.png,4.0,0.09746118081775887,nr29.png,5.0,0.0,nr52.png,1.0,0.06143467428979354,nr55.png,6.0,0.11187178342894502,nr53.png,4.0,0.022753583070293903,nr113.png,1.0,0.0832401913988252,nr102.png,5.0,0.07698295605449437,nr76.png,6.0,0.08456748374459233,nr31.png,1.0,0.0,nr92.png,7.0,0.0,nr75.png,16
842,14.0,65.0,42.0,13.0,6282.0,1.0,0.0,nr120.png,5.0,0.0,nr80.png,7.0,0.0716737866714258,nr97.png,1.0,0.0,nr72.png,7.0,0.08494671012909724,nr51.png,2.0,0.028821205222372283,nr85.png,4.0,0.09746118081775887,nr29.png,5.0,0.0,nr52.png,1.0,0.06143467428979354,nr55.png,6.0,0.11187178342894502,nr53.png,4.0,0.022753583070293903,nr113.png,1.0,0.0832401913988252,nr102.png,5.0,0.07698295605449437,nr76.png,6.0,0.08456748374459233,nr31.png,1.0,0.0,nr92.png,7.0,0.0,nr75.png,16
843,14.0,65.0,43.0,4.0,5684.0,1.0,0.0,nr120.png,5.0,0.0,nr80.png,7.0,0.0716737866714258,nr97.png,1.0,0.0,nr72.png,7.0,0.08494671012909724,nr51.png,2.0,0.028821205222372283,nr85.png,4.0,0.09746118081775887,nr29.png,5.0,0.0,nr52.png,1.0,0.06143467428979354,nr55.png,6.0,0.11187178342894502,nr53.png,4.0,0.022753583070293903,nr113.png,1.0,0.0832401913988252,nr102.png,5.0,0.07698295605449437,nr76.png,6.0,0.08456748374459233,nr31.png,1.0,0.0,nr92.png,7.0,0.0,nr75.png,16
844,14.0,65.0,44.0,6.0,5487.0,1.0,0.0,nr120.png,5.0,0.0,nr80.png,7.0,0.0716737866714258,nr97.png,1.0,0.0,nr72.png,7.0,0.08494671012909724,nr51.png,2.0,0.028821205222372283,nr85.png,4.0,0.09746118081775887,nr29.png,5.0,0.0,nr52.png,1.0,0.06143467428979354,nr55.png,6.0,0.11187178342894502,nr53.png,4.0,0.022753583070293903,nr113.png,1.0,0.0832401913988252,nr102.png,5.0,0.07698295605449437,nr76.png,6.0,0.08456748374459233,nr31.png,1.0,0.0,nr92.png,7.0,0.0,nr75.png,16
845,14.0,65.0,45.0,2.0,2955.0,1.0,0.0,nr120.png,5.0,0.0,nr80.png,7.0,0.0716737866714258,nr97.png,1.0,0.0,nr72.png,7.0,0.08494671012909724,nr51.png,2.0,0.028821205222372283,nr85.png,4.0,0.09746118081775887,nr29.png,5.0,0.0,nr52.png,1.0,0.06143467428979354,nr55.png,6.0,0.11187178342894502,nr53.png,4.0,0.022753583070293903,nr113.png,1.0,0.0832401913988252,nr102.png,5.0,0.07698295605449437,nr76.png,6.0,0.08456748374459233,nr31.png,1.0,0.0,nr92.png,7.0,0.0,nr75.png,16
846,14.0,65.0,46.0,4.0,2560.0,1.0,0.0,nr120.png,5.0,0.0,nr80.png,7.0,0.0716737866714258,nr97.png,1.0,0.0,nr72.png,7.0,0.08494671012909724,nr51.png,2.0,0.028821205222372283,nr85.png,4.0,0.09746118081775887,nr29.png,5.0,0.0,nr52.png,1.0,0.06143467428979354,nr55.png,6.0,0.11187178342894502,nr53.png,4.0,0.022753583070293903,nr113.png,1.0,0.0832401913988252,nr102.png,5.0,0.07698295605449437,nr76.png,6.0,0.08456748374459233,nr31.png,1.0,0.0,nr92.png,7.0,0.0,nr75.png,16
847,14.0,65.0,47.0,13.0,5095.0,1.0,0.0,nr120.png,5.0,0.0,nr80.png,7.0,0.0716737866714258,nr97.png,1.0,0.0,nr72.png,7.0,0.08494671012909724,nr51.png,2.0,0.028821205222372283,nr85.png,4.0,0.09746118081775887,nr29.png,5.0,0.0,nr52.png,1.0,0.06143467428979354,nr55.png,6.0,0.11187178342894502,nr53.png,4.0,0.022753583070293903,nr113.png,1.0,0.0832401913988252,nr102.png,5.0,0.07698295605449437,nr76.png,6.0,0.08456748374459233,nr31.png,1.0,0.0,nr92.png,7.0,0.0,nr75.png,16
848,14.0,65.0,48.0,13.0,4272.0,1.0,0.0,nr120.png,5.0,0.0,nr80.png,7.0,0.0716737866714258,nr97.png,1.0,0.0,nr72.png,7.0,0.08494671012909724,nr51.png,2.0,0.028821205222372283,nr85.png,4.0,0.09746118081775887,nr29.png,5.0,0.0,nr52.png,1.0,0.06143467428979354,nr55.png,6.0,0.11187178342894502,nr53.png,4.0,0.022753583070293903,nr113.png,1.0,0.0832401913988252,nr102.png,5.0,0.07698295605449437,nr76.png,6.0,0.08456748374459233,nr31.png,1.0,0.0,nr92.png,7.0,0.0,nr75.png,16
849,14.0,65.0,49.0,15.0,5768.0,1.0,0.0,nr120.png,5.0,0.0,nr80.png,7.0,0.0716737866714258,nr97.png,1.0,0.0,nr72.png,7.0,0.08494671012909724,nr51.png,2.0,0.028821205222372283,nr85.png,4.0,0.09746118081775887,nr29.png,5.0,0.0,nr52.png,1.0,0.06143467428979354,nr55.png,6.0,0.11187178342894502,nr53.png,4.0,0.022753583070293903,nr113.png,1.0,0.0832401913988252,nr102.png,5.0,0.07698295605449437,nr76.png,6.0,0.08456748374459233,nr31.png,1.0,0.0,nr92.png,7.0,0.0,nr75.png,16
850,14.0,76.0,0.0,5.0,4789.0,7.0,0.0,nr75.png,7.0,0.0,nr28.png,5.0,0.0,nr52.png,7.0,0.0,nr58.png,1.0,0.043985803093832085,nr124.png,7.0,0.07945079616425167,nr30.png,7.0,0.058033625024322966,nr91.png,7.0,0.023720092767878037,nr39.png,7.0,0.02970768900054628,nr88.png,2.0,0.07415407641996823,nr50.png,7.0,0.0,nr81.png,5.0,0.15775013151452869,nr125.png,5.0,0.02049600248874898,nr96.png,7.0,0.030628857651726005,nr57.png,2.0,0.059185085838297624,nr4.png,1.0,0.053658073931219234,nr72.png,16
851,14.0,76.0,1.0,3.0,3397.0,7.0,0.0,nr75.png,7.0,0.0,nr28.png,5.0,0.0,nr52.png,7.0,0.0,nr58.png,1.0,0.043985803093832085,nr124.png,7.0,0.07945079616425167,nr30.png,7.0,0.058033625024322966,nr91.png,7.0,0.023720092767878037,nr39.png,7.0,0.02970768900054628,nr88.png,2.0,0.07415407641996823,nr50.png,7.0,0.0,nr81.png,5.0,0.15775013151452869,nr125.png,5.0,0.02049600248874898,nr96.png,7.0,0.030628857651726005,nr57.png,2.0,0.059185085838297624,nr4.png,1.0,0.053658073931219234,nr72.png,16
852,14.0,76.0,2.0,10.0,5012.0,7.0,0.0,nr75.png,7.0,0.0,nr28.png,5.0,0.0,nr52.png,7.0,0.0,nr58.png,1.0,0.043985803093832085,nr124.png,7.0,0.07945079616425167,nr30.png,7.0,0.058033625024322966,nr91.png,7.0,0.023720092767878037,nr39.png,7.0,0.02970768900054628,nr88.png,2.0,0.07415407641996823,nr50.png,7.0,0.0,nr81.png,5.0,0.15775013151452869,nr125.png,5.0,0.02049600248874898,nr96.png,7.0,0.030628857651726005,nr57.png,2.0,0.059185085838297624,nr4.png,1.0,0.053658073931219234,nr72.png,16
853,14.0,76.0,3.0,7.0,3475.0,7.0,0.0,nr75.png,7.0,0.0,nr28.png,5.0,0.0,nr52.png,7.0,0.0,nr58.png,1.0,0.043985803093832085,nr124.png,7.0,0.07945079616425167,nr30.png,7.0,0.058033625024322966,nr91.png,7.0,0.023720092767878037,nr39.png,7.0,0.02970768900054628,nr88.png,2.0,0.07415407641996823,nr50.png,7.0,0.0,nr81.png,5.0,0.15775013151452869,nr125.png,5.0,0.02049600248874898,nr96.png,7.0,0.030628857651726005,nr57.png,2.0,0.059185085838297624,nr4.png,1.0,0.053658073931219234,nr72.png,16
854,14.0,76.0,4.0,10.0,3140.0,7.0,0.0,nr75.png,7.0,0.0,nr28.png,5.0,0.0,nr52.png,7.0,0.0,nr58.png,1.0,0.043985803093832085,nr124.png,7.0,0.07945079616425167,nr30.png,7.0,0.058033625024322966,nr91.png,7.0,0.023720092767878037,nr39.png,7.0,0.02970768900054628,nr88.png,2.0,0.07415407641996823,nr50.png,7.0,0.0,nr81.png,5.0,0.15775013151452869,nr125.png,5.0,0.02049600248874898,nr96.png,7.0,0.030628857651726005,nr57.png,2.0,0.059185085838297624,nr4.png,1.0,0.053658073931219234,nr72.png,16
855,14.0,76.0,5.0,10.0,3171.0,7.0,0.0,nr75.png,7.0,0.0,nr28.png,5.0,0.0,nr52.png,7.0,0.0,nr58.png,1.0,0.043985803093832085,nr124.png,7.0,0.07945079616425167,nr30.png,7.0,0.058033625024322966,nr91.png,7.0,0.023720092767878037,nr39.png,7.0,0.02970768900054628,nr88.png,2.0,0.07415407641996823,nr50.png,7.0,0.0,nr81.png,5.0,0.15775013151452869,nr125.png,5.0,0.02049600248874898,nr96.png,7.0,0.030628857651726005,nr57.png,2.0,0.059185085838297624,nr4.png,1.0,0.053658073931219234,nr72.png,16
856,14.0,76.0,6.0,14.0,4101.0,7.0,0.0,nr75.png,7.0,0.0,nr28.png,5.0,0.0,nr52.png,7.0,0.0,nr58.png,1.0,0.043985803093832085,nr124.png,7.0,0.07945079616425167,nr30.png,7.0,0.058033625024322966,nr91.png,7.0,0.023720092767878037,nr39.png,7.0,0.02970768900054628,nr88.png,2.0,0.07415407641996823,nr50.png,7.0,0.0,nr81.png,5.0,0.15775013151452869,nr125.png,5.0,0.02049600248874898,nr96.png,7.0,0.030628857651726005,nr57.png,2.0,0.059185085838297624,nr4.png,1.0,0.053658073931219234,nr72.png,16
857,14.0,76.0,7.0,8.0,4917.0,7.0,0.0,nr75.png,7.0,0.0,nr28.png,5.0,0.0,nr52.png,7.0,0.0,nr58.png,1.0,0.043985803093832085,nr124.png,7.0,0.07945079616425167,nr30.png,7.0,0.058033625024322966,nr91.png,7.0,0.023720092767878037,nr39.png,7.0,0.02970768900054628,nr88.png,2.0,0.07415407641996823,nr50.png,7.0,0.0,nr81.png,5.0,0.15775013151452869,nr125.png,5.0,0.02049600248874898,nr96.png,7.0,0.030628857651726005,nr57.png,2.0,0.059185085838297624,nr4.png,1.0,0.053658073931219234,nr72.png,16
858,14.0,76.0,8.0,13.0,3697.0,7.0,0.0,nr75.png,7.0,0.0,nr28.png,5.0,0.0,nr52.png,7.0,0.0,nr58.png,1.0,0.043985803093832085,nr124.png,7.0,0.07945079616425167,nr30.png,7.0,0.058033625024322966,nr91.png,7.0,0.023720092767878037,nr39.png,7.0,0.02970768900054628,nr88.png,2.0,0.07415407641996823,nr50.png,7.0,0.0,nr81.png,5.0,0.15775013151452869,nr125.png,5.0,0.02049600248874898,nr96.png,7.0,0.030628857651726005,nr57.png,2.0,0.059185085838297624,nr4.png,1.0,0.053658073931219234,nr72.png,16
859,14.0,76.0,9.0,3.0,4340.0,7.0,0.0,nr75.png,7.0,0.0,nr28.png,5.0,0.0,nr52.png,7.0,0.0,nr58.png,1.0,0.043985803093832085,nr124.png,7.0,0.07945079616425167,nr30.png,7.0,0.058033625024322966,nr91.png,7.0,0.023720092767878037,nr39.png,7.0,0.02970768900054628,nr88.png,2.0,0.07415407641996823,nr50.png,7.0,0.0,nr81.png,5.0,0.15775013151452869,nr125.png,5.0,0.02049600248874898,nr96.png,7.0,0.030628857651726005,nr57.png,2.0,0.059185085838297624,nr4.png,1.0,0.053658073931219234,nr72.png,16
860,14.0,76.0,10.0,7.0,3856.0,7.0,0.0,nr75.png,7.0,0.0,nr28.png,5.0,0.0,nr52.png,7.0,0.0,nr58.png,1.0,0.043985803093832085,nr124.png,7.0,0.07945079616425167,nr30.png,7.0,0.058033625024322966,nr91.png,7.0,0.023720092767878037,nr39.png,7.0,0.02970768900054628,nr88.png,2.0,0.07415407641996823,nr50.png,7.0,0.0,nr81.png,5.0,0.15775013151452869,nr125.png,5.0,0.02049600248874898,nr96.png,7.0,0.030628857651726005,nr57.png,2.0,0.059185085838297624,nr4.png,1.0,0.053658073931219234,nr72.png,16
861,14.0,76.0,11.0,5.0,2942.0,7.0,0.0,nr75.png,7.0,0.0,nr28.png,5.0,0.0,nr52.png,7.0,0.0,nr58.png,1.0,0.043985803093832085,nr124.png,7.0,0.07945079616425167,nr30.png,7.0,0.058033625024322966,nr91.png,7.0,0.023720092767878037,nr39.png,7.0,0.02970768900054628,nr88.png,2.0,0.07415407641996823,nr50.png,7.0,0.0,nr81.png,5.0,0.15775013151452869,nr125.png,5.0,0.02049600248874898,nr96.png,7.0,0.030628857651726005,nr57.png,2.0,0.059185085838297624,nr4.png,1.0,0.053658073931219234,nr72.png,16
862,14.0,76.0,12.0,10.0,7174.0,7.0,0.0,nr75.png,7.0,0.0,nr28.png,5.0,0.0,nr52.png,7.0,0.0,nr58.png,1.0,0.043985803093832085,nr124.png,7.0,0.07945079616425167,nr30.png,7.0,0.058033625024322966,nr91.png,7.0,0.023720092767878037,nr39.png,7.0,0.02970768900054628,nr88.png,2.0,0.07415407641996823,nr50.png,7.0,0.0,nr81.png,5.0,0.15775013151452869,nr125.png,5.0,0.02049600248874898,nr96.png,7.0,0.030628857651726005,nr57.png,2.0,0.059185085838297624,nr4.png,1.0,0.053658073931219234,nr72.png,16
863,14.0,76.0,13.0,5.0,4958.0,7.0,0.0,nr75.png,7.0,0.0,nr28.png,5.0,0.0,nr52.png,7.0,0.0,nr58.png,1.0,0.043985803093832085,nr124.png,7.0,0.07945079616425167,nr30.png,7.0,0.058033625024322966,nr91.png,7.0,0.023720092767878037,nr39.png,7.0,0.02970768900054628,nr88.png,2.0,0.07415407641996823,nr50.png,7.0,0.0,nr81.png,5.0,0.15775013151452869,nr125.png,5.0,0.02049600248874898,nr96.png,7.0,0.030628857651726005,nr57.png,2.0,0.059185085838297624,nr4.png,1.0,0.053658073931219234,nr72.png,16
864,14.0,76.0,14.0,6.0,4568.0,7.0,0.0,nr75.png,7.0,0.0,nr28.png,5.0,0.0,nr52.png,7.0,0.0,nr58.png,1.0,0.043985803093832085,nr124.png,7.0,0.07945079616425167,nr30.png,7.0,0.058033625024322966,nr91.png,7.0,0.023720092767878037,nr39.png,7.0,0.02970768900054628,nr88.png,2.0,0.07415407641996823,nr50.png,7.0,0.0,nr81.png,5.0,0.15775013151452869,nr125.png,5.0,0.02049600248874898,nr96.png,7.0,0.030628857651726005,nr57.png,2.0,0.059185085838297624,nr4.png,1.0,0.053658073931219234,nr72.png,16
865,14.0,76.0,15.0,7.0,4261.0,7.0,0.0,nr75.png,7.0,0.0,nr28.png,5.0,0.0,nr52.png,7.0,0.0,nr58.png,1.0,0.043985803093832085,nr124.png,7.0,0.07945079616425167,nr30.png,7.0,0.058033625024322966,nr91.png,7.0,0.023720092767878037,nr39.png,7.0,0.02970768900054628,nr88.png,2.0,0.07415407641996823,nr50.png,7.0,0.0,nr81.png,5.0,0.15775013151452869,nr125.png,5.0,0.02049600248874898,nr96.png,7.0,0.030628857651726005,nr57.png,2.0,0.059185085838297624,nr4.png,1.0,0.053658073931219234,nr72.png,16
866,14.0,76.0,16.0,0.0,3784.0,7.0,0.0,nr75.png,7.0,0.0,nr28.png,5.0,0.0,nr52.png,7.0,0.0,nr58.png,1.0,0.043985803093832085,nr124.png,7.0,0.07945079616425167,nr30.png,7.0,0.058033625024322966,nr91.png,7.0,0.023720092767878037,nr39.png,7.0,0.02970768900054628,nr88.png,2.0,0.07415407641996823,nr50.png,7.0,0.0,nr81.png,5.0,0.15775013151452869,nr125.png,5.0,0.02049600248874898,nr96.png,7.0,0.030628857651726005,nr57.png,2.0,0.059185085838297624,nr4.png,1.0,0.053658073931219234,nr72.png,16
867,14.0,76.0,17.0,5.0,3502.0,7.0,0.0,nr75.png,7.0,0.0,nr28.png,5.0,0.0,nr52.png,7.0,0.0,nr58.png,1.0,0.043985803093832085,nr124.png,7.0,0.07945079616425167,nr30.png,7.0,0.058033625024322966,nr91.png,7.0,0.023720092767878037,nr39.png,7.0,0.02970768900054628,nr88.png,2.0,0.07415407641996823,nr50.png,7.0,0.0,nr81.png,5.0,0.15775013151452869,nr125.png,5.0,0.02049600248874898,nr96.png,7.0,0.030628857651726005,nr57.png,2.0,0.059185085838297624,nr4.png,1.0,0.053658073931219234,nr72.png,16
868,14.0,76.0,18.0,13.0,2845.0,7.0,0.0,nr75.png,7.0,0.0,nr28.png,5.0,0.0,nr52.png,7.0,0.0,nr58.png,1.0,0.043985803093832085,nr124.png,7.0,0.07945079616425167,nr30.png,7.0,0.058033625024322966,nr91.png,7.0,0.023720092767878037,nr39.png,7.0,0.02970768900054628,nr88.png,2.0,0.07415407641996823,nr50.png,7.0,0.0,nr81.png,5.0,0.15775013151452869,nr125.png,5.0,0.02049600248874898,nr96.png,7.0,0.030628857651726005,nr57.png,2.0,0.059185085838297624,nr4.png,1.0,0.053658073931219234,nr72.png,16
869,14.0,76.0,19.0,10.0,3245.0,7.0,0.0,nr75.png,7.0,0.0,nr28.png,5.0,0.0,nr52.png,7.0,0.0,nr58.png,1.0,0.043985803093832085,nr124.png,7.0,0.07945079616425167,nr30.png,7.0,0.058033625024322966,nr91.png,7.0,0.023720092767878037,nr39.png,7.0,0.02970768900054628,nr88.png,2.0,0.07415407641996823,nr50.png,7.0,0.0,nr81.png,5.0,0.15775013151452869,nr125.png,5.0,0.02049600248874898,nr96.png,7.0,0.030628857651726005,nr57.png,2.0,0.059185085838297624,nr4.png,1.0,0.053658073931219234,nr72.png,16
870,14.0,76.0,20.0,1.0,2899.0,7.0,0.0,nr75.png,7.0,0.0,nr28.png,5.0,0.0,nr52.png,7.0,0.0,nr58.png,1.0,0.043985803093832085,nr124.png,7.0,0.07945079616425167,nr30.png,7.0,0.058033625024322966,nr91.png,7.0,0.023720092767878037,nr39.png,7.0,0.02970768900054628,nr88.png,2.0,0.07415407641996823,nr50.png,7.0,0.0,nr81.png,5.0,0.15775013151452869,nr125.png,5.0,0.02049600248874898,nr96.png,7.0,0.030628857651726005,nr57.png,2.0,0.059185085838297624,nr4.png,1.0,0.053658073931219234,nr72.png,16
871,14.0,76.0,21.0,6.0,4790.0,7.0,0.0,nr75.png,7.0,0.0,nr28.png,5.0,0.0,nr52.png,7.0,0.0,nr58.png,1.0,0.043985803093832085,nr124.png,7.0,0.07945079616425167,nr30.png,7.0,0.058033625024322966,nr91.png,7.0,0.023720092767878037,nr39.png,7.0,0.02970768900054628,nr88.png,2.0,0.07415407641996823,nr50.png,7.0,0.0,nr81.png,5.0,0.15775013151452869,nr125.png,5.0,0.02049600248874898,nr96.png,7.0,0.030628857651726005,nr57.png,2.0,0.059185085838297624,nr4.png,1.0,0.053658073931219234,nr72.png,16
872,14.0,76.0,22.0,6.0,4236.0,7.0,0.0,nr75.png,7.0,0.0,nr28.png,5.0,0.0,nr52.png,7.0,0.0,nr58.png,1.0,0.043985803093832085,nr124.png,7.0,0.07945079616425167,nr30.png,7.0,0.058033625024322966,nr91.png,7.0,0.023720092767878037,nr39.png,7.0,0.02970768900054628,nr88.png,2.0,0.07415407641996823,nr50.png,7.0,0.0,nr81.png,5.0,0.15775013151452869,nr125.png,5.0,0.02049600248874898,nr96.png,7.0,0.030628857651726005,nr57.png,2.0,0.059185085838297624,nr4.png,1.0,0.053658073931219234,nr72.png,16
873,14.0,76.0,23.0,6.0,4906.0,7.0,0.0,nr75.png,7.0,0.0,nr28.png,5.0,0.0,nr52.png,7.0,0.0,nr58.png,1.0,0.043985803093832085,nr124.png,7.0,0.07945079616425167,nr30.png,7.0,0.058033625024322966,nr91.png,7.0,0.023720092767878037,nr39.png,7.0,0.02970768900054628,nr88.png,2.0,0.07415407641996823,nr50.png,7.0,0.0,nr81.png,5.0,0.15775013151452869,nr125.png,5.0,0.02049600248874898,nr96.png,7.0,0.030628857651726005,nr57.png,2.0,0.059185085838297624,nr4.png,1.0,0.053658073931219234,nr72.png,16
874,14.0,76.0,24.0,10.0,3423.0,7.0,0.0,nr75.png,7.0,0.0,nr28.png,5.0,0.0,nr52.png,7.0,0.0,nr58.png,1.0,0.043985803093832085,nr124.png,7.0,0.07945079616425167,nr30.png,7.0,0.058033625024322966,nr91.png,7.0,0.023720092767878037,nr39.png,7.0,0.02970768900054628,nr88.png,2.0,0.07415407641996823,nr50.png,7.0,0.0,nr81.png,5.0,0.15775013151452869,nr125.png,5.0,0.02049600248874898,nr96.png,7.0,0.030628857651726005,nr57.png,2.0,0.059185085838297624,nr4.png,1.0,0.053658073931219234,nr72.png,16
875,14.0,76.0,25.0,13.0,5426.0,7.0,0.0,nr75.png,7.0,0.0,nr28.png,5.0,0.0,nr52.png,7.0,0.0,nr58.png,1.0,0.043985803093832085,nr124.png,7.0,0.07945079616425167,nr30.png,7.0,0.058033625024322966,nr91.png,7.0,0.023720092767878037,nr39.png,7.0,0.02970768900054628,nr88.png,2.0,0.07415407641996823,nr50.png,7.0,0.0,nr81.png,5.0,0.15775013151452869,nr125.png,5.0,0.02049600248874898,nr96.png,7.0,0.030628857651726005,nr57.png,2.0,0.059185085838297624,nr4.png,1.0,0.053658073931219234,nr72.png,16
876,14.0,76.0,26.0,7.0,5285.0,7.0,0.0,nr75.png,7.0,0.0,nr28.png,5.0,0.0,nr52.png,7.0,0.0,nr58.png,1.0,0.043985803093832085,nr124.png,7.0,0.07945079616425167,nr30.png,7.0,0.058033625024322966,nr91.png,7.0,0.023720092767878037,nr39.png,7.0,0.02970768900054628,nr88.png,2.0,0.07415407641996823,nr50.png,7.0,0.0,nr81.png,5.0,0.15775013151452869,nr125.png,5.0,0.02049600248874898,nr96.png,7.0,0.030628857651726005,nr57.png,2.0,0.059185085838297624,nr4.png,1.0,0.053658073931219234,nr72.png,16
877,14.0,76.0,27.0,7.0,3819.0,7.0,0.0,nr75.png,7.0,0.0,nr28.png,5.0,0.0,nr52.png,7.0,0.0,nr58.png,1.0,0.043985803093832085,nr124.png,7.0,0.07945079616425167,nr30.png,7.0,0.058033625024322966,nr91.png,7.0,0.023720092767878037,nr39.png,7.0,0.02970768900054628,nr88.png,2.0,0.07415407641996823,nr50.png,7.0,0.0,nr81.png,5.0,0.15775013151452869,nr125.png,5.0,0.02049600248874898,nr96.png,7.0,0.030628857651726005,nr57.png,2.0,0.059185085838297624,nr4.png,1.0,0.053658073931219234,nr72.png,16
878,14.0,76.0,28.0,3.0,3570.0,7.0,0.0,nr75.png,7.0,0.0,nr28.png,5.0,0.0,nr52.png,7.0,0.0,nr58.png,1.0,0.043985803093832085,nr124.png,7.0,0.07945079616425167,nr30.png,7.0,0.058033625024322966,nr91.png,7.0,0.023720092767878037,nr39.png,7.0,0.02970768900054628,nr88.png,2.0,0.07415407641996823,nr50.png,7.0,0.0,nr81.png,5.0,0.15775013151452869,nr125.png,5.0,0.02049600248874898,nr96.png,7.0,0.030628857651726005,nr57.png,2.0,0.059185085838297624,nr4.png,1.0,0.053658073931219234,nr72.png,16
879,14.0,76.0,29.0,7.0,4809.0,7.0,0.0,nr75.png,7.0,0.0,nr28.png,5.0,0.0,nr52.png,7.0,0.0,nr58.png,1.0,0.043985803093832085,nr124.png,7.0,0.07945079616425167,nr30.png,7.0,0.058033625024322966,nr91.png,7.0,0.023720092767878037,nr39.png,7.0,0.02970768900054628,nr88.png,2.0,0.07415407641996823,nr50.png,7.0,0.0,nr81.png,5.0,0.15775013151452869,nr125.png,5.0,0.02049600248874898,nr96.png,7.0,0.030628857651726005,nr57.png,2.0,0.059185085838297624,nr4.png,1.0,0.053658073931219234,nr72.png,16
880,14.0,76.0,30.0,3.0,4197.0,7.0,0.0,nr75.png,7.0,0.0,nr28.png,5.0,0.0,nr52.png,7.0,0.0,nr58.png,1.0,0.043985803093832085,nr124.png,7.0,0.07945079616425167,nr30.png,7.0,0.058033625024322966,nr91.png,7.0,0.023720092767878037,nr39.png,7.0,0.02970768900054628,nr88.png,2.0,0.07415407641996823,nr50.png,7.0,0.0,nr81.png,5.0,0.15775013151452869,nr125.png,5.0,0.02049600248874898,nr96.png,7.0,0.030628857651726005,nr57.png,2.0,0.059185085838297624,nr4.png,1.0,0.053658073931219234,nr72.png,16
881,14.0,76.0,31.0,1.0,4489.0,7.0,0.0,nr75.png,7.0,0.0,nr28.png,5.0,0.0,nr52.png,7.0,0.0,nr58.png,1.0,0.043985803093832085,nr124.png,7.0,0.07945079616425167,nr30.png,7.0,0.058033625024322966,nr91.png,7.0,0.023720092767878037,nr39.png,7.0,0.02970768900054628,nr88.png,2.0,0.07415407641996823,nr50.png,7.0,0.0,nr81.png,5.0,0.15775013151452869,nr125.png,5.0,0.02049600248874898,nr96.png,7.0,0.030628857651726005,nr57.png,2.0,0.059185085838297624,nr4.png,1.0,0.053658073931219234,nr72.png,16
882,14.0,76.0,32.0,8.0,5033.0,7.0,0.0,nr75.png,7.0,0.0,nr28.png,5.0,0.0,nr52.png,7.0,0.0,nr58.png,1.0,0.043985803093832085,nr124.png,7.0,0.07945079616425167,nr30.png,7.0,0.058033625024322966,nr91.png,7.0,0.023720092767878037,nr39.png,7.0,0.02970768900054628,nr88.png,2.0,0.07415407641996823,nr50.png,7.0,0.0,nr81.png,5.0,0.15775013151452869,nr125.png,5.0,0.02049600248874898,nr96.png,7.0,0.030628857651726005,nr57.png,2.0,0.059185085838297624,nr4.png,1.0,0.053658073931219234,nr72.png,16
883,14.0,76.0,33.0,3.0,4206.0,7.0,0.0,nr75.png,7.0,0.0,nr28.png,5.0,0.0,nr52.png,7.0,0.0,nr58.png,1.0,0.043985803093832085,nr124.png,7.0,0.07945079616425167,nr30.png,7.0,0.058033625024322966,nr91.png,7.0,0.023720092767878037,nr39.png,7.0,0.02970768900054628,nr88.png,2.0,0.07415407641996823,nr50.png,7.0,0.0,nr81.png,5.0,0.15775013151452869,nr125.png,5.0,0.02049600248874898,nr96.png,7.0,0.030628857651726005,nr57.png,2.0,0.059185085838297624,nr4.png,1.0,0.053658073931219234,nr72.png,16
884,14.0,76.0,34.0,7.0,4165.0,7.0,0.0,nr75.png,7.0,0.0,nr28.png,5.0,0.0,nr52.png,7.0,0.0,nr58.png,1.0,0.043985803093832085,nr124.png,7.0,0.07945079616425167,nr30.png,7.0,0.058033625024322966,nr91.png,7.0,0.023720092767878037,nr39.png,7.0,0.02970768900054628,nr88.png,2.0,0.07415407641996823,nr50.png,7.0,0.0,nr81.png,5.0,0.15775013151452869,nr125.png,5.0,0.02049600248874898,nr96.png,7.0,0.030628857651726005,nr57.png,2.0,0.059185085838297624,nr4.png,1.0,0.053658073931219234,nr72.png,16
885,14.0,76.0,35.0,12.0,4557.0,7.0,0.0,nr75.png,7.0,0.0,nr28.png,5.0,0.0,nr52.png,7.0,0.0,nr58.png,1.0,0.043985803093832085,nr124.png,7.0,0.07945079616425167,nr30.png,7.0,0.058033625024322966,nr91.png,7.0,0.023720092767878037,nr39.png,7.0,0.02970768900054628,nr88.png,2.0,0.07415407641996823,nr50.png,7.0,0.0,nr81.png,5.0,0.15775013151452869,nr125.png,5.0,0.02049600248874898,nr96.png,7.0,0.030628857651726005,nr57.png,2.0,0.059185085838297624,nr4.png,1.0,0.053658073931219234,nr72.png,16
886,14.0,76.0,36.0,1.0,4585.0,7.0,0.0,nr75.png,7.0,0.0,nr28.png,5.0,0.0,nr52.png,7.0,0.0,nr58.png,1.0,0.043985803093832085,nr124.png,7.0,0.07945079616425167,nr30.png,7.0,0.058033625024322966,nr91.png,7.0,0.023720092767878037,nr39.png,7.0,0.02970768900054628,nr88.png,2.0,0.07415407641996823,nr50.png,7.0,0.0,nr81.png,5.0,0.15775013151452869,nr125.png,5.0,0.02049600248874898,nr96.png,7.0,0.030628857651726005,nr57.png,2.0,0.059185085838297624,nr4.png,1.0,0.053658073931219234,nr72.png,16
887,14.0,76.0,37.0,11.0,4517.0,7.0,0.0,nr75.png,7.0,0.0,nr28.png,5.0,0.0,nr52.png,7.0,0.0,nr58.png,1.0,0.043985803093832085,nr124.png,7.0,0.07945079616425167,nr30.png,7.0,0.058033625024322966,nr91.png,7.0,0.023720092767878037,nr39.png,7.0,0.02970768900054628,nr88.png,2.0,0.07415407641996823,nr50.png,7.0,0.0,nr81.png,5.0,0.15775013151452869,nr125.png,5.0,0.02049600248874898,nr96.png,7.0,0.030628857651726005,nr57.png,2.0,0.059185085838297624,nr4.png,1.0,0.053658073931219234,nr72.png,16
888,14.0,76.0,38.0,3.0,4034.0,7.0,0.0,nr75.png,7.0,0.0,nr28.png,5.0,0.0,nr52.png,7.0,0.0,nr58.png,1.0,0.043985803093832085,nr124.png,7.0,0.07945079616425167,nr30.png,7.0,0.058033625024322966,nr91.png,7.0,0.023720092767878037,nr39.png,7.0,0.02970768900054628,nr88.png,2.0,0.07415407641996823,nr50.png,7.0,0.0,nr81.png,5.0,0.15775013151452869,nr125.png,5.0,0.02049600248874898,nr96.png,7.0,0.030628857651726005,nr57.png,2.0,0.059185085838297624,nr4.png,1.0,0.053658073931219234,nr72.png,16
889,14.0,76.0,39.0,13.0,4168.0,7.0,0.0,nr75.png,7.0,0.0,nr28.png,5.0,0.0,nr52.png,7.0,0.0,nr58.png,1.0,0.043985803093832085,nr124.png,7.0,0.07945079616425167,nr30.png,7.0,0.058033625024322966,nr91.png,7.0,0.023720092767878037,nr39.png,7.0,0.02970768900054628,nr88.png,2.0,0.07415407641996823,nr50.png,7.0,0.0,nr81.png,5.0,0.15775013151452869,nr125.png,5.0,0.02049600248874898,nr96.png,7.0,0.030628857651726005,nr57.png,2.0,0.059185085838297624,nr4.png,1.0,0.053658073931219234,nr72.png,16
890,14.0,76.0,40.0,5.0,3692.0,7.0,0.0,nr75.png,7.0,0.0,nr28.png,5.0,0.0,nr52.png,7.0,0.0,nr58.png,1.0,0.043985803093832085,nr124.png,7.0,0.07945079616425167,nr30.png,7.0,0.058033625024322966,nr91.png,7.0,0.023720092767878037,nr39.png,7.0,0.02970768900054628,nr88.png,2.0,0.07415407641996823,nr50.png,7.0,0.0,nr81.png,5.0,0.15775013151452869,nr125.png,5.0,0.02049600248874898,nr96.png,7.0,0.030628857651726005,nr57.png,2.0,0.059185085838297624,nr4.png,1.0,0.053658073931219234,nr72.png,16
891,14.0,76.0,41.0,0.0,4513.0,7.0,0.0,nr75.png,7.0,0.0,nr28.png,5.0,0.0,nr52.png,7.0,0.0,nr58.png,1.0,0.043985803093832085,nr124.png,7.0,0.07945079616425167,nr30.png,7.0,0.058033625024322966,nr91.png,7.0,0.023720092767878037,nr39.png,7.0,0.02970768900054628,nr88.png,2.0,0.07415407641996823,nr50.png,7.0,0.0,nr81.png,5.0,0.15775013151452869,nr125.png,5.0,0.02049600248874898,nr96.png,7.0,0.030628857651726005,nr57.png,2.0,0.059185085838297624,nr4.png,1.0,0.053658073931219234,nr72.png,16
892,14.0,76.0,42.0,2.0,3308.0,7.0,0.0,nr75.png,7.0,0.0,nr28.png,5.0,0.0,nr52.png,7.0,0.0,nr58.png,1.0,0.043985803093832085,nr124.png,7.0,0.07945079616425167,nr30.png,7.0,0.058033625024322966,nr91.png,7.0,0.023720092767878037,nr39.png,7.0,0.02970768900054628,nr88.png,2.0,0.07415407641996823,nr50.png,7.0,0.0,nr81.png,5.0,0.15775013151452869,nr125.png,5.0,0.02049600248874898,nr96.png,7.0,0.030628857651726005,nr57.png,2.0,0.059185085838297624,nr4.png,1.0,0.053658073931219234,nr72.png,16
893,14.0,76.0,43.0,5.0,3796.0,7.0,0.0,nr75.png,7.0,0.0,nr28.png,5.0,0.0,nr52.png,7.0,0.0,nr58.png,1.0,0.043985803093832085,nr124.png,7.0,0.07945079616425167,nr30.png,7.0,0.058033625024322966,nr91.png,7.0,0.023720092767878037,nr39.png,7.0,0.02970768900054628,nr88.png,2.0,0.07415407641996823,nr50.png,7.0,0.0,nr81.png,5.0,0.15775013151452869,nr125.png,5.0,0.02049600248874898,nr96.png,7.0,0.030628857651726005,nr57.png,2.0,0.059185085838297624,nr4.png,1.0,0.053658073931219234,nr72.png,16
894,14.0,76.0,44.0,8.0,3837.0,7.0,0.0,nr75.png,7.0,0.0,nr28.png,5.0,0.0,nr52.png,7.0,0.0,nr58.png,1.0,0.043985803093832085,nr124.png,7.0,0.07945079616425167,nr30.png,7.0,0.058033625024322966,nr91.png,7.0,0.023720092767878037,nr39.png,7.0,0.02970768900054628,nr88.png,2.0,0.07415407641996823,nr50.png,7.0,0.0,nr81.png,5.0,0.15775013151452869,nr125.png,5.0,0.02049600248874898,nr96.png,7.0,0.030628857651726005,nr57.png,2.0,0.059185085838297624,nr4.png,1.0,0.053658073931219234,nr72.png,16
895,14.0,76.0,45.0,6.0,4101.0,7.0,0.0,nr75.png,7.0,0.0,nr28.png,5.0,0.0,nr52.png,7.0,0.0,nr58.png,1.0,0.043985803093832085,nr124.png,7.0,0.07945079616425167,nr30.png,7.0,0.058033625024322966,nr91.png,7.0,0.023720092767878037,nr39.png,7.0,0.02970768900054628,nr88.png,2.0,0.07415407641996823,nr50.png,7.0,0.0,nr81.png,5.0,0.15775013151452869,nr125.png,5.0,0.02049600248874898,nr96.png,7.0,0.030628857651726005,nr57.png,2.0,0.059185085838297624,nr4.png,1.0,0.053658073931219234,nr72.png,16
896,14.0,76.0,46.0,5.0,3829.0,7.0,0.0,nr75.png,7.0,0.0,nr28.png,5.0,0.0,nr52.png,7.0,0.0,nr58.png,1.0,0.043985803093832085,nr124.png,7.0,0.07945079616425167,nr30.png,7.0,0.058033625024322966,nr91.png,7.0,0.023720092767878037,nr39.png,7.0,0.02970768900054628,nr88.png,2.0,0.07415407641996823,nr50.png,7.0,0.0,nr81.png,5.0,0.15775013151452869,nr125.png,5.0,0.02049600248874898,nr96.png,7.0,0.030628857651726005,nr57.png,2.0,0.059185085838297624,nr4.png,1.0,0.053658073931219234,nr72.png,16
897,14.0,76.0,47.0,13.0,3926.0,7.0,0.0,nr75.png,7.0,0.0,nr28.png,5.0,0.0,nr52.png,7.0,0.0,nr58.png,1.0,0.043985803093832085,nr124.png,7.0,0.07945079616425167,nr30.png,7.0,0.058033625024322966,nr91.png,7.0,0.023720092767878037,nr39.png,7.0,0.02970768900054628,nr88.png,2.0,0.07415407641996823,nr50.png,7.0,0.0,nr81.png,5.0,0.15775013151452869,nr125.png,5.0,0.02049600248874898,nr96.png,7.0,0.030628857651726005,nr57.png,2.0,0.059185085838297624,nr4.png,1.0,0.053658073931219234,nr72.png,16
898,14.0,76.0,48.0,0.0,4195.0,7.0,0.0,nr75.png,7.0,0.0,nr28.png,5.0,0.0,nr52.png,7.0,0.0,nr58.png,1.0,0.043985803093832085,nr124.png,7.0,0.07945079616425167,nr30.png,7.0,0.058033625024322966,nr91.png,7.0,0.023720092767878037,nr39.png,7.0,0.02970768900054628,nr88.png,2.0,0.07415407641996823,nr50.png,7.0,0.0,nr81.png,5.0,0.15775013151452869,nr125.png,5.0,0.02049600248874898,nr96.png,7.0,0.030628857651726005,nr57.png,2.0,0.059185085838297624,nr4.png,1.0,0.053658073931219234,nr72.png,16
899,14.0,76.0,49.0,1.0,4294.0,7.0,0.0,nr75.png,7.0,0.0,nr28.png,5.0,0.0,nr52.png,7.0,0.0,nr58.png,1.0,0.043985803093832085,nr124.png,7.0,0.07945079616425167,nr30.png,7.0,0.058033625024322966,nr91.png,7.0,0.023720092767878037,nr39.png,7.0,0.02970768900054628,nr88.png,2.0,0.07415407641996823,nr50.png,7.0,0.0,nr81.png,5.0,0.15775013151452869,nr125.png,5.0,0.02049600248874898,nr96.png,7.0,0.030628857651726005,nr57.png,2.0,0.059185085838297624,nr4.png,1.0,0.053658073931219234,nr72.png,16
900,14.0,90.0,0.0,2.0,5154.0,2.0,0.06425294441205989,nr50.png,4.0,0.05583359307530722,nr29.png,3.0,0.0,nr93.png,4.0,0.057162964339005015,nr111.png,7.0,0.058935459357268724,nr30.png,6.0,0.2193462585101355,nr18.png,3.0,0.005982170686640059,nr90.png,4.0,0.04342612794746117,nr2.png,5.0,0.0,nr15.png,2.0,0.08020539957643337,nr4.png,7.0,0.0819778945946971,nr58.png,7.0,0.089067874667752,nr49.png,5.0,0.0,nr14.png,1.0,0.0,nr92.png,1.0,0.0,nr41.png,7.0,0.0,nr39.png,16
901,14.0,90.0,1.0,4.0,4247.0,2.0,0.06425294441205989,nr50.png,4.0,0.05583359307530722,nr29.png,3.0,0.0,nr93.png,4.0,0.057162964339005015,nr111.png,7.0,0.058935459357268724,nr30.png,6.0,0.2193462585101355,nr18.png,3.0,0.005982170686640059,nr90.png,4.0,0.04342612794746117,nr2.png,5.0,0.0,nr15.png,2.0,0.08020539957643337,nr4.png,7.0,0.0819778945946971,nr58.png,7.0,0.089067874667752,nr49.png,5.0,0.0,nr14.png,1.0,0.0,nr92.png,1.0,0.0,nr41.png,7.0,0.0,nr39.png,16
902,14.0,90.0,2.0,4.0,4760.0,2.0,0.06425294441205989,nr50.png,4.0,0.05583359307530722,nr29.png,3.0,0.0,nr93.png,4.0,0.057162964339005015,nr111.png,7.0,0.058935459357268724,nr30.png,6.0,0.2193462585101355,nr18.png,3.0,0.005982170686640059,nr90.png,4.0,0.04342612794746117,nr2.png,5.0,0.0,nr15.png,2.0,0.08020539957643337,nr4.png,7.0,0.0819778945946971,nr58.png,7.0,0.089067874667752,nr49.png,5.0,0.0,nr14.png,1.0,0.0,nr92.png,1.0,0.0,nr41.png,7.0,0.0,nr39.png,16
903,14.0,90.0,3.0,15.0,5700.0,2.0,0.06425294441205989,nr50.png,4.0,0.05583359307530722,nr29.png,3.0,0.0,nr93.png,4.0,0.057162964339005015,nr111.png,7.0,0.058935459357268724,nr30.png,6.0,0.2193462585101355,nr18.png,3.0,0.005982170686640059,nr90.png,4.0,0.04342612794746117,nr2.png,5.0,0.0,nr15.png,2.0,0.08020539957643337,nr4.png,7.0,0.0819778945946971,nr58.png,7.0,0.089067874667752,nr49.png,5.0,0.0,nr14.png,1.0,0.0,nr92.png,1.0,0.0,nr41.png,7.0,0.0,nr39.png,16
904,14.0,90.0,4.0,10.0,4880.0,2.0,0.06425294441205989,nr50.png,4.0,0.05583359307530722,nr29.png,3.0,0.0,nr93.png,4.0,0.057162964339005015,nr111.png,7.0,0.058935459357268724,nr30.png,6.0,0.2193462585101355,nr18.png,3.0,0.005982170686640059,nr90.png,4.0,0.04342612794746117,nr2.png,5.0,0.0,nr15.png,2.0,0.08020539957643337,nr4.png,7.0,0.0819778945946971,nr58.png,7.0,0.089067874667752,nr49.png,5.0,0.0,nr14.png,1.0,0.0,nr92.png,1.0,0.0,nr41.png,7.0,0.0,nr39.png,16
905,14.0,90.0,5.0,10.0,5659.0,2.0,0.06425294441205989,nr50.png,4.0,0.05583359307530722,nr29.png,3.0,0.0,nr93.png,4.0,0.057162964339005015,nr111.png,7.0,0.058935459357268724,nr30.png,6.0,0.2193462585101355,nr18.png,3.0,0.005982170686640059,nr90.png,4.0,0.04342612794746117,nr2.png,5.0,0.0,nr15.png,2.0,0.08020539957643337,nr4.png,7.0,0.0819778945946971,nr58.png,7.0,0.089067874667752,nr49.png,5.0,0.0,nr14.png,1.0,0.0,nr92.png,1.0,0.0,nr41.png,7.0,0.0,nr39.png,16
906,14.0,90.0,6.0,5.0,2731.0,2.0,0.06425294441205989,nr50.png,4.0,0.05583359307530722,nr29.png,3.0,0.0,nr93.png,4.0,0.057162964339005015,nr111.png,7.0,0.058935459357268724,nr30.png,6.0,0.2193462585101355,nr18.png,3.0,0.005982170686640059,nr90.png,4.0,0.04342612794746117,nr2.png,5.0,0.0,nr15.png,2.0,0.08020539957643337,nr4.png,7.0,0.0819778945946971,nr58.png,7.0,0.089067874667752,nr49.png,5.0,0.0,nr14.png,1.0,0.0,nr92.png,1.0,0.0,nr41.png,7.0,0.0,nr39.png,16
907,14.0,90.0,7.0,11.0,6189.0,2.0,0.06425294441205989,nr50.png,4.0,0.05583359307530722,nr29.png,3.0,0.0,nr93.png,4.0,0.057162964339005015,nr111.png,7.0,0.058935459357268724,nr30.png,6.0,0.2193462585101355,nr18.png,3.0,0.005982170686640059,nr90.png,4.0,0.04342612794746117,nr2.png,5.0,0.0,nr15.png,2.0,0.08020539957643337,nr4.png,7.0,0.0819778945946971,nr58.png,7.0,0.089067874667752,nr49.png,5.0,0.0,nr14.png,1.0,0.0,nr92.png,1.0,0.0,nr41.png,7.0,0.0,nr39.png,16
908,14.0,90.0,8.0,5.0,3428.0,2.0,0.06425294441205989,nr50.png,4.0,0.05583359307530722,nr29.png,3.0,0.0,nr93.png,4.0,0.057162964339005015,nr111.png,7.0,0.058935459357268724,nr30.png,6.0,0.2193462585101355,nr18.png,3.0,0.005982170686640059,nr90.png,4.0,0.04342612794746117,nr2.png,5.0,0.0,nr15.png,2.0,0.08020539957643337,nr4.png,7.0,0.0819778945946971,nr58.png,7.0,0.089067874667752,nr49.png,5.0,0.0,nr14.png,1.0,0.0,nr92.png,1.0,0.0,nr41.png,7.0,0.0,nr39.png,16
909,14.0,90.0,9.0,5.0,4438.0,2.0,0.06425294441205989,nr50.png,4.0,0.05583359307530722,nr29.png,3.0,0.0,nr93.png,4.0,0.057162964339005015,nr111.png,7.0,0.058935459357268724,nr30.png,6.0,0.2193462585101355,nr18.png,3.0,0.005982170686640059,nr90.png,4.0,0.04342612794746117,nr2.png,5.0,0.0,nr15.png,2.0,0.08020539957643337,nr4.png,7.0,0.0819778945946971,nr58.png,7.0,0.089067874667752,nr49.png,5.0,0.0,nr14.png,1.0,0.0,nr92.png,1.0,0.0,nr41.png,7.0,0.0,nr39.png,16
910,14.0,90.0,10.0,10.0,4358.0,2.0,0.06425294441205989,nr50.png,4.0,0.05583359307530722,nr29.png,3.0,0.0,nr93.png,4.0,0.057162964339005015,nr111.png,7.0,0.058935459357268724,nr30.png,6.0,0.2193462585101355,nr18.png,3.0,0.005982170686640059,nr90.png,4.0,0.04342612794746117,nr2.png,5.0,0.0,nr15.png,2.0,0.08020539957643337,nr4.png,7.0,0.0819778945946971,nr58.png,7.0,0.089067874667752,nr49.png,5.0,0.0,nr14.png,1.0,0.0,nr92.png,1.0,0.0,nr41.png,7.0,0.0,nr39.png,16
911,14.0,90.0,11.0,11.0,3230.0,2.0,0.06425294441205989,nr50.png,4.0,0.05583359307530722,nr29.png,3.0,0.0,nr93.png,4.0,0.057162964339005015,nr111.png,7.0,0.058935459357268724,nr30.png,6.0,0.2193462585101355,nr18.png,3.0,0.005982170686640059,nr90.png,4.0,0.04342612794746117,nr2.png,5.0,0.0,nr15.png,2.0,0.08020539957643337,nr4.png,7.0,0.0819778945946971,nr58.png,7.0,0.089067874667752,nr49.png,5.0,0.0,nr14.png,1.0,0.0,nr92.png,1.0,0.0,nr41.png,7.0,0.0,nr39.png,16
912,14.0,90.0,12.0,5.0,4402.0,2.0,0.06425294441205989,nr50.png,4.0,0.05583359307530722,nr29.png,3.0,0.0,nr93.png,4.0,0.057162964339005015,nr111.png,7.0,0.058935459357268724,nr30.png,6.0,0.2193462585101355,nr18.png,3.0,0.005982170686640059,nr90.png,4.0,0.04342612794746117,nr2.png,5.0,0.0,nr15.png,2.0,0.08020539957643337,nr4.png,7.0,0.0819778945946971,nr58.png,7.0,0.089067874667752,nr49.png,5.0,0.0,nr14.png,1.0,0.0,nr92.png,1.0,0.0,nr41.png,7.0,0.0,nr39.png,16
913,14.0,90.0,13.0,5.0,5143.0,2.0,0.06425294441205989,nr50.png,4.0,0.05583359307530722,nr29.png,3.0,0.0,nr93.png,4.0,0.057162964339005015,nr111.png,7.0,0.058935459357268724,nr30.png,6.0,0.2193462585101355,nr18.png,3.0,0.005982170686640059,nr90.png,4.0,0.04342612794746117,nr2.png,5.0,0.0,nr15.png,2.0,0.08020539957643337,nr4.png,7.0,0.0819778945946971,nr58.png,7.0,0.089067874667752,nr49.png,5.0,0.0,nr14.png,1.0,0.0,nr92.png,1.0,0.0,nr41.png,7.0,0.0,nr39.png,16
914,14.0,90.0,14.0,10.0,4143.0,2.0,0.06425294441205989,nr50.png,4.0,0.05583359307530722,nr29.png,3.0,0.0,nr93.png,4.0,0.057162964339005015,nr111.png,7.0,0.058935459357268724,nr30.png,6.0,0.2193462585101355,nr18.png,3.0,0.005982170686640059,nr90.png,4.0,0.04342612794746117,nr2.png,5.0,0.0,nr15.png,2.0,0.08020539957643337,nr4.png,7.0,0.0819778945946971,nr58.png,7.0,0.089067874667752,nr49.png,5.0,0.0,nr14.png,1.0,0.0,nr92.png,1.0,0.0,nr41.png,7.0,0.0,nr39.png,16
915,14.0,90.0,15.0,5.0,5189.0,2.0,0.06425294441205989,nr50.png,4.0,0.05583359307530722,nr29.png,3.0,0.0,nr93.png,4.0,0.057162964339005015,nr111.png,7.0,0.058935459357268724,nr30.png,6.0,0.2193462585101355,nr18.png,3.0,0.005982170686640059,nr90.png,4.0,0.04342612794746117,nr2.png,5.0,0.0,nr15.png,2.0,0.08020539957643337,nr4.png,7.0,0.0819778945946971,nr58.png,7.0,0.089067874667752,nr49.png,5.0,0.0,nr14.png,1.0,0.0,nr92.png,1.0,0.0,nr41.png,7.0,0.0,nr39.png,16
916,14.0,90.0,16.0,11.0,4069.0,2.0,0.06425294441205989,nr50.png,4.0,0.05583359307530722,nr29.png,3.0,0.0,nr93.png,4.0,0.057162964339005015,nr111.png,7.0,0.058935459357268724,nr30.png,6.0,0.2193462585101355,nr18.png,3.0,0.005982170686640059,nr90.png,4.0,0.04342612794746117,nr2.png,5.0,0.0,nr15.png,2.0,0.08020539957643337,nr4.png,7.0,0.0819778945946971,nr58.png,7.0,0.089067874667752,nr49.png,5.0,0.0,nr14.png,1.0,0.0,nr92.png,1.0,0.0,nr41.png,7.0,0.0,nr39.png,16
917,14.0,90.0,17.0,15.0,4689.0,2.0,0.06425294441205989,nr50.png,4.0,0.05583359307530722,nr29.png,3.0,0.0,nr93.png,4.0,0.057162964339005015,nr111.png,7.0,0.058935459357268724,nr30.png,6.0,0.2193462585101355,nr18.png,3.0,0.005982170686640059,nr90.png,4.0,0.04342612794746117,nr2.png,5.0,0.0,nr15.png,2.0,0.08020539957643337,nr4.png,7.0,0.0819778945946971,nr58.png,7.0,0.089067874667752,nr49.png,5.0,0.0,nr14.png,1.0,0.0,nr92.png,1.0,0.0,nr41.png,7.0,0.0,nr39.png,16
918,14.0,90.0,18.0,5.0,6274.0,2.0,0.06425294441205989,nr50.png,4.0,0.05583359307530722,nr29.png,3.0,0.0,nr93.png,4.0,0.057162964339005015,nr111.png,7.0,0.058935459357268724,nr30.png,6.0,0.2193462585101355,nr18.png,3.0,0.005982170686640059,nr90.png,4.0,0.04342612794746117,nr2.png,5.0,0.0,nr15.png,2.0,0.08020539957643337,nr4.png,7.0,0.0819778945946971,nr58.png,7.0,0.089067874667752,nr49.png,5.0,0.0,nr14.png,1.0,0.0,nr92.png,1.0,0.0,nr41.png,7.0,0.0,nr39.png,16
919,14.0,90.0,19.0,10.0,4401.0,2.0,0.06425294441205989,nr50.png,4.0,0.05583359307530722,nr29.png,3.0,0.0,nr93.png,4.0,0.057162964339005015,nr111.png,7.0,0.058935459357268724,nr30.png,6.0,0.2193462585101355,nr18.png,3.0,0.005982170686640059,nr90.png,4.0,0.04342612794746117,nr2.png,5.0,0.0,nr15.png,2.0,0.08020539957643337,nr4.png,7.0,0.0819778945946971,nr58.png,7.0,0.089067874667752,nr49.png,5.0,0.0,nr14.png,1.0,0.0,nr92.png,1.0,0.0,nr41.png,7.0,0.0,nr39.png,16
920,14.0,90.0,20.0,4.0,4128.0,2.0,0.06425294441205989,nr50.png,4.0,0.05583359307530722,nr29.png,3.0,0.0,nr93.png,4.0,0.057162964339005015,nr111.png,7.0,0.058935459357268724,nr30.png,6.0,0.2193462585101355,nr18.png,3.0,0.005982170686640059,nr90.png,4.0,0.04342612794746117,nr2.png,5.0,0.0,nr15.png,2.0,0.08020539957643337,nr4.png,7.0,0.0819778945946971,nr58.png,7.0,0.089067874667752,nr49.png,5.0,0.0,nr14.png,1.0,0.0,nr92.png,1.0,0.0,nr41.png,7.0,0.0,nr39.png,16
921,14.0,90.0,21.0,11.0,3320.0,2.0,0.06425294441205989,nr50.png,4.0,0.05583359307530722,nr29.png,3.0,0.0,nr93.png,4.0,0.057162964339005015,nr111.png,7.0,0.058935459357268724,nr30.png,6.0,0.2193462585101355,nr18.png,3.0,0.005982170686640059,nr90.png,4.0,0.04342612794746117,nr2.png,5.0,0.0,nr15.png,2.0,0.08020539957643337,nr4.png,7.0,0.0819778945946971,nr58.png,7.0,0.089067874667752,nr49.png,5.0,0.0,nr14.png,1.0,0.0,nr92.png,1.0,0.0,nr41.png,7.0,0.0,nr39.png,16
922,14.0,90.0,22.0,5.0,4573.0,2.0,0.06425294441205989,nr50.png,4.0,0.05583359307530722,nr29.png,3.0,0.0,nr93.png,4.0,0.057162964339005015,nr111.png,7.0,0.058935459357268724,nr30.png,6.0,0.2193462585101355,nr18.png,3.0,0.005982170686640059,nr90.png,4.0,0.04342612794746117,nr2.png,5.0,0.0,nr15.png,2.0,0.08020539957643337,nr4.png,7.0,0.0819778945946971,nr58.png,7.0,0.089067874667752,nr49.png,5.0,0.0,nr14.png,1.0,0.0,nr92.png,1.0,0.0,nr41.png,7.0,0.0,nr39.png,16
923,14.0,90.0,23.0,4.0,5846.0,2.0,0.06425294441205989,nr50.png,4.0,0.05583359307530722,nr29.png,3.0,0.0,nr93.png,4.0,0.057162964339005015,nr111.png,7.0,0.058935459357268724,nr30.png,6.0,0.2193462585101355,nr18.png,3.0,0.005982170686640059,nr90.png,4.0,0.04342612794746117,nr2.png,5.0,0.0,nr15.png,2.0,0.08020539957643337,nr4.png,7.0,0.0819778945946971,nr58.png,7.0,0.089067874667752,nr49.png,5.0,0.0,nr14.png,1.0,0.0,nr92.png,1.0,0.0,nr41.png,7.0,0.0,nr39.png,16
924,14.0,90.0,24.0,11.0,3567.0,2.0,0.06425294441205989,nr50.png,4.0,0.05583359307530722,nr29.png,3.0,0.0,nr93.png,4.0,0.057162964339005015,nr111.png,7.0,0.058935459357268724,nr30.png,6.0,0.2193462585101355,nr18.png,3.0,0.005982170686640059,nr90.png,4.0,0.04342612794746117,nr2.png,5.0,0.0,nr15.png,2.0,0.08020539957643337,nr4.png,7.0,0.0819778945946971,nr58.png,7.0,0.089067874667752,nr49.png,5.0,0.0,nr14.png,1.0,0.0,nr92.png,1.0,0.0,nr41.png,7.0,0.0,nr39.png,16
925,14.0,90.0,25.0,7.0,5322.0,2.0,0.06425294441205989,nr50.png,4.0,0.05583359307530722,nr29.png,3.0,0.0,nr93.png,4.0,0.057162964339005015,nr111.png,7.0,0.058935459357268724,nr30.png,6.0,0.2193462585101355,nr18.png,3.0,0.005982170686640059,nr90.png,4.0,0.04342612794746117,nr2.png,5.0,0.0,nr15.png,2.0,0.08020539957643337,nr4.png,7.0,0.0819778945946971,nr58.png,7.0,0.089067874667752,nr49.png,5.0,0.0,nr14.png,1.0,0.0,nr92.png,1.0,0.0,nr41.png,7.0,0.0,nr39.png,16
926,14.0,90.0,26.0,10.0,5107.0,2.0,0.06425294441205989,nr50.png,4.0,0.05583359307530722,nr29.png,3.0,0.0,nr93.png,4.0,0.057162964339005015,nr111.png,7.0,0.058935459357268724,nr30.png,6.0,0.2193462585101355,nr18.png,3.0,0.005982170686640059,nr90.png,4.0,0.04342612794746117,nr2.png,5.0,0.0,nr15.png,2.0,0.08020539957643337,nr4.png,7.0,0.0819778945946971,nr58.png,7.0,0.089067874667752,nr49.png,5.0,0.0,nr14.png,1.0,0.0,nr92.png,1.0,0.0,nr41.png,7.0,0.0,nr39.png,16
927,14.0,90.0,27.0,12.0,4492.0,2.0,0.06425294441205989,nr50.png,4.0,0.05583359307530722,nr29.png,3.0,0.0,nr93.png,4.0,0.057162964339005015,nr111.png,7.0,0.058935459357268724,nr30.png,6.0,0.2193462585101355,nr18.png,3.0,0.005982170686640059,nr90.png,4.0,0.04342612794746117,nr2.png,5.0,0.0,nr15.png,2.0,0.08020539957643337,nr4.png,7.0,0.0819778945946971,nr58.png,7.0,0.089067874667752,nr49.png,5.0,0.0,nr14.png,1.0,0.0,nr92.png,1.0,0.0,nr41.png,7.0,0.0,nr39.png,16
928,14.0,90.0,28.0,10.0,4645.0,2.0,0.06425294441205989,nr50.png,4.0,0.05583359307530722,nr29.png,3.0,0.0,nr93.png,4.0,0.057162964339005015,nr111.png,7.0,0.058935459357268724,nr30.png,6.0,0.2193462585101355,nr18.png,3.0,0.005982170686640059,nr90.png,4.0,0.04342612794746117,nr2.png,5.0,0.0,nr15.png,2.0,0.08020539957643337,nr4.png,7.0,0.0819778945946971,nr58.png,7.0,0.089067874667752,nr49.png,5.0,0.0,nr14.png,1.0,0.0,nr92.png,1.0,0.0,nr41.png,7.0,0.0,nr39.png,16
929,14.0,90.0,29.0,10.0,3184.0,2.0,0.06425294441205989,nr50.png,4.0,0.05583359307530722,nr29.png,3.0,0.0,nr93.png,4.0,0.057162964339005015,nr111.png,7.0,0.058935459357268724,nr30.png,6.0,0.2193462585101355,nr18.png,3.0,0.005982170686640059,nr90.png,4.0,0.04342612794746117,nr2.png,5.0,0.0,nr15.png,2.0,0.08020539957643337,nr4.png,7.0,0.0819778945946971,nr58.png,7.0,0.089067874667752,nr49.png,5.0,0.0,nr14.png,1.0,0.0,nr92.png,1.0,0.0,nr41.png,7.0,0.0,nr39.png,16
930,14.0,90.0,30.0,5.0,3521.0,2.0,0.06425294441205989,nr50.png,4.0,0.05583359307530722,nr29.png,3.0,0.0,nr93.png,4.0,0.057162964339005015,nr111.png,7.0,0.058935459357268724,nr30.png,6.0,0.2193462585101355,nr18.png,3.0,0.005982170686640059,nr90.png,4.0,0.04342612794746117,nr2.png,5.0,0.0,nr15.png,2.0,0.08020539957643337,nr4.png,7.0,0.0819778945946971,nr58.png,7.0,0.089067874667752,nr49.png,5.0,0.0,nr14.png,1.0,0.0,nr92.png,1.0,0.0,nr41.png,7.0,0.0,nr39.png,16
931,14.0,90.0,31.0,5.0,3098.0,2.0,0.06425294441205989,nr50.png,4.0,0.05583359307530722,nr29.png,3.0,0.0,nr93.png,4.0,0.057162964339005015,nr111.png,7.0,0.058935459357268724,nr30.png,6.0,0.2193462585101355,nr18.png,3.0,0.005982170686640059,nr90.png,4.0,0.04342612794746117,nr2.png,5.0,0.0,nr15.png,2.0,0.08020539957643337,nr4.png,7.0,0.0819778945946971,nr58.png,7.0,0.089067874667752,nr49.png,5.0,0.0,nr14.png,1.0,0.0,nr92.png,1.0,0.0,nr41.png,7.0,0.0,nr39.png,16
932,14.0,90.0,32.0,5.0,4529.0,2.0,0.06425294441205989,nr50.png,4.0,0.05583359307530722,nr29.png,3.0,0.0,nr93.png,4.0,0.057162964339005015,nr111.png,7.0,0.058935459357268724,nr30.png,6.0,0.2193462585101355,nr18.png,3.0,0.005982170686640059,nr90.png,4.0,0.04342612794746117,nr2.png,5.0,0.0,nr15.png,2.0,0.08020539957643337,nr4.png,7.0,0.0819778945946971,nr58.png,7.0,0.089067874667752,nr49.png,5.0,0.0,nr14.png,1.0,0.0,nr92.png,1.0,0.0,nr41.png,7.0,0.0,nr39.png,16
933,14.0,90.0,33.0,7.0,7463.0,2.0,0.06425294441205989,nr50.png,4.0,0.05583359307530722,nr29.png,3.0,0.0,nr93.png,4.0,0.057162964339005015,nr111.png,7.0,0.058935459357268724,nr30.png,6.0,0.2193462585101355,nr18.png,3.0,0.005982170686640059,nr90.png,4.0,0.04342612794746117,nr2.png,5.0,0.0,nr15.png,2.0,0.08020539957643337,nr4.png,7.0,0.0819778945946971,nr58.png,7.0,0.089067874667752,nr49.png,5.0,0.0,nr14.png,1.0,0.0,nr92.png,1.0,0.0,nr41.png,7.0,0.0,nr39.png,16
934,14.0,90.0,34.0,11.0,3212.0,2.0,0.06425294441205989,nr50.png,4.0,0.05583359307530722,nr29.png,3.0,0.0,nr93.png,4.0,0.057162964339005015,nr111.png,7.0,0.058935459357268724,nr30.png,6.0,0.2193462585101355,nr18.png,3.0,0.005982170686640059,nr90.png,4.0,0.04342612794746117,nr2.png,5.0,0.0,nr15.png,2.0,0.08020539957643337,nr4.png,7.0,0.0819778945946971,nr58.png,7.0,0.089067874667752,nr49.png,5.0,0.0,nr14.png,1.0,0.0,nr92.png,1.0,0.0,nr41.png,7.0,0.0,nr39.png,16
935,14.0,90.0,35.0,5.0,3674.0,2.0,0.06425294441205989,nr50.png,4.0,0.05583359307530722,nr29.png,3.0,0.0,nr93.png,4.0,0.057162964339005015,nr111.png,7.0,0.058935459357268724,nr30.png,6.0,0.2193462585101355,nr18.png,3.0,0.005982170686640059,nr90.png,4.0,0.04342612794746117,nr2.png,5.0,0.0,nr15.png,2.0,0.08020539957643337,nr4.png,7.0,0.0819778945946971,nr58.png,7.0,0.089067874667752,nr49.png,5.0,0.0,nr14.png,1.0,0.0,nr92.png,1.0,0.0,nr41.png,7.0,0.0,nr39.png,16
936,14.0,90.0,36.0,14.0,5369.0,2.0,0.06425294441205989,nr50.png,4.0,0.05583359307530722,nr29.png,3.0,0.0,nr93.png,4.0,0.057162964339005015,nr111.png,7.0,0.058935459357268724,nr30.png,6.0,0.2193462585101355,nr18.png,3.0,0.005982170686640059,nr90.png,4.0,0.04342612794746117,nr2.png,5.0,0.0,nr15.png,2.0,0.08020539957643337,nr4.png,7.0,0.0819778945946971,nr58.png,7.0,0.089067874667752,nr49.png,5.0,0.0,nr14.png,1.0,0.0,nr92.png,1.0,0.0,nr41.png,7.0,0.0,nr39.png,16
937,14.0,90.0,37.0,10.0,5791.0,2.0,0.06425294441205989,nr50.png,4.0,0.05583359307530722,nr29.png,3.0,0.0,nr93.png,4.0,0.057162964339005015,nr111.png,7.0,0.058935459357268724,nr30.png,6.0,0.2193462585101355,nr18.png,3.0,0.005982170686640059,nr90.png,4.0,0.04342612794746117,nr2.png,5.0,0.0,nr15.png,2.0,0.08020539957643337,nr4.png,7.0,0.0819778945946971,nr58.png,7.0,0.089067874667752,nr49.png,5.0,0.0,nr14.png,1.0,0.0,nr92.png,1.0,0.0,nr41.png,7.0,0.0,nr39.png,16
938,14.0,90.0,38.0,4.0,3493.0,2.0,0.06425294441205989,nr50.png,4.0,0.05583359307530722,nr29.png,3.0,0.0,nr93.png,4.0,0.057162964339005015,nr111.png,7.0,0.058935459357268724,nr30.png,6.0,0.2193462585101355,nr18.png,3.0,0.005982170686640059,nr90.png,4.0,0.04342612794746117,nr2.png,5.0,0.0,nr15.png,2.0,0.08020539957643337,nr4.png,7.0,0.0819778945946971,nr58.png,7.0,0.089067874667752,nr49.png,5.0,0.0,nr14.png,1.0,0.0,nr92.png,1.0,0.0,nr41.png,7.0,0.0,nr39.png,16
939,14.0,90.0,39.0,15.0,4717.0,2.0,0.06425294441205989,nr50.png,4.0,0.05583359307530722,nr29.png,3.0,0.0,nr93.png,4.0,0.057162964339005015,nr111.png,7.0,0.058935459357268724,nr30.png,6.0,0.2193462585101355,nr18.png,3.0,0.005982170686640059,nr90.png,4.0,0.04342612794746117,nr2.png,5.0,0.0,nr15.png,2.0,0.08020539957643337,nr4.png,7.0,0.0819778945946971,nr58.png,7.0,0.089067874667752,nr49.png,5.0,0.0,nr14.png,1.0,0.0,nr92.png,1.0,0.0,nr41.png,7.0,0.0,nr39.png,16
940,14.0,90.0,40.0,10.0,3045.0,2.0,0.06425294441205989,nr50.png,4.0,0.05583359307530722,nr29.png,3.0,0.0,nr93.png,4.0,0.057162964339005015,nr111.png,7.0,0.058935459357268724,nr30.png,6.0,0.2193462585101355,nr18.png,3.0,0.005982170686640059,nr90.png,4.0,0.04342612794746117,nr2.png,5.0,0.0,nr15.png,2.0,0.08020539957643337,nr4.png,7.0,0.0819778945946971,nr58.png,7.0,0.089067874667752,nr49.png,5.0,0.0,nr14.png,1.0,0.0,nr92.png,1.0,0.0,nr41.png,7.0,0.0,nr39.png,16
941,14.0,90.0,41.0,12.0,5498.0,2.0,0.06425294441205989,nr50.png,4.0,0.05583359307530722,nr29.png,3.0,0.0,nr93.png,4.0,0.057162964339005015,nr111.png,7.0,0.058935459357268724,nr30.png,6.0,0.2193462585101355,nr18.png,3.0,0.005982170686640059,nr90.png,4.0,0.04342612794746117,nr2.png,5.0,0.0,nr15.png,2.0,0.08020539957643337,nr4.png,7.0,0.0819778945946971,nr58.png,7.0,0.089067874667752,nr49.png,5.0,0.0,nr14.png,1.0,0.0,nr92.png,1.0,0.0,nr41.png,7.0,0.0,nr39.png,16
942,14.0,90.0,42.0,10.0,3876.0,2.0,0.06425294441205989,nr50.png,4.0,0.05583359307530722,nr29.png,3.0,0.0,nr93.png,4.0,0.057162964339005015,nr111.png,7.0,0.058935459357268724,nr30.png,6.0,0.2193462585101355,nr18.png,3.0,0.005982170686640059,nr90.png,4.0,0.04342612794746117,nr2.png,5.0,0.0,nr15.png,2.0,0.08020539957643337,nr4.png,7.0,0.0819778945946971,nr58.png,7.0,0.089067874667752,nr49.png,5.0,0.0,nr14.png,1.0,0.0,nr92.png,1.0,0.0,nr41.png,7.0,0.0,nr39.png,16
943,14.0,90.0,43.0,15.0,4477.0,2.0,0.06425294441205989,nr50.png,4.0,0.05583359307530722,nr29.png,3.0,0.0,nr93.png,4.0,0.057162964339005015,nr111.png,7.0,0.058935459357268724,nr30.png,6.0,0.2193462585101355,nr18.png,3.0,0.005982170686640059,nr90.png,4.0,0.04342612794746117,nr2.png,5.0,0.0,nr15.png,2.0,0.08020539957643337,nr4.png,7.0,0.0819778945946971,nr58.png,7.0,0.089067874667752,nr49.png,5.0,0.0,nr14.png,1.0,0.0,nr92.png,1.0,0.0,nr41.png,7.0,0.0,nr39.png,16
944,14.0,90.0,44.0,11.0,3643.0,2.0,0.06425294441205989,nr50.png,4.0,0.05583359307530722,nr29.png,3.0,0.0,nr93.png,4.0,0.057162964339005015,nr111.png,7.0,0.058935459357268724,nr30.png,6.0,0.2193462585101355,nr18.png,3.0,0.005982170686640059,nr90.png,4.0,0.04342612794746117,nr2.png,5.0,0.0,nr15.png,2.0,0.08020539957643337,nr4.png,7.0,0.0819778945946971,nr58.png,7.0,0.089067874667752,nr49.png,5.0,0.0,nr14.png,1.0,0.0,nr92.png,1.0,0.0,nr41.png,7.0,0.0,nr39.png,16
945,14.0,90.0,45.0,5.0,5683.0,2.0,0.06425294441205989,nr50.png,4.0,0.05583359307530722,nr29.png,3.0,0.0,nr93.png,4.0,0.057162964339005015,nr111.png,7.0,0.058935459357268724,nr30.png,6.0,0.2193462585101355,nr18.png,3.0,0.005982170686640059,nr90.png,4.0,0.04342612794746117,nr2.png,5.0,0.0,nr15.png,2.0,0.08020539957643337,nr4.png,7.0,0.0819778945946971,nr58.png,7.0,0.089067874667752,nr49.png,5.0,0.0,nr14.png,1.0,0.0,nr92.png,1.0,0.0,nr41.png,7.0,0.0,nr39.png,16
946,14.0,90.0,46.0,10.0,5599.0,2.0,0.06425294441205989,nr50.png,4.0,0.05583359307530722,nr29.png,3.0,0.0,nr93.png,4.0,0.057162964339005015,nr111.png,7.0,0.058935459357268724,nr30.png,6.0,0.2193462585101355,nr18.png,3.0,0.005982170686640059,nr90.png,4.0,0.04342612794746117,nr2.png,5.0,0.0,nr15.png,2.0,0.08020539957643337,nr4.png,7.0,0.0819778945946971,nr58.png,7.0,0.089067874667752,nr49.png,5.0,0.0,nr14.png,1.0,0.0,nr92.png,1.0,0.0,nr41.png,7.0,0.0,nr39.png,16
947,14.0,90.0,47.0,11.0,5927.0,2.0,0.06425294441205989,nr50.png,4.0,0.05583359307530722,nr29.png,3.0,0.0,nr93.png,4.0,0.057162964339005015,nr111.png,7.0,0.058935459357268724,nr30.png,6.0,0.2193462585101355,nr18.png,3.0,0.005982170686640059,nr90.png,4.0,0.04342612794746117,nr2.png,5.0,0.0,nr15.png,2.0,0.08020539957643337,nr4.png,7.0,0.0819778945946971,nr58.png,7.0,0.089067874667752,nr49.png,5.0,0.0,nr14.png,1.0,0.0,nr92.png,1.0,0.0,nr41.png,7.0,0.0,nr39.png,16
948,14.0,90.0,48.0,15.0,4906.0,2.0,0.06425294441205989,nr50.png,4.0,0.05583359307530722,nr29.png,3.0,0.0,nr93.png,4.0,0.057162964339005015,nr111.png,7.0,0.058935459357268724,nr30.png,6.0,0.2193462585101355,nr18.png,3.0,0.005982170686640059,nr90.png,4.0,0.04342612794746117,nr2.png,5.0,0.0,nr15.png,2.0,0.08020539957643337,nr4.png,7.0,0.0819778945946971,nr58.png,7.0,0.089067874667752,nr49.png,5.0,0.0,nr14.png,1.0,0.0,nr92.png,1.0,0.0,nr41.png,7.0,0.0,nr39.png,16
949,14.0,90.0,49.0,4.0,3899.0,2.0,0.06425294441205989,nr50.png,4.0,0.05583359307530722,nr29.png,3.0,0.0,nr93.png,4.0,0.057162964339005015,nr111.png,7.0,0.058935459357268724,nr30.png,6.0,0.2193462585101355,nr18.png,3.0,0.005982170686640059,nr90.png,4.0,0.04342612794746117,nr2.png,5.0,0.0,nr15.png,2.0,0.08020539957643337,nr4.png,7.0,0.0819778945946971,nr58.png,7.0,0.089067874667752,nr49.png,5.0,0.0,nr14.png,1.0,0.0,nr92.png,1.0,0.0,nr41.png,7.0,0.0,nr39.png,16
950,14.0,96.0,0.0,3.0,5274.0,3.0,0.0,nr69.png,1.0,0.0,nr41.png,4.0,0.0,nr100.png,7.0,0.0,nr95.png,7.0,0.11376400853890666,nr81.png,7.0,0.07030360078247039,nr65.png,4.0,0.06902535349551638,nr84.png,5.0,0.030677934886896168,nr76.png,7.0,0.0,nr63.png,3.0,0.06455148799117735,nr1.png,7.0,0.1105683903215216,nr8.png,4.0,0.06071674613031532,nr2.png,3.0,0.08692081551287248,nr93.png,7.0,0.0,nr49.png,7.0,0.0,nr45.png,6.0,0.0,nr87.png,16
951,14.0,96.0,1.0,4.0,3885.0,3.0,0.0,nr69.png,1.0,0.0,nr41.png,4.0,0.0,nr100.png,7.0,0.0,nr95.png,7.0,0.11376400853890666,nr81.png,7.0,0.07030360078247039,nr65.png,4.0,0.06902535349551638,nr84.png,5.0,0.030677934886896168,nr76.png,7.0,0.0,nr63.png,3.0,0.06455148799117735,nr1.png,7.0,0.1105683903215216,nr8.png,4.0,0.06071674613031532,nr2.png,3.0,0.08692081551287248,nr93.png,7.0,0.0,nr49.png,7.0,0.0,nr45.png,6.0,0.0,nr87.png,16
952,14.0,96.0,2.0,13.0,4417.0,3.0,0.0,nr69.png,1.0,0.0,nr41.png,4.0,0.0,nr100.png,7.0,0.0,nr95.png,7.0,0.11376400853890666,nr81.png,7.0,0.07030360078247039,nr65.png,4.0,0.06902535349551638,nr84.png,5.0,0.030677934886896168,nr76.png,7.0,0.0,nr63.png,3.0,0.06455148799117735,nr1.png,7.0,0.1105683903215216,nr8.png,4.0,0.06071674613031532,nr2.png,3.0,0.08692081551287248,nr93.png,7.0,0.0,nr49.png,7.0,0.0,nr45.png,6.0,0.0,nr87.png,16
953,14.0,96.0,3.0,5.0,5391.0,3.0,0.0,nr69.png,1.0,0.0,nr41.png,4.0,0.0,nr100.png,7.0,0.0,nr95.png,7.0,0.11376400853890666,nr81.png,7.0,0.07030360078247039,nr65.png,4.0,0.06902535349551638,nr84.png,5.0,0.030677934886896168,nr76.png,7.0,0.0,nr63.png,3.0,0.06455148799117735,nr1.png,7.0,0.1105683903215216,nr8.png,4.0,0.06071674613031532,nr2.png,3.0,0.08692081551287248,nr93.png,7.0,0.0,nr49.png,7.0,0.0,nr45.png,6.0,0.0,nr87.png,16
954,14.0,96.0,4.0,10.0,4088.0,3.0,0.0,nr69.png,1.0,0.0,nr41.png,4.0,0.0,nr100.png,7.0,0.0,nr95.png,7.0,0.11376400853890666,nr81.png,7.0,0.07030360078247039,nr65.png,4.0,0.06902535349551638,nr84.png,5.0,0.030677934886896168,nr76.png,7.0,0.0,nr63.png,3.0,0.06455148799117735,nr1.png,7.0,0.1105683903215216,nr8.png,4.0,0.06071674613031532,nr2.png,3.0,0.08692081551287248,nr93.png,7.0,0.0,nr49.png,7.0,0.0,nr45.png,6.0,0.0,nr87.png,16
955,14.0,96.0,5.0,3.0,5534.0,3.0,0.0,nr69.png,1.0,0.0,nr41.png,4.0,0.0,nr100.png,7.0,0.0,nr95.png,7.0,0.11376400853890666,nr81.png,7.0,0.07030360078247039,nr65.png,4.0,0.06902535349551638,nr84.png,5.0,0.030677934886896168,nr76.png,7.0,0.0,nr63.png,3.0,0.06455148799117735,nr1.png,7.0,0.1105683903215216,nr8.png,4.0,0.06071674613031532,nr2.png,3.0,0.08692081551287248,nr93.png,7.0,0.0,nr49.png,7.0,0.0,nr45.png,6.0,0.0,nr87.png,16
956,14.0,96.0,6.0,10.0,6437.0,3.0,0.0,nr69.png,1.0,0.0,nr41.png,4.0,0.0,nr100.png,7.0,0.0,nr95.png,7.0,0.11376400853890666,nr81.png,7.0,0.07030360078247039,nr65.png,4.0,0.06902535349551638,nr84.png,5.0,0.030677934886896168,nr76.png,7.0,0.0,nr63.png,3.0,0.06455148799117735,nr1.png,7.0,0.1105683903215216,nr8.png,4.0,0.06071674613031532,nr2.png,3.0,0.08692081551287248,nr93.png,7.0,0.0,nr49.png,7.0,0.0,nr45.png,6.0,0.0,nr87.png,16
957,14.0,96.0,7.0,5.0,3509.0,3.0,0.0,nr69.png,1.0,0.0,nr41.png,4.0,0.0,nr100.png,7.0,0.0,nr95.png,7.0,0.11376400853890666,nr81.png,7.0,0.07030360078247039,nr65.png,4.0,0.06902535349551638,nr84.png,5.0,0.030677934886896168,nr76.png,7.0,0.0,nr63.png,3.0,0.06455148799117735,nr1.png,7.0,0.1105683903215216,nr8.png,4.0,0.06071674613031532,nr2.png,3.0,0.08692081551287248,nr93.png,7.0,0.0,nr49.png,7.0,0.0,nr45.png,6.0,0.0,nr87.png,16
958,14.0,96.0,8.0,14.0,4881.0,3.0,0.0,nr69.png,1.0,0.0,nr41.png,4.0,0.0,nr100.png,7.0,0.0,nr95.png,7.0,0.11376400853890666,nr81.png,7.0,0.07030360078247039,nr65.png,4.0,0.06902535349551638,nr84.png,5.0,0.030677934886896168,nr76.png,7.0,0.0,nr63.png,3.0,0.06455148799117735,nr1.png,7.0,0.1105683903215216,nr8.png,4.0,0.06071674613031532,nr2.png,3.0,0.08692081551287248,nr93.png,7.0,0.0,nr49.png,7.0,0.0,nr45.png,6.0,0.0,nr87.png,16
959,14.0,96.0,9.0,9.0,3761.0,3.0,0.0,nr69.png,1.0,0.0,nr41.png,4.0,0.0,nr100.png,7.0,0.0,nr95.png,7.0,0.11376400853890666,nr81.png,7.0,0.07030360078247039,nr65.png,4.0,0.06902535349551638,nr84.png,5.0,0.030677934886896168,nr76.png,7.0,0.0,nr63.png,3.0,0.06455148799117735,nr1.png,7.0,0.1105683903215216,nr8.png,4.0,0.06071674613031532,nr2.png,3.0,0.08692081551287248,nr93.png,7.0,0.0,nr49.png,7.0,0.0,nr45.png,6.0,0.0,nr87.png,16
960,14.0,96.0,10.0,5.0,4098.0,3.0,0.0,nr69.png,1.0,0.0,nr41.png,4.0,0.0,nr100.png,7.0,0.0,nr95.png,7.0,0.11376400853890666,nr81.png,7.0,0.07030360078247039,nr65.png,4.0,0.06902535349551638,nr84.png,5.0,0.030677934886896168,nr76.png,7.0,0.0,nr63.png,3.0,0.06455148799117735,nr1.png,7.0,0.1105683903215216,nr8.png,4.0,0.06071674613031532,nr2.png,3.0,0.08692081551287248,nr93.png,7.0,0.0,nr49.png,7.0,0.0,nr45.png,6.0,0.0,nr87.png,16
961,14.0,96.0,11.0,4.0,5458.0,3.0,0.0,nr69.png,1.0,0.0,nr41.png,4.0,0.0,nr100.png,7.0,0.0,nr95.png,7.0,0.11376400853890666,nr81.png,7.0,0.07030360078247039,nr65.png,4.0,0.06902535349551638,nr84.png,5.0,0.030677934886896168,nr76.png,7.0,0.0,nr63.png,3.0,0.06455148799117735,nr1.png,7.0,0.1105683903215216,nr8.png,4.0,0.06071674613031532,nr2.png,3.0,0.08692081551287248,nr93.png,7.0,0.0,nr49.png,7.0,0.0,nr45.png,6.0,0.0,nr87.png,16
962,14.0,96.0,12.0,5.0,2909.0,3.0,0.0,nr69.png,1.0,0.0,nr41.png,4.0,0.0,nr100.png,7.0,0.0,nr95.png,7.0,0.11376400853890666,nr81.png,7.0,0.07030360078247039,nr65.png,4.0,0.06902535349551638,nr84.png,5.0,0.030677934886896168,nr76.png,7.0,0.0,nr63.png,3.0,0.06455148799117735,nr1.png,7.0,0.1105683903215216,nr8.png,4.0,0.06071674613031532,nr2.png,3.0,0.08692081551287248,nr93.png,7.0,0.0,nr49.png,7.0,0.0,nr45.png,6.0,0.0,nr87.png,16
963,14.0,96.0,13.0,13.0,5957.0,3.0,0.0,nr69.png,1.0,0.0,nr41.png,4.0,0.0,nr100.png,7.0,0.0,nr95.png,7.0,0.11376400853890666,nr81.png,7.0,0.07030360078247039,nr65.png,4.0,0.06902535349551638,nr84.png,5.0,0.030677934886896168,nr76.png,7.0,0.0,nr63.png,3.0,0.06455148799117735,nr1.png,7.0,0.1105683903215216,nr8.png,4.0,0.06071674613031532,nr2.png,3.0,0.08692081551287248,nr93.png,7.0,0.0,nr49.png,7.0,0.0,nr45.png,6.0,0.0,nr87.png,16
964,14.0,96.0,14.0,9.0,4781.0,3.0,0.0,nr69.png,1.0,0.0,nr41.png,4.0,0.0,nr100.png,7.0,0.0,nr95.png,7.0,0.11376400853890666,nr81.png,7.0,0.07030360078247039,nr65.png,4.0,0.06902535349551638,nr84.png,5.0,0.030677934886896168,nr76.png,7.0,0.0,nr63.png,3.0,0.06455148799117735,nr1.png,7.0,0.1105683903215216,nr8.png,4.0,0.06071674613031532,nr2.png,3.0,0.08692081551287248,nr93.png,7.0,0.0,nr49.png,7.0,0.0,nr45.png,6.0,0.0,nr87.png,16
965,14.0,96.0,15.0,5.0,4967.0,3.0,0.0,nr69.png,1.0,0.0,nr41.png,4.0,0.0,nr100.png,7.0,0.0,nr95.png,7.0,0.11376400853890666,nr81.png,7.0,0.07030360078247039,nr65.png,4.0,0.06902535349551638,nr84.png,5.0,0.030677934886896168,nr76.png,7.0,0.0,nr63.png,3.0,0.06455148799117735,nr1.png,7.0,0.1105683903215216,nr8.png,4.0,0.06071674613031532,nr2.png,3.0,0.08692081551287248,nr93.png,7.0,0.0,nr49.png,7.0,0.0,nr45.png,6.0,0.0,nr87.png,16
966,14.0,96.0,16.0,8.0,5655.0,3.0,0.0,nr69.png,1.0,0.0,nr41.png,4.0,0.0,nr100.png,7.0,0.0,nr95.png,7.0,0.11376400853890666,nr81.png,7.0,0.07030360078247039,nr65.png,4.0,0.06902535349551638,nr84.png,5.0,0.030677934886896168,nr76.png,7.0,0.0,nr63.png,3.0,0.06455148799117735,nr1.png,7.0,0.1105683903215216,nr8.png,4.0,0.06071674613031532,nr2.png,3.0,0.08692081551287248,nr93.png,7.0,0.0,nr49.png,7.0,0.0,nr45.png,6.0,0.0,nr87.png,16
967,14.0,96.0,17.0,3.0,4517.0,3.0,0.0,nr69.png,1.0,0.0,nr41.png,4.0,0.0,nr100.png,7.0,0.0,nr95.png,7.0,0.11376400853890666,nr81.png,7.0,0.07030360078247039,nr65.png,4.0,0.06902535349551638,nr84.png,5.0,0.030677934886896168,nr76.png,7.0,0.0,nr63.png,3.0,0.06455148799117735,nr1.png,7.0,0.1105683903215216,nr8.png,4.0,0.06071674613031532,nr2.png,3.0,0.08692081551287248,nr93.png,7.0,0.0,nr49.png,7.0,0.0,nr45.png,6.0,0.0,nr87.png,16
968,14.0,96.0,18.0,5.0,4944.0,3.0,0.0,nr69.png,1.0,0.0,nr41.png,4.0,0.0,nr100.png,7.0,0.0,nr95.png,7.0,0.11376400853890666,nr81.png,7.0,0.07030360078247039,nr65.png,4.0,0.06902535349551638,nr84.png,5.0,0.030677934886896168,nr76.png,7.0,0.0,nr63.png,3.0,0.06455148799117735,nr1.png,7.0,0.1105683903215216,nr8.png,4.0,0.06071674613031532,nr2.png,3.0,0.08692081551287248,nr93.png,7.0,0.0,nr49.png,7.0,0.0,nr45.png,6.0,0.0,nr87.png,16
969,14.0,96.0,19.0,4.0,4071.0,3.0,0.0,nr69.png,1.0,0.0,nr41.png,4.0,0.0,nr100.png,7.0,0.0,nr95.png,7.0,0.11376400853890666,nr81.png,7.0,0.07030360078247039,nr65.png,4.0,0.06902535349551638,nr84.png,5.0,0.030677934886896168,nr76.png,7.0,0.0,nr63.png,3.0,0.06455148799117735,nr1.png,7.0,0.1105683903215216,nr8.png,4.0,0.06071674613031532,nr2.png,3.0,0.08692081551287248,nr93.png,7.0,0.0,nr49.png,7.0,0.0,nr45.png,6.0,0.0,nr87.png,16
970,14.0,96.0,20.0,13.0,4904.0,3.0,0.0,nr69.png,1.0,0.0,nr41.png,4.0,0.0,nr100.png,7.0,0.0,nr95.png,7.0,0.11376400853890666,nr81.png,7.0,0.07030360078247039,nr65.png,4.0,0.06902535349551638,nr84.png,5.0,0.030677934886896168,nr76.png,7.0,0.0,nr63.png,3.0,0.06455148799117735,nr1.png,7.0,0.1105683903215216,nr8.png,4.0,0.06071674613031532,nr2.png,3.0,0.08692081551287248,nr93.png,7.0,0.0,nr49.png,7.0,0.0,nr45.png,6.0,0.0,nr87.png,16
971,14.0,96.0,21.0,10.0,3728.0,3.0,0.0,nr69.png,1.0,0.0,nr41.png,4.0,0.0,nr100.png,7.0,0.0,nr95.png,7.0,0.11376400853890666,nr81.png,7.0,0.07030360078247039,nr65.png,4.0,0.06902535349551638,nr84.png,5.0,0.030677934886896168,nr76.png,7.0,0.0,nr63.png,3.0,0.06455148799117735,nr1.png,7.0,0.1105683903215216,nr8.png,4.0,0.06071674613031532,nr2.png,3.0,0.08692081551287248,nr93.png,7.0,0.0,nr49.png,7.0,0.0,nr45.png,6.0,0.0,nr87.png,16
972,14.0,96.0,22.0,3.0,2903.0,3.0,0.0,nr69.png,1.0,0.0,nr41.png,4.0,0.0,nr100.png,7.0,0.0,nr95.png,7.0,0.11376400853890666,nr81.png,7.0,0.07030360078247039,nr65.png,4.0,0.06902535349551638,nr84.png,5.0,0.030677934886896168,nr76.png,7.0,0.0,nr63.png,3.0,0.06455148799117735,nr1.png,7.0,0.1105683903215216,nr8.png,4.0,0.06071674613031532,nr2.png,3.0,0.08692081551287248,nr93.png,7.0,0.0,nr49.png,7.0,0.0,nr45.png,6.0,0.0,nr87.png,16
973,14.0,96.0,23.0,7.0,7360.0,3.0,0.0,nr69.png,1.0,0.0,nr41.png,4.0,0.0,nr100.png,7.0,0.0,nr95.png,7.0,0.11376400853890666,nr81.png,7.0,0.07030360078247039,nr65.png,4.0,0.06902535349551638,nr84.png,5.0,0.030677934886896168,nr76.png,7.0,0.0,nr63.png,3.0,0.06455148799117735,nr1.png,7.0,0.1105683903215216,nr8.png,4.0,0.06071674613031532,nr2.png,3.0,0.08692081551287248,nr93.png,7.0,0.0,nr49.png,7.0,0.0,nr45.png,6.0,0.0,nr87.png,16
974,14.0,96.0,24.0,14.0,5207.0,3.0,0.0,nr69.png,1.0,0.0,nr41.png,4.0,0.0,nr100.png,7.0,0.0,nr95.png,7.0,0.11376400853890666,nr81.png,7.0,0.07030360078247039,nr65.png,4.0,0.06902535349551638,nr84.png,5.0,0.030677934886896168,nr76.png,7.0,0.0,nr63.png,3.0,0.06455148799117735,nr1.png,7.0,0.1105683903215216,nr8.png,4.0,0.06071674613031532,nr2.png,3.0,0.08692081551287248,nr93.png,7.0,0.0,nr49.png,7.0,0.0,nr45.png,6.0,0.0,nr87.png,16
975,14.0,96.0,25.0,14.0,4071.0,3.0,0.0,nr69.png,1.0,0.0,nr41.png,4.0,0.0,nr100.png,7.0,0.0,nr95.png,7.0,0.11376400853890666,nr81.png,7.0,0.07030360078247039,nr65.png,4.0,0.06902535349551638,nr84.png,5.0,0.030677934886896168,nr76.png,7.0,0.0,nr63.png,3.0,0.06455148799117735,nr1.png,7.0,0.1105683903215216,nr8.png,4.0,0.06071674613031532,nr2.png,3.0,0.08692081551287248,nr93.png,7.0,0.0,nr49.png,7.0,0.0,nr45.png,6.0,0.0,nr87.png,16
976,14.0,96.0,26.0,5.0,4906.0,3.0,0.0,nr69.png,1.0,0.0,nr41.png,4.0,0.0,nr100.png,7.0,0.0,nr95.png,7.0,0.11376400853890666,nr81.png,7.0,0.07030360078247039,nr65.png,4.0,0.06902535349551638,nr84.png,5.0,0.030677934886896168,nr76.png,7.0,0.0,nr63.png,3.0,0.06455148799117735,nr1.png,7.0,0.1105683903215216,nr8.png,4.0,0.06071674613031532,nr2.png,3.0,0.08692081551287248,nr93.png,7.0,0.0,nr49.png,7.0,0.0,nr45.png,6.0,0.0,nr87.png,16
977,14.0,96.0,27.0,2.0,3521.0,3.0,0.0,nr69.png,1.0,0.0,nr41.png,4.0,0.0,nr100.png,7.0,0.0,nr95.png,7.0,0.11376400853890666,nr81.png,7.0,0.07030360078247039,nr65.png,4.0,0.06902535349551638,nr84.png,5.0,0.030677934886896168,nr76.png,7.0,0.0,nr63.png,3.0,0.06455148799117735,nr1.png,7.0,0.1105683903215216,nr8.png,4.0,0.06071674613031532,nr2.png,3.0,0.08692081551287248,nr93.png,7.0,0.0,nr49.png,7.0,0.0,nr45.png,6.0,0.0,nr87.png,16
978,14.0,96.0,28.0,10.0,4425.0,3.0,0.0,nr69.png,1.0,0.0,nr41.png,4.0,0.0,nr100.png,7.0,0.0,nr95.png,7.0,0.11376400853890666,nr81.png,7.0,0.07030360078247039,nr65.png,4.0,0.06902535349551638,nr84.png,5.0,0.030677934886896168,nr76.png,7.0,0.0,nr63.png,3.0,0.06455148799117735,nr1.png,7.0,0.1105683903215216,nr8.png,4.0,0.06071674613031532,nr2.png,3.0,0.08692081551287248,nr93.png,7.0,0.0,nr49.png,7.0,0.0,nr45.png,6.0,0.0,nr87.png,16
979,14.0,96.0,29.0,8.0,5524.0,3.0,0.0,nr69.png,1.0,0.0,nr41.png,4.0,0.0,nr100.png,7.0,0.0,nr95.png,7.0,0.11376400853890666,nr81.png,7.0,0.07030360078247039,nr65.png,4.0,0.06902535349551638,nr84.png,5.0,0.030677934886896168,nr76.png,7.0,0.0,nr63.png,3.0,0.06455148799117735,nr1.png,7.0,0.1105683903215216,nr8.png,4.0,0.06071674613031532,nr2.png,3.0,0.08692081551287248,nr93.png,7.0,0.0,nr49.png,7.0,0.0,nr45.png,6.0,0.0,nr87.png,16
980,14.0,96.0,30.0,5.0,4617.0,3.0,0.0,nr69.png,1.0,0.0,nr41.png,4.0,0.0,nr100.png,7.0,0.0,nr95.png,7.0,0.11376400853890666,nr81.png,7.0,0.07030360078247039,nr65.png,4.0,0.06902535349551638,nr84.png,5.0,0.030677934886896168,nr76.png,7.0,0.0,nr63.png,3.0,0.06455148799117735,nr1.png,7.0,0.1105683903215216,nr8.png,4.0,0.06071674613031532,nr2.png,3.0,0.08692081551287248,nr93.png,7.0,0.0,nr49.png,7.0,0.0,nr45.png,6.0,0.0,nr87.png,16
981,14.0,96.0,31.0,3.0,4325.0,3.0,0.0,nr69.png,1.0,0.0,nr41.png,4.0,0.0,nr100.png,7.0,0.0,nr95.png,7.0,0.11376400853890666,nr81.png,7.0,0.07030360078247039,nr65.png,4.0,0.06902535349551638,nr84.png,5.0,0.030677934886896168,nr76.png,7.0,0.0,nr63.png,3.0,0.06455148799117735,nr1.png,7.0,0.1105683903215216,nr8.png,4.0,0.06071674613031532,nr2.png,3.0,0.08692081551287248,nr93.png,7.0,0.0,nr49.png,7.0,0.0,nr45.png,6.0,0.0,nr87.png,16
982,14.0,96.0,32.0,5.0,4921.0,3.0,0.0,nr69.png,1.0,0.0,nr41.png,4.0,0.0,nr100.png,7.0,0.0,nr95.png,7.0,0.11376400853890666,nr81.png,7.0,0.07030360078247039,nr65.png,4.0,0.06902535349551638,nr84.png,5.0,0.030677934886896168,nr76.png,7.0,0.0,nr63.png,3.0,0.06455148799117735,nr1.png,7.0,0.1105683903215216,nr8.png,4.0,0.06071674613031532,nr2.png,3.0,0.08692081551287248,nr93.png,7.0,0.0,nr49.png,7.0,0.0,nr45.png,6.0,0.0,nr87.png,16
983,14.0,96.0,33.0,14.0,4190.0,3.0,0.0,nr69.png,1.0,0.0,nr41.png,4.0,0.0,nr100.png,7.0,0.0,nr95.png,7.0,0.11376400853890666,nr81.png,7.0,0.07030360078247039,nr65.png,4.0,0.06902535349551638,nr84.png,5.0,0.030677934886896168,nr76.png,7.0,0.0,nr63.png,3.0,0.06455148799117735,nr1.png,7.0,0.1105683903215216,nr8.png,4.0,0.06071674613031532,nr2.png,3.0,0.08692081551287248,nr93.png,7.0,0.0,nr49.png,7.0,0.0,nr45.png,6.0,0.0,nr87.png,16
984,14.0,96.0,34.0,4.0,6526.0,3.0,0.0,nr69.png,1.0,0.0,nr41.png,4.0,0.0,nr100.png,7.0,0.0,nr95.png,7.0,0.11376400853890666,nr81.png,7.0,0.07030360078247039,nr65.png,4.0,0.06902535349551638,nr84.png,5.0,0.030677934886896168,nr76.png,7.0,0.0,nr63.png,3.0,0.06455148799117735,nr1.png,7.0,0.1105683903215216,nr8.png,4.0,0.06071674613031532,nr2.png,3.0,0.08692081551287248,nr93.png,7.0,0.0,nr49.png,7.0,0.0,nr45.png,6.0,0.0,nr87.png,16
985,14.0,96.0,35.0,14.0,4821.0,3.0,0.0,nr69.png,1.0,0.0,nr41.png,4.0,0.0,nr100.png,7.0,0.0,nr95.png,7.0,0.11376400853890666,nr81.png,7.0,0.07030360078247039,nr65.png,4.0,0.06902535349551638,nr84.png,5.0,0.030677934886896168,nr76.png,7.0,0.0,nr63.png,3.0,0.06455148799117735,nr1.png,7.0,0.1105683903215216,nr8.png,4.0,0.06071674613031532,nr2.png,3.0,0.08692081551287248,nr93.png,7.0,0.0,nr49.png,7.0,0.0,nr45.png,6.0,0.0,nr87.png,16
986,14.0,96.0,36.0,4.0,3475.0,3.0,0.0,nr69.png,1.0,0.0,nr41.png,4.0,0.0,nr100.png,7.0,0.0,nr95.png,7.0,0.11376400853890666,nr81.png,7.0,0.07030360078247039,nr65.png,4.0,0.06902535349551638,nr84.png,5.0,0.030677934886896168,nr76.png,7.0,0.0,nr63.png,3.0,0.06455148799117735,nr1.png,7.0,0.1105683903215216,nr8.png,4.0,0.06071674613031532,nr2.png,3.0,0.08692081551287248,nr93.png,7.0,0.0,nr49.png,7.0,0.0,nr45.png,6.0,0.0,nr87.png,16
987,14.0,96.0,37.0,15.0,7270.0,3.0,0.0,nr69.png,1.0,0.0,nr41.png,4.0,0.0,nr100.png,7.0,0.0,nr95.png,7.0,0.11376400853890666,nr81.png,7.0,0.07030360078247039,nr65.png,4.0,0.06902535349551638,nr84.png,5.0,0.030677934886896168,nr76.png,7.0,0.0,nr63.png,3.0,0.06455148799117735,nr1.png,7.0,0.1105683903215216,nr8.png,4.0,0.06071674613031532,nr2.png,3.0,0.08692081551287248,nr93.png,7.0,0.0,nr49.png,7.0,0.0,nr45.png,6.0,0.0,nr87.png,16
988,14.0,96.0,38.0,10.0,3697.0,3.0,0.0,nr69.png,1.0,0.0,nr41.png,4.0,0.0,nr100.png,7.0,0.0,nr95.png,7.0,0.11376400853890666,nr81.png,7.0,0.07030360078247039,nr65.png,4.0,0.06902535349551638,nr84.png,5.0,0.030677934886896168,nr76.png,7.0,0.0,nr63.png,3.0,0.06455148799117735,nr1.png,7.0,0.1105683903215216,nr8.png,4.0,0.06071674613031532,nr2.png,3.0,0.08692081551287248,nr93.png,7.0,0.0,nr49.png,7.0,0.0,nr45.png,6.0,0.0,nr87.png,16
989,14.0,96.0,39.0,6.0,5438.0,3.0,0.0,nr69.png,1.0,0.0,nr41.png,4.0,0.0,nr100.png,7.0,0.0,nr95.png,7.0,0.11376400853890666,nr81.png,7.0,0.07030360078247039,nr65.png,4.0,0.06902535349551638,nr84.png,5.0,0.030677934886896168,nr76.png,7.0,0.0,nr63.png,3.0,0.06455148799117735,nr1.png,7.0,0.1105683903215216,nr8.png,4.0,0.06071674613031532,nr2.png,3.0,0.08692081551287248,nr93.png,7.0,0.0,nr49.png,7.0,0.0,nr45.png,6.0,0.0,nr87.png,16
990,14.0,96.0,40.0,13.0,2602.0,3.0,0.0,nr69.png,1.0,0.0,nr41.png,4.0,0.0,nr100.png,7.0,0.0,nr95.png,7.0,0.11376400853890666,nr81.png,7.0,0.07030360078247039,nr65.png,4.0,0.06902535349551638,nr84.png,5.0,0.030677934886896168,nr76.png,7.0,0.0,nr63.png,3.0,0.06455148799117735,nr1.png,7.0,0.1105683903215216,nr8.png,4.0,0.06071674613031532,nr2.png,3.0,0.08692081551287248,nr93.png,7.0,0.0,nr49.png,7.0,0.0,nr45.png,6.0,0.0,nr87.png,16
991,14.0,96.0,41.0,5.0,4677.0,3.0,0.0,nr69.png,1.0,0.0,nr41.png,4.0,0.0,nr100.png,7.0,0.0,nr95.png,7.0,0.11376400853890666,nr81.png,7.0,0.07030360078247039,nr65.png,4.0,0.06902535349551638,nr84.png,5.0,0.030677934886896168,nr76.png,7.0,0.0,nr63.png,3.0,0.06455148799117735,nr1.png,7.0,0.1105683903215216,nr8.png,4.0,0.06071674613031532,nr2.png,3.0,0.08692081551287248,nr93.png,7.0,0.0,nr49.png,7.0,0.0,nr45.png,6.0,0.0,nr87.png,16
992,14.0,96.0,42.0,7.0,3728.0,3.0,0.0,nr69.png,1.0,0.0,nr41.png,4.0,0.0,nr100.png,7.0,0.0,nr95.png,7.0,0.11376400853890666,nr81.png,7.0,0.07030360078247039,nr65.png,4.0,0.06902535349551638,nr84.png,5.0,0.030677934886896168,nr76.png,7.0,0.0,nr63.png,3.0,0.06455148799117735,nr1.png,7.0,0.1105683903215216,nr8.png,4.0,0.06071674613031532,nr2.png,3.0,0.08692081551287248,nr93.png,7.0,0.0,nr49.png,7.0,0.0,nr45.png,6.0,0.0,nr87.png,16
993,14.0,96.0,43.0,4.0,4134.0,3.0,0.0,nr69.png,1.0,0.0,nr41.png,4.0,0.0,nr100.png,7.0,0.0,nr95.png,7.0,0.11376400853890666,nr81.png,7.0,0.07030360078247039,nr65.png,4.0,0.06902535349551638,nr84.png,5.0,0.030677934886896168,nr76.png,7.0,0.0,nr63.png,3.0,0.06455148799117735,nr1.png,7.0,0.1105683903215216,nr8.png,4.0,0.06071674613031532,nr2.png,3.0,0.08692081551287248,nr93.png,7.0,0.0,nr49.png,7.0,0.0,nr45.png,6.0,0.0,nr87.png,16
994,14.0,96.0,44.0,10.0,3716.0,3.0,0.0,nr69.png,1.0,0.0,nr41.png,4.0,0.0,nr100.png,7.0,0.0,nr95.png,7.0,0.11376400853890666,nr81.png,7.0,0.07030360078247039,nr65.png,4.0,0.06902535349551638,nr84.png,5.0,0.030677934886896168,nr76.png,7.0,0.0,nr63.png,3.0,0.06455148799117735,nr1.png,7.0,0.1105683903215216,nr8.png,4.0,0.06071674613031532,nr2.png,3.0,0.08692081551287248,nr93.png,7.0,0.0,nr49.png,7.0,0.0,nr45.png,6.0,0.0,nr87.png,16
995,14.0,96.0,45.0,5.0,6107.0,3.0,0.0,nr69.png,1.0,0.0,nr41.png,4.0,0.0,nr100.png,7.0,0.0,nr95.png,7.0,0.11376400853890666,nr81.png,7.0,0.07030360078247039,nr65.png,4.0,0.06902535349551638,nr84.png,5.0,0.030677934886896168,nr76.png,7.0,0.0,nr63.png,3.0,0.06455148799117735,nr1.png,7.0,0.1105683903215216,nr8.png,4.0,0.06071674613031532,nr2.png,3.0,0.08692081551287248,nr93.png,7.0,0.0,nr49.png,7.0,0.0,nr45.png,6.0,0.0,nr87.png,16
996,14.0,96.0,46.0,4.0,3917.0,3.0,0.0,nr69.png,1.0,0.0,nr41.png,4.0,0.0,nr100.png,7.0,0.0,nr95.png,7.0,0.11376400853890666,nr81.png,7.0,0.07030360078247039,nr65.png,4.0,0.06902535349551638,nr84.png,5.0,0.030677934886896168,nr76.png,7.0,0.0,nr63.png,3.0,0.06455148799117735,nr1.png,7.0,0.1105683903215216,nr8.png,4.0,0.06071674613031532,nr2.png,3.0,0.08692081551287248,nr93.png,7.0,0.0,nr49.png,7.0,0.0,nr45.png,6.0,0.0,nr87.png,16
997,14.0,96.0,47.0,4.0,3342.0,3.0,0.0,nr69.png,1.0,0.0,nr41.png,4.0,0.0,nr100.png,7.0,0.0,nr95.png,7.0,0.11376400853890666,nr81.png,7.0,0.07030360078247039,nr65.png,4.0,0.06902535349551638,nr84.png,5.0,0.030677934886896168,nr76.png,7.0,0.0,nr63.png,3.0,0.06455148799117735,nr1.png,7.0,0.1105683903215216,nr8.png,4.0,0.06071674613031532,nr2.png,3.0,0.08692081551287248,nr93.png,7.0,0.0,nr49.png,7.0,0.0,nr45.png,6.0,0.0,nr87.png,16
998,14.0,96.0,48.0,13.0,4445.0,3.0,0.0,nr69.png,1.0,0.0,nr41.png,4.0,0.0,nr100.png,7.0,0.0,nr95.png,7.0,0.11376400853890666,nr81.png,7.0,0.07030360078247039,nr65.png,4.0,0.06902535349551638,nr84.png,5.0,0.030677934886896168,nr76.png,7.0,0.0,nr63.png,3.0,0.06455148799117735,nr1.png,7.0,0.1105683903215216,nr8.png,4.0,0.06071674613031532,nr2.png,3.0,0.08692081551287248,nr93.png,7.0,0.0,nr49.png,7.0,0.0,nr45.png,6.0,0.0,nr87.png,16
999,14.0,96.0,49.0,10.0,3969.0,3.0,0.0,nr69.png,1.0,0.0,nr41.png,4.0,0.0,nr100.png,7.0,0.0,nr95.png,7.0,0.11376400853890666,nr81.png,7.0,0.07030360078247039,nr65.png,4.0,0.06902535349551638,nr84.png,5.0,0.030677934886896168,nr76.png,7.0,0.0,nr63.png,3.0,0.06455148799117735,nr1.png,7.0,0.1105683903215216,nr8.png,4.0,0.06071674613031532,nr2.png,3.0,0.08692081551287248,nr93.png,7.0,0.0,nr49.png,7.0,0.0,nr45.png,6.0,0.0,nr87.png,16
1000,14.0,97.0,0.0,10.0,5061.0,6.0,0.17769488407515496,nr99.png,6.0,0.07459384171069339,nr9.png,7.0,0.05273832120947112,nr95.png,1.0,0.09644936221191563,nr124.png,4.0,0.0,nr113.png,7.0,0.037059360849898616,nr28.png,6.0,0.02328088053391068,nr20.png,5.0,0.04893736112230203,nr76.png,4.0,0.0,nr2.png,7.0,0.0,nr27.png,7.0,0.16629200381364767,nr45.png,1.0,0.05606416128574408,nr102.png,1.0,0.0,nr92.png,5.0,0.0,nr3.png,3.0,0.0,nr7.png,7.0,0.0,nr63.png,16
1001,14.0,97.0,1.0,0.0,3165.0,6.0,0.17769488407515496,nr99.png,6.0,0.07459384171069339,nr9.png,7.0,0.05273832120947112,nr95.png,1.0,0.09644936221191563,nr124.png,4.0,0.0,nr113.png,7.0,0.037059360849898616,nr28.png,6.0,0.02328088053391068,nr20.png,5.0,0.04893736112230203,nr76.png,4.0,0.0,nr2.png,7.0,0.0,nr27.png,7.0,0.16629200381364767,nr45.png,1.0,0.05606416128574408,nr102.png,1.0,0.0,nr92.png,5.0,0.0,nr3.png,3.0,0.0,nr7.png,7.0,0.0,nr63.png,16
1002,14.0,97.0,2.0,6.0,3363.0,6.0,0.17769488407515496,nr99.png,6.0,0.07459384171069339,nr9.png,7.0,0.05273832120947112,nr95.png,1.0,0.09644936221191563,nr124.png,4.0,0.0,nr113.png,7.0,0.037059360849898616,nr28.png,6.0,0.02328088053391068,nr20.png,5.0,0.04893736112230203,nr76.png,4.0,0.0,nr2.png,7.0,0.0,nr27.png,7.0,0.16629200381364767,nr45.png,1.0,0.05606416128574408,nr102.png,1.0,0.0,nr92.png,5.0,0.0,nr3.png,3.0,0.0,nr7.png,7.0,0.0,nr63.png,16
1003,14.0,97.0,3.0,5.0,3847.0,6.0,0.17769488407515496,nr99.png,6.0,0.07459384171069339,nr9.png,7.0,0.05273832120947112,nr95.png,1.0,0.09644936221191563,nr124.png,4.0,0.0,nr113.png,7.0,0.037059360849898616,nr28.png,6.0,0.02328088053391068,nr20.png,5.0,0.04893736112230203,nr76.png,4.0,0.0,nr2.png,7.0,0.0,nr27.png,7.0,0.16629200381364767,nr45.png,1.0,0.05606416128574408,nr102.png,1.0,0.0,nr92.png,5.0,0.0,nr3.png,3.0,0.0,nr7.png,7.0,0.0,nr63.png,16
1004,14.0,97.0,4.0,10.0,4764.0,6.0,0.17769488407515496,nr99.png,6.0,0.07459384171069339,nr9.png,7.0,0.05273832120947112,nr95.png,1.0,0.09644936221191563,nr124.png,4.0,0.0,nr113.png,7.0,0.037059360849898616,nr28.png,6.0,0.02328088053391068,nr20.png,5.0,0.04893736112230203,nr76.png,4.0,0.0,nr2.png,7.0,0.0,nr27.png,7.0,0.16629200381364767,nr45.png,1.0,0.05606416128574408,nr102.png,1.0,0.0,nr92.png,5.0,0.0,nr3.png,3.0,0.0,nr7.png,7.0,0.0,nr63.png,16
1005,14.0,97.0,5.0,10.0,3346.0,6.0,0.17769488407515496,nr99.png,6.0,0.07459384171069339,nr9.png,7.0,0.05273832120947112,nr95.png,1.0,0.09644936221191563,nr124.png,4.0,0.0,nr113.png,7.0,0.037059360849898616,nr28.png,6.0,0.02328088053391068,nr20.png,5.0,0.04893736112230203,nr76.png,4.0,0.0,nr2.png,7.0,0.0,nr27.png,7.0,0.16629200381364767,nr45.png,1.0,0.05606416128574408,nr102.png,1.0,0.0,nr92.png,5.0,0.0,nr3.png,3.0,0.0,nr7.png,7.0,0.0,nr63.png,16
1006,14.0,97.0,6.0,0.0,5168.0,6.0,0.17769488407515496,nr99.png,6.0,0.07459384171069339,nr9.png,7.0,0.05273832120947112,nr95.png,1.0,0.09644936221191563,nr124.png,4.0,0.0,nr113.png,7.0,0.037059360849898616,nr28.png,6.0,0.02328088053391068,nr20.png,5.0,0.04893736112230203,nr76.png,4.0,0.0,nr2.png,7.0,0.0,nr27.png,7.0,0.16629200381364767,nr45.png,1.0,0.05606416128574408,nr102.png,1.0,0.0,nr92.png,5.0,0.0,nr3.png,3.0,0.0,nr7.png,7.0,0.0,nr63.png,16
1007,14.0,97.0,7.0,10.0,3667.0,6.0,0.17769488407515496,nr99.png,6.0,0.07459384171069339,nr9.png,7.0,0.05273832120947112,nr95.png,1.0,0.09644936221191563,nr124.png,4.0,0.0,nr113.png,7.0,0.037059360849898616,nr28.png,6.0,0.02328088053391068,nr20.png,5.0,0.04893736112230203,nr76.png,4.0,0.0,nr2.png,7.0,0.0,nr27.png,7.0,0.16629200381364767,nr45.png,1.0,0.05606416128574408,nr102.png,1.0,0.0,nr92.png,5.0,0.0,nr3.png,3.0,0.0,nr7.png,7.0,0.0,nr63.png,16
1008,14.0,97.0,8.0,10.0,2631.0,6.0,0.17769488407515496,nr99.png,6.0,0.07459384171069339,nr9.png,7.0,0.05273832120947112,nr95.png,1.0,0.09644936221191563,nr124.png,4.0,0.0,nr113.png,7.0,0.037059360849898616,nr28.png,6.0,0.02328088053391068,nr20.png,5.0,0.04893736112230203,nr76.png,4.0,0.0,nr2.png,7.0,0.0,nr27.png,7.0,0.16629200381364767,nr45.png,1.0,0.05606416128574408,nr102.png,1.0,0.0,nr92.png,5.0,0.0,nr3.png,3.0,0.0,nr7.png,7.0,0.0,nr63.png,16
1009,14.0,97.0,9.0,10.0,3377.0,6.0,0.17769488407515496,nr99.png,6.0,0.07459384171069339,nr9.png,7.0,0.05273832120947112,nr95.png,1.0,0.09644936221191563,nr124.png,4.0,0.0,nr113.png,7.0,0.037059360849898616,nr28.png,6.0,0.02328088053391068,nr20.png,5.0,0.04893736112230203,nr76.png,4.0,0.0,nr2.png,7.0,0.0,nr27.png,7.0,0.16629200381364767,nr45.png,1.0,0.05606416128574408,nr102.png,1.0,0.0,nr92.png,5.0,0.0,nr3.png,3.0,0.0,nr7.png,7.0,0.0,nr63.png,16
1010,14.0,97.0,10.0,5.0,3473.0,6.0,0.17769488407515496,nr99.png,6.0,0.07459384171069339,nr9.png,7.0,0.05273832120947112,nr95.png,1.0,0.09644936221191563,nr124.png,4.0,0.0,nr113.png,7.0,0.037059360849898616,nr28.png,6.0,0.02328088053391068,nr20.png,5.0,0.04893736112230203,nr76.png,4.0,0.0,nr2.png,7.0,0.0,nr27.png,7.0,0.16629200381364767,nr45.png,1.0,0.05606416128574408,nr102.png,1.0,0.0,nr92.png,5.0,0.0,nr3.png,3.0,0.0,nr7.png,7.0,0.0,nr63.png,16
1011,14.0,97.0,11.0,10.0,4051.0,6.0,0.17769488407515496,nr99.png,6.0,0.07459384171069339,nr9.png,7.0,0.05273832120947112,nr95.png,1.0,0.09644936221191563,nr124.png,4.0,0.0,nr113.png,7.0,0.037059360849898616,nr28.png,6.0,0.02328088053391068,nr20.png,5.0,0.04893736112230203,nr76.png,4.0,0.0,nr2.png,7.0,0.0,nr27.png,7.0,0.16629200381364767,nr45.png,1.0,0.05606416128574408,nr102.png,1.0,0.0,nr92.png,5.0,0.0,nr3.png,3.0,0.0,nr7.png,7.0,0.0,nr63.png,16
1012,14.0,97.0,12.0,2.0,4271.0,6.0,0.17769488407515496,nr99.png,6.0,0.07459384171069339,nr9.png,7.0,0.05273832120947112,nr95.png,1.0,0.09644936221191563,nr124.png,4.0,0.0,nr113.png,7.0,0.037059360849898616,nr28.png,6.0,0.02328088053391068,nr20.png,5.0,0.04893736112230203,nr76.png,4.0,0.0,nr2.png,7.0,0.0,nr27.png,7.0,0.16629200381364767,nr45.png,1.0,0.05606416128574408,nr102.png,1.0,0.0,nr92.png,5.0,0.0,nr3.png,3.0,0.0,nr7.png,7.0,0.0,nr63.png,16
1013,14.0,97.0,13.0,15.0,5009.0,6.0,0.17769488407515496,nr99.png,6.0,0.07459384171069339,nr9.png,7.0,0.05273832120947112,nr95.png,1.0,0.09644936221191563,nr124.png,4.0,0.0,nr113.png,7.0,0.037059360849898616,nr28.png,6.0,0.02328088053391068,nr20.png,5.0,0.04893736112230203,nr76.png,4.0,0.0,nr2.png,7.0,0.0,nr27.png,7.0,0.16629200381364767,nr45.png,1.0,0.05606416128574408,nr102.png,1.0,0.0,nr92.png,5.0,0.0,nr3.png,3.0,0.0,nr7.png,7.0,0.0,nr63.png,16
1014,14.0,97.0,14.0,10.0,2719.0,6.0,0.17769488407515496,nr99.png,6.0,0.07459384171069339,nr9.png,7.0,0.05273832120947112,nr95.png,1.0,0.09644936221191563,nr124.png,4.0,0.0,nr113.png,7.0,0.037059360849898616,nr28.png,6.0,0.02328088053391068,nr20.png,5.0,0.04893736112230203,nr76.png,4.0,0.0,nr2.png,7.0,0.0,nr27.png,7.0,0.16629200381364767,nr45.png,1.0,0.05606416128574408,nr102.png,1.0,0.0,nr92.png,5.0,0.0,nr3.png,3.0,0.0,nr7.png,7.0,0.0,nr63.png,16
1015,14.0,97.0,15.0,10.0,3661.0,6.0,0.17769488407515496,nr99.png,6.0,0.07459384171069339,nr9.png,7.0,0.05273832120947112,nr95.png,1.0,0.09644936221191563,nr124.png,4.0,0.0,nr113.png,7.0,0.037059360849898616,nr28.png,6.0,0.02328088053391068,nr20.png,5.0,0.04893736112230203,nr76.png,4.0,0.0,nr2.png,7.0,0.0,nr27.png,7.0,0.16629200381364767,nr45.png,1.0,0.05606416128574408,nr102.png,1.0,0.0,nr92.png,5.0,0.0,nr3.png,3.0,0.0,nr7.png,7.0,0.0,nr63.png,16
1016,14.0,97.0,16.0,10.0,3714.0,6.0,0.17769488407515496,nr99.png,6.0,0.07459384171069339,nr9.png,7.0,0.05273832120947112,nr95.png,1.0,0.09644936221191563,nr124.png,4.0,0.0,nr113.png,7.0,0.037059360849898616,nr28.png,6.0,0.02328088053391068,nr20.png,5.0,0.04893736112230203,nr76.png,4.0,0.0,nr2.png,7.0,0.0,nr27.png,7.0,0.16629200381364767,nr45.png,1.0,0.05606416128574408,nr102.png,1.0,0.0,nr92.png,5.0,0.0,nr3.png,3.0,0.0,nr7.png,7.0,0.0,nr63.png,16
1017,14.0,97.0,17.0,4.0,6524.0,6.0,0.17769488407515496,nr99.png,6.0,0.07459384171069339,nr9.png,7.0,0.05273832120947112,nr95.png,1.0,0.09644936221191563,nr124.png,4.0,0.0,nr113.png,7.0,0.037059360849898616,nr28.png,6.0,0.02328088053391068,nr20.png,5.0,0.04893736112230203,nr76.png,4.0,0.0,nr2.png,7.0,0.0,nr27.png,7.0,0.16629200381364767,nr45.png,1.0,0.05606416128574408,nr102.png,1.0,0.0,nr92.png,5.0,0.0,nr3.png,3.0,0.0,nr7.png,7.0,0.0,nr63.png,16
1018,14.0,97.0,18.0,10.0,4345.0,6.0,0.17769488407515496,nr99.png,6.0,0.07459384171069339,nr9.png,7.0,0.05273832120947112,nr95.png,1.0,0.09644936221191563,nr124.png,4.0,0.0,nr113.png,7.0,0.037059360849898616,nr28.png,6.0,0.02328088053391068,nr20.png,5.0,0.04893736112230203,nr76.png,4.0,0.0,nr2.png,7.0,0.0,nr27.png,7.0,0.16629200381364767,nr45.png,1.0,0.05606416128574408,nr102.png,1.0,0.0,nr92.png,5.0,0.0,nr3.png,3.0,0.0,nr7.png,7.0,0.0,nr63.png,16
1019,14.0,97.0,19.0,2.0,5048.0,6.0,0.17769488407515496,nr99.png,6.0,0.07459384171069339,nr9.png,7.0,0.05273832120947112,nr95.png,1.0,0.09644936221191563,nr124.png,4.0,0.0,nr113.png,7.0,0.037059360849898616,nr28.png,6.0,0.02328088053391068,nr20.png,5.0,0.04893736112230203,nr76.png,4.0,0.0,nr2.png,7.0,0.0,nr27.png,7.0,0.16629200381364767,nr45.png,1.0,0.05606416128574408,nr102.png,1.0,0.0,nr92.png,5.0,0.0,nr3.png,3.0,0.0,nr7.png,7.0,0.0,nr63.png,16
1020,14.0,97.0,20.0,10.0,5788.0,6.0,0.17769488407515496,nr99.png,6.0,0.07459384171069339,nr9.png,7.0,0.05273832120947112,nr95.png,1.0,0.09644936221191563,nr124.png,4.0,0.0,nr113.png,7.0,0.037059360849898616,nr28.png,6.0,0.02328088053391068,nr20.png,5.0,0.04893736112230203,nr76.png,4.0,0.0,nr2.png,7.0,0.0,nr27.png,7.0,0.16629200381364767,nr45.png,1.0,0.05606416128574408,nr102.png,1.0,0.0,nr92.png,5.0,0.0,nr3.png,3.0,0.0,nr7.png,7.0,0.0,nr63.png,16
1021,14.0,97.0,21.0,5.0,4850.0,6.0,0.17769488407515496,nr99.png,6.0,0.07459384171069339,nr9.png,7.0,0.05273832120947112,nr95.png,1.0,0.09644936221191563,nr124.png,4.0,0.0,nr113.png,7.0,0.037059360849898616,nr28.png,6.0,0.02328088053391068,nr20.png,5.0,0.04893736112230203,nr76.png,4.0,0.0,nr2.png,7.0,0.0,nr27.png,7.0,0.16629200381364767,nr45.png,1.0,0.05606416128574408,nr102.png,1.0,0.0,nr92.png,5.0,0.0,nr3.png,3.0,0.0,nr7.png,7.0,0.0,nr63.png,16
1022,14.0,97.0,22.0,10.0,4401.0,6.0,0.17769488407515496,nr99.png,6.0,0.07459384171069339,nr9.png,7.0,0.05273832120947112,nr95.png,1.0,0.09644936221191563,nr124.png,4.0,0.0,nr113.png,7.0,0.037059360849898616,nr28.png,6.0,0.02328088053391068,nr20.png,5.0,0.04893736112230203,nr76.png,4.0,0.0,nr2.png,7.0,0.0,nr27.png,7.0,0.16629200381364767,nr45.png,1.0,0.05606416128574408,nr102.png,1.0,0.0,nr92.png,5.0,0.0,nr3.png,3.0,0.0,nr7.png,7.0,0.0,nr63.png,16
1023,14.0,97.0,23.0,9.0,5464.0,6.0,0.17769488407515496,nr99.png,6.0,0.07459384171069339,nr9.png,7.0,0.05273832120947112,nr95.png,1.0,0.09644936221191563,nr124.png,4.0,0.0,nr113.png,7.0,0.037059360849898616,nr28.png,6.0,0.02328088053391068,nr20.png,5.0,0.04893736112230203,nr76.png,4.0,0.0,nr2.png,7.0,0.0,nr27.png,7.0,0.16629200381364767,nr45.png,1.0,0.05606416128574408,nr102.png,1.0,0.0,nr92.png,5.0,0.0,nr3.png,3.0,0.0,nr7.png,7.0,0.0,nr63.png,16
1024,14.0,97.0,24.0,2.0,4970.0,6.0,0.17769488407515496,nr99.png,6.0,0.07459384171069339,nr9.png,7.0,0.05273832120947112,nr95.png,1.0,0.09644936221191563,nr124.png,4.0,0.0,nr113.png,7.0,0.037059360849898616,nr28.png,6.0,0.02328088053391068,nr20.png,5.0,0.04893736112230203,nr76.png,4.0,0.0,nr2.png,7.0,0.0,nr27.png,7.0,0.16629200381364767,nr45.png,1.0,0.05606416128574408,nr102.png,1.0,0.0,nr92.png,5.0,0.0,nr3.png,3.0,0.0,nr7.png,7.0,0.0,nr63.png,16
1025,14.0,97.0,25.0,9.0,5572.0,6.0,0.17769488407515496,nr99.png,6.0,0.07459384171069339,nr9.png,7.0,0.05273832120947112,nr95.png,1.0,0.09644936221191563,nr124.png,4.0,0.0,nr113.png,7.0,0.037059360849898616,nr28.png,6.0,0.02328088053391068,nr20.png,5.0,0.04893736112230203,nr76.png,4.0,0.0,nr2.png,7.0,0.0,nr27.png,7.0,0.16629200381364767,nr45.png,1.0,0.05606416128574408,nr102.png,1.0,0.0,nr92.png,5.0,0.0,nr3.png,3.0,0.0,nr7.png,7.0,0.0,nr63.png,16
1026,14.0,97.0,26.0,0.0,5702.0,6.0,0.17769488407515496,nr99.png,6.0,0.07459384171069339,nr9.png,7.0,0.05273832120947112,nr95.png,1.0,0.09644936221191563,nr124.png,4.0,0.0,nr113.png,7.0,0.037059360849898616,nr28.png,6.0,0.02328088053391068,nr20.png,5.0,0.04893736112230203,nr76.png,4.0,0.0,nr2.png,7.0,0.0,nr27.png,7.0,0.16629200381364767,nr45.png,1.0,0.05606416128574408,nr102.png,1.0,0.0,nr92.png,5.0,0.0,nr3.png,3.0,0.0,nr7.png,7.0,0.0,nr63.png,16
1027,14.0,97.0,27.0,13.0,4271.0,6.0,0.17769488407515496,nr99.png,6.0,0.07459384171069339,nr9.png,7.0,0.05273832120947112,nr95.png,1.0,0.09644936221191563,nr124.png,4.0,0.0,nr113.png,7.0,0.037059360849898616,nr28.png,6.0,0.02328088053391068,nr20.png,5.0,0.04893736112230203,nr76.png,4.0,0.0,nr2.png,7.0,0.0,nr27.png,7.0,0.16629200381364767,nr45.png,1.0,0.05606416128574408,nr102.png,1.0,0.0,nr92.png,5.0,0.0,nr3.png,3.0,0.0,nr7.png,7.0,0.0,nr63.png,16
1028,14.0,97.0,28.0,10.0,3845.0,6.0,0.17769488407515496,nr99.png,6.0,0.07459384171069339,nr9.png,7.0,0.05273832120947112,nr95.png,1.0,0.09644936221191563,nr124.png,4.0,0.0,nr113.png,7.0,0.037059360849898616,nr28.png,6.0,0.02328088053391068,nr20.png,5.0,0.04893736112230203,nr76.png,4.0,0.0,nr2.png,7.0,0.0,nr27.png,7.0,0.16629200381364767,nr45.png,1.0,0.05606416128574408,nr102.png,1.0,0.0,nr92.png,5.0,0.0,nr3.png,3.0,0.0,nr7.png,7.0,0.0,nr63.png,16
1029,14.0,97.0,29.0,10.0,5045.0,6.0,0.17769488407515496,nr99.png,6.0,0.07459384171069339,nr9.png,7.0,0.05273832120947112,nr95.png,1.0,0.09644936221191563,nr124.png,4.0,0.0,nr113.png,7.0,0.037059360849898616,nr28.png,6.0,0.02328088053391068,nr20.png,5.0,0.04893736112230203,nr76.png,4.0,0.0,nr2.png,7.0,0.0,nr27.png,7.0,0.16629200381364767,nr45.png,1.0,0.05606416128574408,nr102.png,1.0,0.0,nr92.png,5.0,0.0,nr3.png,3.0,0.0,nr7.png,7.0,0.0,nr63.png,16
1030,14.0,97.0,30.0,10.0,5504.0,6.0,0.17769488407515496,nr99.png,6.0,0.07459384171069339,nr9.png,7.0,0.05273832120947112,nr95.png,1.0,0.09644936221191563,nr124.png,4.0,0.0,nr113.png,7.0,0.037059360849898616,nr28.png,6.0,0.02328088053391068,nr20.png,5.0,0.04893736112230203,nr76.png,4.0,0.0,nr2.png,7.0,0.0,nr27.png,7.0,0.16629200381364767,nr45.png,1.0,0.05606416128574408,nr102.png,1.0,0.0,nr92.png,5.0,0.0,nr3.png,3.0,0.0,nr7.png,7.0,0.0,nr63.png,16
1031,14.0,97.0,31.0,0.0,5146.0,6.0,0.17769488407515496,nr99.png,6.0,0.07459384171069339,nr9.png,7.0,0.05273832120947112,nr95.png,1.0,0.09644936221191563,nr124.png,4.0,0.0,nr113.png,7.0,0.037059360849898616,nr28.png,6.0,0.02328088053391068,nr20.png,5.0,0.04893736112230203,nr76.png,4.0,0.0,nr2.png,7.0,0.0,nr27.png,7.0,0.16629200381364767,nr45.png,1.0,0.05606416128574408,nr102.png,1.0,0.0,nr92.png,5.0,0.0,nr3.png,3.0,0.0,nr7.png,7.0,0.0,nr63.png,16
1032,14.0,97.0,32.0,2.0,3782.0,6.0,0.17769488407515496,nr99.png,6.0,0.07459384171069339,nr9.png,7.0,0.05273832120947112,nr95.png,1.0,0.09644936221191563,nr124.png,4.0,0.0,nr113.png,7.0,0.037059360849898616,nr28.png,6.0,0.02328088053391068,nr20.png,5.0,0.04893736112230203,nr76.png,4.0,0.0,nr2.png,7.0,0.0,nr27.png,7.0,0.16629200381364767,nr45.png,1.0,0.05606416128574408,nr102.png,1.0,0.0,nr92.png,5.0,0.0,nr3.png,3.0,0.0,nr7.png,7.0,0.0,nr63.png,16
1033,14.0,97.0,33.0,2.0,6283.0,6.0,0.17769488407515496,nr99.png,6.0,0.07459384171069339,nr9.png,7.0,0.05273832120947112,nr95.png,1.0,0.09644936221191563,nr124.png,4.0,0.0,nr113.png,7.0,0.037059360849898616,nr28.png,6.0,0.02328088053391068,nr20.png,5.0,0.04893736112230203,nr76.png,4.0,0.0,nr2.png,7.0,0.0,nr27.png,7.0,0.16629200381364767,nr45.png,1.0,0.05606416128574408,nr102.png,1.0,0.0,nr92.png,5.0,0.0,nr3.png,3.0,0.0,nr7.png,7.0,0.0,nr63.png,16
1034,14.0,97.0,34.0,5.0,4140.0,6.0,0.17769488407515496,nr99.png,6.0,0.07459384171069339,nr9.png,7.0,0.05273832120947112,nr95.png,1.0,0.09644936221191563,nr124.png,4.0,0.0,nr113.png,7.0,0.037059360849898616,nr28.png,6.0,0.02328088053391068,nr20.png,5.0,0.04893736112230203,nr76.png,4.0,0.0,nr2.png,7.0,0.0,nr27.png,7.0,0.16629200381364767,nr45.png,1.0,0.05606416128574408,nr102.png,1.0,0.0,nr92.png,5.0,0.0,nr3.png,3.0,0.0,nr7.png,7.0,0.0,nr63.png,16
1035,14.0,97.0,35.0,2.0,3636.0,6.0,0.17769488407515496,nr99.png,6.0,0.07459384171069339,nr9.png,7.0,0.05273832120947112,nr95.png,1.0,0.09644936221191563,nr124.png,4.0,0.0,nr113.png,7.0,0.037059360849898616,nr28.png,6.0,0.02328088053391068,nr20.png,5.0,0.04893736112230203,nr76.png,4.0,0.0,nr2.png,7.0,0.0,nr27.png,7.0,0.16629200381364767,nr45.png,1.0,0.05606416128574408,nr102.png,1.0,0.0,nr92.png,5.0,0.0,nr3.png,3.0,0.0,nr7.png,7.0,0.0,nr63.png,16
1036,14.0,97.0,36.0,5.0,5430.0,6.0,0.17769488407515496,nr99.png,6.0,0.07459384171069339,nr9.png,7.0,0.05273832120947112,nr95.png,1.0,0.09644936221191563,nr124.png,4.0,0.0,nr113.png,7.0,0.037059360849898616,nr28.png,6.0,0.02328088053391068,nr20.png,5.0,0.04893736112230203,nr76.png,4.0,0.0,nr2.png,7.0,0.0,nr27.png,7.0,0.16629200381364767,nr45.png,1.0,0.05606416128574408,nr102.png,1.0,0.0,nr92.png,5.0,0.0,nr3.png,3.0,0.0,nr7.png,7.0,0.0,nr63.png,16
1037,14.0,97.0,37.0,10.0,4952.0,6.0,0.17769488407515496,nr99.png,6.0,0.07459384171069339,nr9.png,7.0,0.05273832120947112,nr95.png,1.0,0.09644936221191563,nr124.png,4.0,0.0,nr113.png,7.0,0.037059360849898616,nr28.png,6.0,0.02328088053391068,nr20.png,5.0,0.04893736112230203,nr76.png,4.0,0.0,nr2.png,7.0,0.0,nr27.png,7.0,0.16629200381364767,nr45.png,1.0,0.05606416128574408,nr102.png,1.0,0.0,nr92.png,5.0,0.0,nr3.png,3.0,0.0,nr7.png,7.0,0.0,nr63.png,16
1038,14.0,97.0,38.0,5.0,3986.0,6.0,0.17769488407515496,nr99.png,6.0,0.07459384171069339,nr9.png,7.0,0.05273832120947112,nr95.png,1.0,0.09644936221191563,nr124.png,4.0,0.0,nr113.png,7.0,0.037059360849898616,nr28.png,6.0,0.02328088053391068,nr20.png,5.0,0.04893736112230203,nr76.png,4.0,0.0,nr2.png,7.0,0.0,nr27.png,7.0,0.16629200381364767,nr45.png,1.0,0.05606416128574408,nr102.png,1.0,0.0,nr92.png,5.0,0.0,nr3.png,3.0,0.0,nr7.png,7.0,0.0,nr63.png,16
1039,14.0,97.0,39.0,9.0,4018.0,6.0,0.17769488407515496,nr99.png,6.0,0.07459384171069339,nr9.png,7.0,0.05273832120947112,nr95.png,1.0,0.09644936221191563,nr124.png,4.0,0.0,nr113.png,7.0,0.037059360849898616,nr28.png,6.0,0.02328088053391068,nr20.png,5.0,0.04893736112230203,nr76.png,4.0,0.0,nr2.png,7.0,0.0,nr27.png,7.0,0.16629200381364767,nr45.png,1.0,0.05606416128574408,nr102.png,1.0,0.0,nr92.png,5.0,0.0,nr3.png,3.0,0.0,nr7.png,7.0,0.0,nr63.png,16
1040,14.0,97.0,40.0,15.0,5183.0,6.0,0.17769488407515496,nr99.png,6.0,0.07459384171069339,nr9.png,7.0,0.05273832120947112,nr95.png,1.0,0.09644936221191563,nr124.png,4.0,0.0,nr113.png,7.0,0.037059360849898616,nr28.png,6.0,0.02328088053391068,nr20.png,5.0,0.04893736112230203,nr76.png,4.0,0.0,nr2.png,7.0,0.0,nr27.png,7.0,0.16629200381364767,nr45.png,1.0,0.05606416128574408,nr102.png,1.0,0.0,nr92.png,5.0,0.0,nr3.png,3.0,0.0,nr7.png,7.0,0.0,nr63.png,16
1041,14.0,97.0,41.0,10.0,3992.0,6.0,0.17769488407515496,nr99.png,6.0,0.07459384171069339,nr9.png,7.0,0.05273832120947112,nr95.png,1.0,0.09644936221191563,nr124.png,4.0,0.0,nr113.png,7.0,0.037059360849898616,nr28.png,6.0,0.02328088053391068,nr20.png,5.0,0.04893736112230203,nr76.png,4.0,0.0,nr2.png,7.0,0.0,nr27.png,7.0,0.16629200381364767,nr45.png,1.0,0.05606416128574408,nr102.png,1.0,0.0,nr92.png,5.0,0.0,nr3.png,3.0,0.0,nr7.png,7.0,0.0,nr63.png,16
1042,14.0,97.0,42.0,10.0,6577.0,6.0,0.17769488407515496,nr99.png,6.0,0.07459384171069339,nr9.png,7.0,0.05273832120947112,nr95.png,1.0,0.09644936221191563,nr124.png,4.0,0.0,nr113.png,7.0,0.037059360849898616,nr28.png,6.0,0.02328088053391068,nr20.png,5.0,0.04893736112230203,nr76.png,4.0,0.0,nr2.png,7.0,0.0,nr27.png,7.0,0.16629200381364767,nr45.png,1.0,0.05606416128574408,nr102.png,1.0,0.0,nr92.png,5.0,0.0,nr3.png,3.0,0.0,nr7.png,7.0,0.0,nr63.png,16
1043,14.0,97.0,43.0,10.0,2987.0,6.0,0.17769488407515496,nr99.png,6.0,0.07459384171069339,nr9.png,7.0,0.05273832120947112,nr95.png,1.0,0.09644936221191563,nr124.png,4.0,0.0,nr113.png,7.0,0.037059360849898616,nr28.png,6.0,0.02328088053391068,nr20.png,5.0,0.04893736112230203,nr76.png,4.0,0.0,nr2.png,7.0,0.0,nr27.png,7.0,0.16629200381364767,nr45.png,1.0,0.05606416128574408,nr102.png,1.0,0.0,nr92.png,5.0,0.0,nr3.png,3.0,0.0,nr7.png,7.0,0.0,nr63.png,16
1044,14.0,97.0,44.0,10.0,4379.0,6.0,0.17769488407515496,nr99.png,6.0,0.07459384171069339,nr9.png,7.0,0.05273832120947112,nr95.png,1.0,0.09644936221191563,nr124.png,4.0,0.0,nr113.png,7.0,0.037059360849898616,nr28.png,6.0,0.02328088053391068,nr20.png,5.0,0.04893736112230203,nr76.png,4.0,0.0,nr2.png,7.0,0.0,nr27.png,7.0,0.16629200381364767,nr45.png,1.0,0.05606416128574408,nr102.png,1.0,0.0,nr92.png,5.0,0.0,nr3.png,3.0,0.0,nr7.png,7.0,0.0,nr63.png,16
1045,14.0,97.0,45.0,2.0,5175.0,6.0,0.17769488407515496,nr99.png,6.0,0.07459384171069339,nr9.png,7.0,0.05273832120947112,nr95.png,1.0,0.09644936221191563,nr124.png,4.0,0.0,nr113.png,7.0,0.037059360849898616,nr28.png,6.0,0.02328088053391068,nr20.png,5.0,0.04893736112230203,nr76.png,4.0,0.0,nr2.png,7.0,0.0,nr27.png,7.0,0.16629200381364767,nr45.png,1.0,0.05606416128574408,nr102.png,1.0,0.0,nr92.png,5.0,0.0,nr3.png,3.0,0.0,nr7.png,7.0,0.0,nr63.png,16
1046,14.0,97.0,46.0,9.0,4176.0,6.0,0.17769488407515496,nr99.png,6.0,0.07459384171069339,nr9.png,7.0,0.05273832120947112,nr95.png,1.0,0.09644936221191563,nr124.png,4.0,0.0,nr113.png,7.0,0.037059360849898616,nr28.png,6.0,0.02328088053391068,nr20.png,5.0,0.04893736112230203,nr76.png,4.0,0.0,nr2.png,7.0,0.0,nr27.png,7.0,0.16629200381364767,nr45.png,1.0,0.05606416128574408,nr102.png,1.0,0.0,nr92.png,5.0,0.0,nr3.png,3.0,0.0,nr7.png,7.0,0.0,nr63.png,16
1047,14.0,97.0,47.0,10.0,4885.0,6.0,0.17769488407515496,nr99.png,6.0,0.07459384171069339,nr9.png,7.0,0.05273832120947112,nr95.png,1.0,0.09644936221191563,nr124.png,4.0,0.0,nr113.png,7.0,0.037059360849898616,nr28.png,6.0,0.02328088053391068,nr20.png,5.0,0.04893736112230203,nr76.png,4.0,0.0,nr2.png,7.0,0.0,nr27.png,7.0,0.16629200381364767,nr45.png,1.0,0.05606416128574408,nr102.png,1.0,0.0,nr92.png,5.0,0.0,nr3.png,3.0,0.0,nr7.png,7.0,0.0,nr63.png,16
1048,14.0,97.0,48.0,10.0,4304.0,6.0,0.17769488407515496,nr99.png,6.0,0.07459384171069339,nr9.png,7.0,0.05273832120947112,nr95.png,1.0,0.09644936221191563,nr124.png,4.0,0.0,nr113.png,7.0,0.037059360849898616,nr28.png,6.0,0.02328088053391068,nr20.png,5.0,0.04893736112230203,nr76.png,4.0,0.0,nr2.png,7.0,0.0,nr27.png,7.0,0.16629200381364767,nr45.png,1.0,0.05606416128574408,nr102.png,1.0,0.0,nr92.png,5.0,0.0,nr3.png,3.0,0.0,nr7.png,7.0,0.0,nr63.png,16
1049,14.0,97.0,49.0,0.0,8412.0,6.0,0.17769488407515496,nr99.png,6.0,0.07459384171069339,nr9.png,7.0,0.05273832120947112,nr95.png,1.0,0.09644936221191563,nr124.png,4.0,0.0,nr113.png,7.0,0.037059360849898616,nr28.png,6.0,0.02328088053391068,nr20.png,5.0,0.04893736112230203,nr76.png,4.0,0.0,nr2.png,7.0,0.0,nr27.png,7.0,0.16629200381364767,nr45.png,1.0,0.05606416128574408,nr102.png,1.0,0.0,nr92.png,5.0,0.0,nr3.png,3.0,0.0,nr7.png,7.0,0.0,nr63.png,16
1050,14.0,100.0,0.0,8.0,2466.0,7.0,0.0,nr109.png,6.0,0.0,nr83.png,7.0,0.0,nr62.png,6.0,0.06149624302239635,nr31.png,2.0,0.09800963731694418,nr85.png,6.0,0.0,nr18.png,5.0,0.07014415219742083,nr76.png,7.0,0.11146194047809338,nr88.png,7.0,0.248627388781954,nr98.png,7.0,0.01969801534311133,nr57.png,5.0,0.0,nr11.png,4.0,0.056211409637659165,nr111.png,1.0,0.0,nr102.png,1.0,0.0,nr55.png,7.0,0.0,nr42.png,6.0,0.0,nr99.png,16
1051,14.0,100.0,1.0,15.0,8516.0,7.0,0.0,nr109.png,6.0,0.0,nr83.png,7.0,0.0,nr62.png,6.0,0.06149624302239635,nr31.png,2.0,0.09800963731694418,nr85.png,6.0,0.0,nr18.png,5.0,0.07014415219742083,nr76.png,7.0,0.11146194047809338,nr88.png,7.0,0.248627388781954,nr98.png,7.0,0.01969801534311133,nr57.png,5.0,0.0,nr11.png,4.0,0.056211409637659165,nr111.png,1.0,0.0,nr102.png,1.0,0.0,nr55.png,7.0,0.0,nr42.png,6.0,0.0,nr99.png,16
1052,14.0,100.0,2.0,8.0,3181.0,7.0,0.0,nr109.png,6.0,0.0,nr83.png,7.0,0.0,nr62.png,6.0,0.06149624302239635,nr31.png,2.0,0.09800963731694418,nr85.png,6.0,0.0,nr18.png,5.0,0.07014415219742083,nr76.png,7.0,0.11146194047809338,nr88.png,7.0,0.248627388781954,nr98.png,7.0,0.01969801534311133,nr57.png,5.0,0.0,nr11.png,4.0,0.056211409637659165,nr111.png,1.0,0.0,nr102.png,1.0,0.0,nr55.png,7.0,0.0,nr42.png,6.0,0.0,nr99.png,16
1053,14.0,100.0,3.0,7.0,4210.0,7.0,0.0,nr109.png,6.0,0.0,nr83.png,7.0,0.0,nr62.png,6.0,0.06149624302239635,nr31.png,2.0,0.09800963731694418,nr85.png,6.0,0.0,nr18.png,5.0,0.07014415219742083,nr76.png,7.0,0.11146194047809338,nr88.png,7.0,0.248627388781954,nr98.png,7.0,0.01969801534311133,nr57.png,5.0,0.0,nr11.png,4.0,0.056211409637659165,nr111.png,1.0,0.0,nr102.png,1.0,0.0,nr55.png,7.0,0.0,nr42.png,6.0,0.0,nr99.png,16
1054,14.0,100.0,4.0,7.0,4378.0,7.0,0.0,nr109.png,6.0,0.0,nr83.png,7.0,0.0,nr62.png,6.0,0.06149624302239635,nr31.png,2.0,0.09800963731694418,nr85.png,6.0,0.0,nr18.png,5.0,0.07014415219742083,nr76.png,7.0,0.11146194047809338,nr88.png,7.0,0.248627388781954,nr98.png,7.0,0.01969801534311133,nr57.png,5.0,0.0,nr11.png,4.0,0.056211409637659165,nr111.png,1.0,0.0,nr102.png,1.0,0.0,nr55.png,7.0,0.0,nr42.png,6.0,0.0,nr99.png,16
1055,14.0,100.0,5.0,8.0,2133.0,7.0,0.0,nr109.png,6.0,0.0,nr83.png,7.0,0.0,nr62.png,6.0,0.06149624302239635,nr31.png,2.0,0.09800963731694418,nr85.png,6.0,0.0,nr18.png,5.0,0.07014415219742083,nr76.png,7.0,0.11146194047809338,nr88.png,7.0,0.248627388781954,nr98.png,7.0,0.01969801534311133,nr57.png,5.0,0.0,nr11.png,4.0,0.056211409637659165,nr111.png,1.0,0.0,nr102.png,1.0,0.0,nr55.png,7.0,0.0,nr42.png,6.0,0.0,nr99.png,16
1056,14.0,100.0,6.0,8.0,4003.0,7.0,0.0,nr109.png,6.0,0.0,nr83.png,7.0,0.0,nr62.png,6.0,0.06149624302239635,nr31.png,2.0,0.09800963731694418,nr85.png,6.0,0.0,nr18.png,5.0,0.07014415219742083,nr76.png,7.0,0.11146194047809338,nr88.png,7.0,0.248627388781954,nr98.png,7.0,0.01969801534311133,nr57.png,5.0,0.0,nr11.png,4.0,0.056211409637659165,nr111.png,1.0,0.0,nr102.png,1.0,0.0,nr55.png,7.0,0.0,nr42.png,6.0,0.0,nr99.png,16
1057,14.0,100.0,7.0,9.0,3345.0,7.0,0.0,nr109.png,6.0,0.0,nr83.png,7.0,0.0,nr62.png,6.0,0.06149624302239635,nr31.png,2.0,0.09800963731694418,nr85.png,6.0,0.0,nr18.png,5.0,0.07014415219742083,nr76.png,7.0,0.11146194047809338,nr88.png,7.0,0.248627388781954,nr98.png,7.0,0.01969801534311133,nr57.png,5.0,0.0,nr11.png,4.0,0.056211409637659165,nr111.png,1.0,0.0,nr102.png,1.0,0.0,nr55.png,7.0,0.0,nr42.png,6.0,0.0,nr99.png,16
1058,14.0,100.0,8.0,8.0,6109.0,7.0,0.0,nr109.png,6.0,0.0,nr83.png,7.0,0.0,nr62.png,6.0,0.06149624302239635,nr31.png,2.0,0.09800963731694418,nr85.png,6.0,0.0,nr18.png,5.0,0.07014415219742083,nr76.png,7.0,0.11146194047809338,nr88.png,7.0,0.248627388781954,nr98.png,7.0,0.01969801534311133,nr57.png,5.0,0.0,nr11.png,4.0,0.056211409637659165,nr111.png,1.0,0.0,nr102.png,1.0,0.0,nr55.png,7.0,0.0,nr42.png,6.0,0.0,nr99.png,16
1059,14.0,100.0,9.0,8.0,4924.0,7.0,0.0,nr109.png,6.0,0.0,nr83.png,7.0,0.0,nr62.png,6.0,0.06149624302239635,nr31.png,2.0,0.09800963731694418,nr85.png,6.0,0.0,nr18.png,5.0,0.07014415219742083,nr76.png,7.0,0.11146194047809338,nr88.png,7.0,0.248627388781954,nr98.png,7.0,0.01969801534311133,nr57.png,5.0,0.0,nr11.png,4.0,0.056211409637659165,nr111.png,1.0,0.0,nr102.png,1.0,0.0,nr55.png,7.0,0.0,nr42.png,6.0,0.0,nr99.png,16
1060,14.0,100.0,10.0,8.0,7134.0,7.0,0.0,nr109.png,6.0,0.0,nr83.png,7.0,0.0,nr62.png,6.0,0.06149624302239635,nr31.png,2.0,0.09800963731694418,nr85.png,6.0,0.0,nr18.png,5.0,0.07014415219742083,nr76.png,7.0,0.11146194047809338,nr88.png,7.0,0.248627388781954,nr98.png,7.0,0.01969801534311133,nr57.png,5.0,0.0,nr11.png,4.0,0.056211409637659165,nr111.png,1.0,0.0,nr102.png,1.0,0.0,nr55.png,7.0,0.0,nr42.png,6.0,0.0,nr99.png,16
1061,14.0,100.0,11.0,9.0,3592.0,7.0,0.0,nr109.png,6.0,0.0,nr83.png,7.0,0.0,nr62.png,6.0,0.06149624302239635,nr31.png,2.0,0.09800963731694418,nr85.png,6.0,0.0,nr18.png,5.0,0.07014415219742083,nr76.png,7.0,0.11146194047809338,nr88.png,7.0,0.248627388781954,nr98.png,7.0,0.01969801534311133,nr57.png,5.0,0.0,nr11.png,4.0,0.056211409637659165,nr111.png,1.0,0.0,nr102.png,1.0,0.0,nr55.png,7.0,0.0,nr42.png,6.0,0.0,nr99.png,16
1062,14.0,100.0,12.0,8.0,4593.0,7.0,0.0,nr109.png,6.0,0.0,nr83.png,7.0,0.0,nr62.png,6.0,0.06149624302239635,nr31.png,2.0,0.09800963731694418,nr85.png,6.0,0.0,nr18.png,5.0,0.07014415219742083,nr76.png,7.0,0.11146194047809338,nr88.png,7.0,0.248627388781954,nr98.png,7.0,0.01969801534311133,nr57.png,5.0,0.0,nr11.png,4.0,0.056211409637659165,nr111.png,1.0,0.0,nr102.png,1.0,0.0,nr55.png,7.0,0.0,nr42.png,6.0,0.0,nr99.png,16
1063,14.0,100.0,13.0,3.0,6075.0,7.0,0.0,nr109.png,6.0,0.0,nr83.png,7.0,0.0,nr62.png,6.0,0.06149624302239635,nr31.png,2.0,0.09800963731694418,nr85.png,6.0,0.0,nr18.png,5.0,0.07014415219742083,nr76.png,7.0,0.11146194047809338,nr88.png,7.0,0.248627388781954,nr98.png,7.0,0.01969801534311133,nr57.png,5.0,0.0,nr11.png,4.0,0.056211409637659165,nr111.png,1.0,0.0,nr102.png,1.0,0.0,nr55.png,7.0,0.0,nr42.png,6.0,0.0,nr99.png,16
1064,14.0,100.0,14.0,8.0,4740.0,7.0,0.0,nr109.png,6.0,0.0,nr83.png,7.0,0.0,nr62.png,6.0,0.06149624302239635,nr31.png,2.0,0.09800963731694418,nr85.png,6.0,0.0,nr18.png,5.0,0.07014415219742083,nr76.png,7.0,0.11146194047809338,nr88.png,7.0,0.248627388781954,nr98.png,7.0,0.01969801534311133,nr57.png,5.0,0.0,nr11.png,4.0,0.056211409637659165,nr111.png,1.0,0.0,nr102.png,1.0,0.0,nr55.png,7.0,0.0,nr42.png,6.0,0.0,nr99.png,16
1065,14.0,100.0,15.0,1.0,4835.0,7.0,0.0,nr109.png,6.0,0.0,nr83.png,7.0,0.0,nr62.png,6.0,0.06149624302239635,nr31.png,2.0,0.09800963731694418,nr85.png,6.0,0.0,nr18.png,5.0,0.07014415219742083,nr76.png,7.0,0.11146194047809338,nr88.png,7.0,0.248627388781954,nr98.png,7.0,0.01969801534311133,nr57.png,5.0,0.0,nr11.png,4.0,0.056211409637659165,nr111.png,1.0,0.0,nr102.png,1.0,0.0,nr55.png,7.0,0.0,nr42.png,6.0,0.0,nr99.png,16
1066,14.0,100.0,16.0,8.0,4075.0,7.0,0.0,nr109.png,6.0,0.0,nr83.png,7.0,0.0,nr62.png,6.0,0.06149624302239635,nr31.png,2.0,0.09800963731694418,nr85.png,6.0,0.0,nr18.png,5.0,0.07014415219742083,nr76.png,7.0,0.11146194047809338,nr88.png,7.0,0.248627388781954,nr98.png,7.0,0.01969801534311133,nr57.png,5.0,0.0,nr11.png,4.0,0.056211409637659165,nr111.png,1.0,0.0,nr102.png,1.0,0.0,nr55.png,7.0,0.0,nr42.png,6.0,0.0,nr99.png,16
1067,14.0,100.0,17.0,15.0,5528.0,7.0,0.0,nr109.png,6.0,0.0,nr83.png,7.0,0.0,nr62.png,6.0,0.06149624302239635,nr31.png,2.0,0.09800963731694418,nr85.png,6.0,0.0,nr18.png,5.0,0.07014415219742083,nr76.png,7.0,0.11146194047809338,nr88.png,7.0,0.248627388781954,nr98.png,7.0,0.01969801534311133,nr57.png,5.0,0.0,nr11.png,4.0,0.056211409637659165,nr111.png,1.0,0.0,nr102.png,1.0,0.0,nr55.png,7.0,0.0,nr42.png,6.0,0.0,nr99.png,16
1068,14.0,100.0,18.0,7.0,4384.0,7.0,0.0,nr109.png,6.0,0.0,nr83.png,7.0,0.0,nr62.png,6.0,0.06149624302239635,nr31.png,2.0,0.09800963731694418,nr85.png,6.0,0.0,nr18.png,5.0,0.07014415219742083,nr76.png,7.0,0.11146194047809338,nr88.png,7.0,0.248627388781954,nr98.png,7.0,0.01969801534311133,nr57.png,5.0,0.0,nr11.png,4.0,0.056211409637659165,nr111.png,1.0,0.0,nr102.png,1.0,0.0,nr55.png,7.0,0.0,nr42.png,6.0,0.0,nr99.png,16
1069,14.0,100.0,19.0,5.0,4524.0,7.0,0.0,nr109.png,6.0,0.0,nr83.png,7.0,0.0,nr62.png,6.0,0.06149624302239635,nr31.png,2.0,0.09800963731694418,nr85.png,6.0,0.0,nr18.png,5.0,0.07014415219742083,nr76.png,7.0,0.11146194047809338,nr88.png,7.0,0.248627388781954,nr98.png,7.0,0.01969801534311133,nr57.png,5.0,0.0,nr11.png,4.0,0.056211409637659165,nr111.png,1.0,0.0,nr102.png,1.0,0.0,nr55.png,7.0,0.0,nr42.png,6.0,0.0,nr99.png,16
1070,14.0,100.0,20.0,8.0,4802.0,7.0,0.0,nr109.png,6.0,0.0,nr83.png,7.0,0.0,nr62.png,6.0,0.06149624302239635,nr31.png,2.0,0.09800963731694418,nr85.png,6.0,0.0,nr18.png,5.0,0.07014415219742083,nr76.png,7.0,0.11146194047809338,nr88.png,7.0,0.248627388781954,nr98.png,7.0,0.01969801534311133,nr57.png,5.0,0.0,nr11.png,4.0,0.056211409637659165,nr111.png,1.0,0.0,nr102.png,1.0,0.0,nr55.png,7.0,0.0,nr42.png,6.0,0.0,nr99.png,16
1071,14.0,100.0,21.0,7.0,4095.0,7.0,0.0,nr109.png,6.0,0.0,nr83.png,7.0,0.0,nr62.png,6.0,0.06149624302239635,nr31.png,2.0,0.09800963731694418,nr85.png,6.0,0.0,nr18.png,5.0,0.07014415219742083,nr76.png,7.0,0.11146194047809338,nr88.png,7.0,0.248627388781954,nr98.png,7.0,0.01969801534311133,nr57.png,5.0,0.0,nr11.png,4.0,0.056211409637659165,nr111.png,1.0,0.0,nr102.png,1.0,0.0,nr55.png,7.0,0.0,nr42.png,6.0,0.0,nr99.png,16
1072,14.0,100.0,22.0,8.0,4352.0,7.0,0.0,nr109.png,6.0,0.0,nr83.png,7.0,0.0,nr62.png,6.0,0.06149624302239635,nr31.png,2.0,0.09800963731694418,nr85.png,6.0,0.0,nr18.png,5.0,0.07014415219742083,nr76.png,7.0,0.11146194047809338,nr88.png,7.0,0.248627388781954,nr98.png,7.0,0.01969801534311133,nr57.png,5.0,0.0,nr11.png,4.0,0.056211409637659165,nr111.png,1.0,0.0,nr102.png,1.0,0.0,nr55.png,7.0,0.0,nr42.png,6.0,0.0,nr99.png,16
1073,14.0,100.0,23.0,8.0,4020.0,7.0,0.0,nr109.png,6.0,0.0,nr83.png,7.0,0.0,nr62.png,6.0,0.06149624302239635,nr31.png,2.0,0.09800963731694418,nr85.png,6.0,0.0,nr18.png,5.0,0.07014415219742083,nr76.png,7.0,0.11146194047809338,nr88.png,7.0,0.248627388781954,nr98.png,7.0,0.01969801534311133,nr57.png,5.0,0.0,nr11.png,4.0,0.056211409637659165,nr111.png,1.0,0.0,nr102.png,1.0,0.0,nr55.png,7.0,0.0,nr42.png,6.0,0.0,nr99.png,16
1074,14.0,100.0,24.0,8.0,5108.0,7.0,0.0,nr109.png,6.0,0.0,nr83.png,7.0,0.0,nr62.png,6.0,0.06149624302239635,nr31.png,2.0,0.09800963731694418,nr85.png,6.0,0.0,nr18.png,5.0,0.07014415219742083,nr76.png,7.0,0.11146194047809338,nr88.png,7.0,0.248627388781954,nr98.png,7.0,0.01969801534311133,nr57.png,5.0,0.0,nr11.png,4.0,0.056211409637659165,nr111.png,1.0,0.0,nr102.png,1.0,0.0,nr55.png,7.0,0.0,nr42.png,6.0,0.0,nr99.png,16
1075,14.0,100.0,25.0,8.0,2919.0,7.0,0.0,nr109.png,6.0,0.0,nr83.png,7.0,0.0,nr62.png,6.0,0.06149624302239635,nr31.png,2.0,0.09800963731694418,nr85.png,6.0,0.0,nr18.png,5.0,0.07014415219742083,nr76.png,7.0,0.11146194047809338,nr88.png,7.0,0.248627388781954,nr98.png,7.0,0.01969801534311133,nr57.png,5.0,0.0,nr11.png,4.0,0.056211409637659165,nr111.png,1.0,0.0,nr102.png,1.0,0.0,nr55.png,7.0,0.0,nr42.png,6.0,0.0,nr99.png,16
1076,14.0,100.0,26.0,7.0,3986.0,7.0,0.0,nr109.png,6.0,0.0,nr83.png,7.0,0.0,nr62.png,6.0,0.06149624302239635,nr31.png,2.0,0.09800963731694418,nr85.png,6.0,0.0,nr18.png,5.0,0.07014415219742083,nr76.png,7.0,0.11146194047809338,nr88.png,7.0,0.248627388781954,nr98.png,7.0,0.01969801534311133,nr57.png,5.0,0.0,nr11.png,4.0,0.056211409637659165,nr111.png,1.0,0.0,nr102.png,1.0,0.0,nr55.png,7.0,0.0,nr42.png,6.0,0.0,nr99.png,16
1077,14.0,100.0,27.0,8.0,3331.0,7.0,0.0,nr109.png,6.0,0.0,nr83.png,7.0,0.0,nr62.png,6.0,0.06149624302239635,nr31.png,2.0,0.09800963731694418,nr85.png,6.0,0.0,nr18.png,5.0,0.07014415219742083,nr76.png,7.0,0.11146194047809338,nr88.png,7.0,0.248627388781954,nr98.png,7.0,0.01969801534311133,nr57.png,5.0,0.0,nr11.png,4.0,0.056211409637659165,nr111.png,1.0,0.0,nr102.png,1.0,0.0,nr55.png,7.0,0.0,nr42.png,6.0,0.0,nr99.png,16
1078,14.0,100.0,28.0,8.0,3852.0,7.0,0.0,nr109.png,6.0,0.0,nr83.png,7.0,0.0,nr62.png,6.0,0.06149624302239635,nr31.png,2.0,0.09800963731694418,nr85.png,6.0,0.0,nr18.png,5.0,0.07014415219742083,nr76.png,7.0,0.11146194047809338,nr88.png,7.0,0.248627388781954,nr98.png,7.0,0.01969801534311133,nr57.png,5.0,0.0,nr11.png,4.0,0.056211409637659165,nr111.png,1.0,0.0,nr102.png,1.0,0.0,nr55.png,7.0,0.0,nr42.png,6.0,0.0,nr99.png,16
1079,14.0,100.0,29.0,0.0,6288.0,7.0,0.0,nr109.png,6.0,0.0,nr83.png,7.0,0.0,nr62.png,6.0,0.06149624302239635,nr31.png,2.0,0.09800963731694418,nr85.png,6.0,0.0,nr18.png,5.0,0.07014415219742083,nr76.png,7.0,0.11146194047809338,nr88.png,7.0,0.248627388781954,nr98.png,7.0,0.01969801534311133,nr57.png,5.0,0.0,nr11.png,4.0,0.056211409637659165,nr111.png,1.0,0.0,nr102.png,1.0,0.0,nr55.png,7.0,0.0,nr42.png,6.0,0.0,nr99.png,16
1080,14.0,100.0,30.0,14.0,5024.0,7.0,0.0,nr109.png,6.0,0.0,nr83.png,7.0,0.0,nr62.png,6.0,0.06149624302239635,nr31.png,2.0,0.09800963731694418,nr85.png,6.0,0.0,nr18.png,5.0,0.07014415219742083,nr76.png,7.0,0.11146194047809338,nr88.png,7.0,0.248627388781954,nr98.png,7.0,0.01969801534311133,nr57.png,5.0,0.0,nr11.png,4.0,0.056211409637659165,nr111.png,1.0,0.0,nr102.png,1.0,0.0,nr55.png,7.0,0.0,nr42.png,6.0,0.0,nr99.png,16
1081,14.0,100.0,31.0,5.0,6605.0,7.0,0.0,nr109.png,6.0,0.0,nr83.png,7.0,0.0,nr62.png,6.0,0.06149624302239635,nr31.png,2.0,0.09800963731694418,nr85.png,6.0,0.0,nr18.png,5.0,0.07014415219742083,nr76.png,7.0,0.11146194047809338,nr88.png,7.0,0.248627388781954,nr98.png,7.0,0.01969801534311133,nr57.png,5.0,0.0,nr11.png,4.0,0.056211409637659165,nr111.png,1.0,0.0,nr102.png,1.0,0.0,nr55.png,7.0,0.0,nr42.png,6.0,0.0,nr99.png,16
1082,14.0,100.0,32.0,8.0,5280.0,7.0,0.0,nr109.png,6.0,0.0,nr83.png,7.0,0.0,nr62.png,6.0,0.06149624302239635,nr31.png,2.0,0.09800963731694418,nr85.png,6.0,0.0,nr18.png,5.0,0.07014415219742083,nr76.png,7.0,0.11146194047809338,nr88.png,7.0,0.248627388781954,nr98.png,7.0,0.01969801534311133,nr57.png,5.0,0.0,nr11.png,4.0,0.056211409637659165,nr111.png,1.0,0.0,nr102.png,1.0,0.0,nr55.png,7.0,0.0,nr42.png,6.0,0.0,nr99.png,16
1083,14.0,100.0,33.0,8.0,3762.0,7.0,0.0,nr109.png,6.0,0.0,nr83.png,7.0,0.0,nr62.png,6.0,0.06149624302239635,nr31.png,2.0,0.09800963731694418,nr85.png,6.0,0.0,nr18.png,5.0,0.07014415219742083,nr76.png,7.0,0.11146194047809338,nr88.png,7.0,0.248627388781954,nr98.png,7.0,0.01969801534311133,nr57.png,5.0,0.0,nr11.png,4.0,0.056211409637659165,nr111.png,1.0,0.0,nr102.png,1.0,0.0,nr55.png,7.0,0.0,nr42.png,6.0,0.0,nr99.png,16
1084,14.0,100.0,34.0,8.0,4858.0,7.0,0.0,nr109.png,6.0,0.0,nr83.png,7.0,0.0,nr62.png,6.0,0.06149624302239635,nr31.png,2.0,0.09800963731694418,nr85.png,6.0,0.0,nr18.png,5.0,0.07014415219742083,nr76.png,7.0,0.11146194047809338,nr88.png,7.0,0.248627388781954,nr98.png,7.0,0.01969801534311133,nr57.png,5.0,0.0,nr11.png,4.0,0.056211409637659165,nr111.png,1.0,0.0,nr102.png,1.0,0.0,nr55.png,7.0,0.0,nr42.png,6.0,0.0,nr99.png,16
1085,14.0,100.0,35.0,8.0,4667.0,7.0,0.0,nr109.png,6.0,0.0,nr83.png,7.0,0.0,nr62.png,6.0,0.06149624302239635,nr31.png,2.0,0.09800963731694418,nr85.png,6.0,0.0,nr18.png,5.0,0.07014415219742083,nr76.png,7.0,0.11146194047809338,nr88.png,7.0,0.248627388781954,nr98.png,7.0,0.01969801534311133,nr57.png,5.0,0.0,nr11.png,4.0,0.056211409637659165,nr111.png,1.0,0.0,nr102.png,1.0,0.0,nr55.png,7.0,0.0,nr42.png,6.0,0.0,nr99.png,16
1086,14.0,100.0,36.0,0.0,5070.0,7.0,0.0,nr109.png,6.0,0.0,nr83.png,7.0,0.0,nr62.png,6.0,0.06149624302239635,nr31.png,2.0,0.09800963731694418,nr85.png,6.0,0.0,nr18.png,5.0,0.07014415219742083,nr76.png,7.0,0.11146194047809338,nr88.png,7.0,0.248627388781954,nr98.png,7.0,0.01969801534311133,nr57.png,5.0,0.0,nr11.png,4.0,0.056211409637659165,nr111.png,1.0,0.0,nr102.png,1.0,0.0,nr55.png,7.0,0.0,nr42.png,6.0,0.0,nr99.png,16
1087,14.0,100.0,37.0,5.0,3348.0,7.0,0.0,nr109.png,6.0,0.0,nr83.png,7.0,0.0,nr62.png,6.0,0.06149624302239635,nr31.png,2.0,0.09800963731694418,nr85.png,6.0,0.0,nr18.png,5.0,0.07014415219742083,nr76.png,7.0,0.11146194047809338,nr88.png,7.0,0.248627388781954,nr98.png,7.0,0.01969801534311133,nr57.png,5.0,0.0,nr11.png,4.0,0.056211409637659165,nr111.png,1.0,0.0,nr102.png,1.0,0.0,nr55.png,7.0,0.0,nr42.png,6.0,0.0,nr99.png,16
1088,14.0,100.0,38.0,8.0,5543.0,7.0,0.0,nr109.png,6.0,0.0,nr83.png,7.0,0.0,nr62.png,6.0,0.06149624302239635,nr31.png,2.0,0.09800963731694418,nr85.png,6.0,0.0,nr18.png,5.0,0.07014415219742083,nr76.png,7.0,0.11146194047809338,nr88.png,7.0,0.248627388781954,nr98.png,7.0,0.01969801534311133,nr57.png,5.0,0.0,nr11.png,4.0,0.056211409637659165,nr111.png,1.0,0.0,nr102.png,1.0,0.0,nr55.png,7.0,0.0,nr42.png,6.0,0.0,nr99.png,16
1089,14.0,100.0,39.0,7.0,4735.0,7.0,0.0,nr109.png,6.0,0.0,nr83.png,7.0,0.0,nr62.png,6.0,0.06149624302239635,nr31.png,2.0,0.09800963731694418,nr85.png,6.0,0.0,nr18.png,5.0,0.07014415219742083,nr76.png,7.0,0.11146194047809338,nr88.png,7.0,0.248627388781954,nr98.png,7.0,0.01969801534311133,nr57.png,5.0,0.0,nr11.png,4.0,0.056211409637659165,nr111.png,1.0,0.0,nr102.png,1.0,0.0,nr55.png,7.0,0.0,nr42.png,6.0,0.0,nr99.png,16
1090,14.0,100.0,40.0,15.0,3895.0,7.0,0.0,nr109.png,6.0,0.0,nr83.png,7.0,0.0,nr62.png,6.0,0.06149624302239635,nr31.png,2.0,0.09800963731694418,nr85.png,6.0,0.0,nr18.png,5.0,0.07014415219742083,nr76.png,7.0,0.11146194047809338,nr88.png,7.0,0.248627388781954,nr98.png,7.0,0.01969801534311133,nr57.png,5.0,0.0,nr11.png,4.0,0.056211409637659165,nr111.png,1.0,0.0,nr102.png,1.0,0.0,nr55.png,7.0,0.0,nr42.png,6.0,0.0,nr99.png,16
1091,14.0,100.0,41.0,8.0,5443.0,7.0,0.0,nr109.png,6.0,0.0,nr83.png,7.0,0.0,nr62.png,6.0,0.06149624302239635,nr31.png,2.0,0.09800963731694418,nr85.png,6.0,0.0,nr18.png,5.0,0.07014415219742083,nr76.png,7.0,0.11146194047809338,nr88.png,7.0,0.248627388781954,nr98.png,7.0,0.01969801534311133,nr57.png,5.0,0.0,nr11.png,4.0,0.056211409637659165,nr111.png,1.0,0.0,nr102.png,1.0,0.0,nr55.png,7.0,0.0,nr42.png,6.0,0.0,nr99.png,16
1092,14.0,100.0,42.0,14.0,3325.0,7.0,0.0,nr109.png,6.0,0.0,nr83.png,7.0,0.0,nr62.png,6.0,0.06149624302239635,nr31.png,2.0,0.09800963731694418,nr85.png,6.0,0.0,nr18.png,5.0,0.07014415219742083,nr76.png,7.0,0.11146194047809338,nr88.png,7.0,0.248627388781954,nr98.png,7.0,0.01969801534311133,nr57.png,5.0,0.0,nr11.png,4.0,0.056211409637659165,nr111.png,1.0,0.0,nr102.png,1.0,0.0,nr55.png,7.0,0.0,nr42.png,6.0,0.0,nr99.png,16
1093,14.0,100.0,43.0,8.0,6738.0,7.0,0.0,nr109.png,6.0,0.0,nr83.png,7.0,0.0,nr62.png,6.0,0.06149624302239635,nr31.png,2.0,0.09800963731694418,nr85.png,6.0,0.0,nr18.png,5.0,0.07014415219742083,nr76.png,7.0,0.11146194047809338,nr88.png,7.0,0.248627388781954,nr98.png,7.0,0.01969801534311133,nr57.png,5.0,0.0,nr11.png,4.0,0.056211409637659165,nr111.png,1.0,0.0,nr102.png,1.0,0.0,nr55.png,7.0,0.0,nr42.png,6.0,0.0,nr99.png,16
1094,14.0,100.0,44.0,10.0,4493.0,7.0,0.0,nr109.png,6.0,0.0,nr83.png,7.0,0.0,nr62.png,6.0,0.06149624302239635,nr31.png,2.0,0.09800963731694418,nr85.png,6.0,0.0,nr18.png,5.0,0.07014415219742083,nr76.png,7.0,0.11146194047809338,nr88.png,7.0,0.248627388781954,nr98.png,7.0,0.01969801534311133,nr57.png,5.0,0.0,nr11.png,4.0,0.056211409637659165,nr111.png,1.0,0.0,nr102.png,1.0,0.0,nr55.png,7.0,0.0,nr42.png,6.0,0.0,nr99.png,16
1095,14.0,100.0,45.0,8.0,3794.0,7.0,0.0,nr109.png,6.0,0.0,nr83.png,7.0,0.0,nr62.png,6.0,0.06149624302239635,nr31.png,2.0,0.09800963731694418,nr85.png,6.0,0.0,nr18.png,5.0,0.07014415219742083,nr76.png,7.0,0.11146194047809338,nr88.png,7.0,0.248627388781954,nr98.png,7.0,0.01969801534311133,nr57.png,5.0,0.0,nr11.png,4.0,0.056211409637659165,nr111.png,1.0,0.0,nr102.png,1.0,0.0,nr55.png,7.0,0.0,nr42.png,6.0,0.0,nr99.png,16
1096,14.0,100.0,46.0,2.0,4222.0,7.0,0.0,nr109.png,6.0,0.0,nr83.png,7.0,0.0,nr62.png,6.0,0.06149624302239635,nr31.png,2.0,0.09800963731694418,nr85.png,6.0,0.0,nr18.png,5.0,0.07014415219742083,nr76.png,7.0,0.11146194047809338,nr88.png,7.0,0.248627388781954,nr98.png,7.0,0.01969801534311133,nr57.png,5.0,0.0,nr11.png,4.0,0.056211409637659165,nr111.png,1.0,0.0,nr102.png,1.0,0.0,nr55.png,7.0,0.0,nr42.png,6.0,0.0,nr99.png,16
1097,14.0,100.0,47.0,8.0,3946.0,7.0,0.0,nr109.png,6.0,0.0,nr83.png,7.0,0.0,nr62.png,6.0,0.06149624302239635,nr31.png,2.0,0.09800963731694418,nr85.png,6.0,0.0,nr18.png,5.0,0.07014415219742083,nr76.png,7.0,0.11146194047809338,nr88.png,7.0,0.248627388781954,nr98.png,7.0,0.01969801534311133,nr57.png,5.0,0.0,nr11.png,4.0,0.056211409637659165,nr111.png,1.0,0.0,nr102.png,1.0,0.0,nr55.png,7.0,0.0,nr42.png,6.0,0.0,nr99.png,16
1098,14.0,100.0,48.0,14.0,3791.0,7.0,0.0,nr109.png,6.0,0.0,nr83.png,7.0,0.0,nr62.png,6.0,0.06149624302239635,nr31.png,2.0,0.09800963731694418,nr85.png,6.0,0.0,nr18.png,5.0,0.07014415219742083,nr76.png,7.0,0.11146194047809338,nr88.png,7.0,0.248627388781954,nr98.png,7.0,0.01969801534311133,nr57.png,5.0,0.0,nr11.png,4.0,0.056211409637659165,nr111.png,1.0,0.0,nr102.png,1.0,0.0,nr55.png,7.0,0.0,nr42.png,6.0,0.0,nr99.png,16
1099,14.0,100.0,49.0,8.0,5228.0,7.0,0.0,nr109.png,6.0,0.0,nr83.png,7.0,0.0,nr62.png,6.0,0.06149624302239635,nr31.png,2.0,0.09800963731694418,nr85.png,6.0,0.0,nr18.png,5.0,0.07014415219742083,nr76.png,7.0,0.11146194047809338,nr88.png,7.0,0.248627388781954,nr98.png,7.0,0.01969801534311133,nr57.png,5.0,0.0,nr11.png,4.0,0.056211409637659165,nr111.png,1.0,0.0,nr102.png,1.0,0.0,nr55.png,7.0,0.0,nr42.png,6.0,0.0,nr99.png,16
1100,14.0,103.0,0.0,9.0,5670.0,5.0,0.0,nr52.png,1.0,0.0,nr56.png,5.0,0.03705056389980888,nr11.png,5.0,0.09326521257538097,nr96.png,7.0,0.029810798540076105,nr109.png,3.0,0.05962159708015221,nr93.png,2.0,0.12861230227289974,nr121.png,1.0,0.057492254327289626,nr41.png,1.0,0.04641967201240422,nr120.png,7.0,0.11242929735114417,nr95.png,5.0,0.0,nr76.png,7.0,0.1077447432948465,nr28.png,4.0,0.04471619781011416,nr111.png,4.0,0.0,nr84.png,7.0,0.0,nr8.png,2.0,0.0,nr4.png,16
1101,14.0,103.0,1.0,11.0,4162.0,5.0,0.0,nr52.png,1.0,0.0,nr56.png,5.0,0.03705056389980888,nr11.png,5.0,0.09326521257538097,nr96.png,7.0,0.029810798540076105,nr109.png,3.0,0.05962159708015221,nr93.png,2.0,0.12861230227289974,nr121.png,1.0,0.057492254327289626,nr41.png,1.0,0.04641967201240422,nr120.png,7.0,0.11242929735114417,nr95.png,5.0,0.0,nr76.png,7.0,0.1077447432948465,nr28.png,4.0,0.04471619781011416,nr111.png,4.0,0.0,nr84.png,7.0,0.0,nr8.png,2.0,0.0,nr4.png,16
1102,14.0,103.0,2.0,11.0,5916.0,5.0,0.0,nr52.png,1.0,0.0,nr56.png,5.0,0.03705056389980888,nr11.png,5.0,0.09326521257538097,nr96.png,7.0,0.029810798540076105,nr109.png,3.0,0.05962159708015221,nr93.png,2.0,0.12861230227289974,nr121.png,1.0,0.057492254327289626,nr41.png,1.0,0.04641967201240422,nr120.png,7.0,0.11242929735114417,nr95.png,5.0,0.0,nr76.png,7.0,0.1077447432948465,nr28.png,4.0,0.04471619781011416,nr111.png,4.0,0.0,nr84.png,7.0,0.0,nr8.png,2.0,0.0,nr4.png,16
1103,14.0,103.0,3.0,9.0,4358.0,5.0,0.0,nr52.png,1.0,0.0,nr56.png,5.0,0.03705056389980888,nr11.png,5.0,0.09326521257538097,nr96.png,7.0,0.029810798540076105,nr109.png,3.0,0.05962159708015221,nr93.png,2.0,0.12861230227289974,nr121.png,1.0,0.057492254327289626,nr41.png,1.0,0.04641967201240422,nr120.png,7.0,0.11242929735114417,nr95.png,5.0,0.0,nr76.png,7.0,0.1077447432948465,nr28.png,4.0,0.04471619781011416,nr111.png,4.0,0.0,nr84.png,7.0,0.0,nr8.png,2.0,0.0,nr4.png,16
1104,14.0,103.0,4.0,2.0,3820.0,5.0,0.0,nr52.png,1.0,0.0,nr56.png,5.0,0.03705056389980888,nr11.png,5.0,0.09326521257538097,nr96.png,7.0,0.029810798540076105,nr109.png,3.0,0.05962159708015221,nr93.png,2.0,0.12861230227289974,nr121.png,1.0,0.057492254327289626,nr41.png,1.0,0.04641967201240422,nr120.png,7.0,0.11242929735114417,nr95.png,5.0,0.0,nr76.png,7.0,0.1077447432948465,nr28.png,4.0,0.04471619781011416,nr111.png,4.0,0.0,nr84.png,7.0,0.0,nr8.png,2.0,0.0,nr4.png,16
1105,14.0,103.0,5.0,14.0,4373.0,5.0,0.0,nr52.png,1.0,0.0,nr56.png,5.0,0.03705056389980888,nr11.png,5.0,0.09326521257538097,nr96.png,7.0,0.029810798540076105,nr109.png,3.0,0.05962159708015221,nr93.png,2.0,0.12861230227289974,nr121.png,1.0,0.057492254327289626,nr41.png,1.0,0.04641967201240422,nr120.png,7.0,0.11242929735114417,nr95.png,5.0,0.0,nr76.png,7.0,0.1077447432948465,nr28.png,4.0,0.04471619781011416,nr111.png,4.0,0.0,nr84.png,7.0,0.0,nr8.png,2.0,0.0,nr4.png,16
1106,14.0,103.0,6.0,0.0,4153.0,5.0,0.0,nr52.png,1.0,0.0,nr56.png,5.0,0.03705056389980888,nr11.png,5.0,0.09326521257538097,nr96.png,7.0,0.029810798540076105,nr109.png,3.0,0.05962159708015221,nr93.png,2.0,0.12861230227289974,nr121.png,1.0,0.057492254327289626,nr41.png,1.0,0.04641967201240422,nr120.png,7.0,0.11242929735114417,nr95.png,5.0,0.0,nr76.png,7.0,0.1077447432948465,nr28.png,4.0,0.04471619781011416,nr111.png,4.0,0.0,nr84.png,7.0,0.0,nr8.png,2.0,0.0,nr4.png,16
1107,14.0,103.0,7.0,4.0,6504.0,5.0,0.0,nr52.png,1.0,0.0,nr56.png,5.0,0.03705056389980888,nr11.png,5.0,0.09326521257538097,nr96.png,7.0,0.029810798540076105,nr109.png,3.0,0.05962159708015221,nr93.png,2.0,0.12861230227289974,nr121.png,1.0,0.057492254327289626,nr41.png,1.0,0.04641967201240422,nr120.png,7.0,0.11242929735114417,nr95.png,5.0,0.0,nr76.png,7.0,0.1077447432948465,nr28.png,4.0,0.04471619781011416,nr111.png,4.0,0.0,nr84.png,7.0,0.0,nr8.png,2.0,0.0,nr4.png,16
1108,14.0,103.0,8.0,9.0,5269.0,5.0,0.0,nr52.png,1.0,0.0,nr56.png,5.0,0.03705056389980888,nr11.png,5.0,0.09326521257538097,nr96.png,7.0,0.029810798540076105,nr109.png,3.0,0.05962159708015221,nr93.png,2.0,0.12861230227289974,nr121.png,1.0,0.057492254327289626,nr41.png,1.0,0.04641967201240422,nr120.png,7.0,0.11242929735114417,nr95.png,5.0,0.0,nr76.png,7.0,0.1077447432948465,nr28.png,4.0,0.04471619781011416,nr111.png,4.0,0.0,nr84.png,7.0,0.0,nr8.png,2.0,0.0,nr4.png,16
1109,14.0,103.0,9.0,14.0,7167.0,5.0,0.0,nr52.png,1.0,0.0,nr56.png,5.0,0.03705056389980888,nr11.png,5.0,0.09326521257538097,nr96.png,7.0,0.029810798540076105,nr109.png,3.0,0.05962159708015221,nr93.png,2.0,0.12861230227289974,nr121.png,1.0,0.057492254327289626,nr41.png,1.0,0.04641967201240422,nr120.png,7.0,0.11242929735114417,nr95.png,5.0,0.0,nr76.png,7.0,0.1077447432948465,nr28.png,4.0,0.04471619781011416,nr111.png,4.0,0.0,nr84.png,7.0,0.0,nr8.png,2.0,0.0,nr4.png,16
1110,14.0,103.0,10.0,14.0,5814.0,5.0,0.0,nr52.png,1.0,0.0,nr56.png,5.0,0.03705056389980888,nr11.png,5.0,0.09326521257538097,nr96.png,7.0,0.029810798540076105,nr109.png,3.0,0.05962159708015221,nr93.png,2.0,0.12861230227289974,nr121.png,1.0,0.057492254327289626,nr41.png,1.0,0.04641967201240422,nr120.png,7.0,0.11242929735114417,nr95.png,5.0,0.0,nr76.png,7.0,0.1077447432948465,nr28.png,4.0,0.04471619781011416,nr111.png,4.0,0.0,nr84.png,7.0,0.0,nr8.png,2.0,0.0,nr4.png,16
1111,14.0,103.0,11.0,13.0,3905.0,5.0,0.0,nr52.png,1.0,0.0,nr56.png,5.0,0.03705056389980888,nr11.png,5.0,0.09326521257538097,nr96.png,7.0,0.029810798540076105,nr109.png,3.0,0.05962159708015221,nr93.png,2.0,0.12861230227289974,nr121.png,1.0,0.057492254327289626,nr41.png,1.0,0.04641967201240422,nr120.png,7.0,0.11242929735114417,nr95.png,5.0,0.0,nr76.png,7.0,0.1077447432948465,nr28.png,4.0,0.04471619781011416,nr111.png,4.0,0.0,nr84.png,7.0,0.0,nr8.png,2.0,0.0,nr4.png,16
1112,14.0,103.0,12.0,4.0,6759.0,5.0,0.0,nr52.png,1.0,0.0,nr56.png,5.0,0.03705056389980888,nr11.png,5.0,0.09326521257538097,nr96.png,7.0,0.029810798540076105,nr109.png,3.0,0.05962159708015221,nr93.png,2.0,0.12861230227289974,nr121.png,1.0,0.057492254327289626,nr41.png,1.0,0.04641967201240422,nr120.png,7.0,0.11242929735114417,nr95.png,5.0,0.0,nr76.png,7.0,0.1077447432948465,nr28.png,4.0,0.04471619781011416,nr111.png,4.0,0.0,nr84.png,7.0,0.0,nr8.png,2.0,0.0,nr4.png,16
1113,14.0,103.0,13.0,9.0,3731.0,5.0,0.0,nr52.png,1.0,0.0,nr56.png,5.0,0.03705056389980888,nr11.png,5.0,0.09326521257538097,nr96.png,7.0,0.029810798540076105,nr109.png,3.0,0.05962159708015221,nr93.png,2.0,0.12861230227289974,nr121.png,1.0,0.057492254327289626,nr41.png,1.0,0.04641967201240422,nr120.png,7.0,0.11242929735114417,nr95.png,5.0,0.0,nr76.png,7.0,0.1077447432948465,nr28.png,4.0,0.04471619781011416,nr111.png,4.0,0.0,nr84.png,7.0,0.0,nr8.png,2.0,0.0,nr4.png,16
1114,14.0,103.0,14.0,11.0,3677.0,5.0,0.0,nr52.png,1.0,0.0,nr56.png,5.0,0.03705056389980888,nr11.png,5.0,0.09326521257538097,nr96.png,7.0,0.029810798540076105,nr109.png,3.0,0.05962159708015221,nr93.png,2.0,0.12861230227289974,nr121.png,1.0,0.057492254327289626,nr41.png,1.0,0.04641967201240422,nr120.png,7.0,0.11242929735114417,nr95.png,5.0,0.0,nr76.png,7.0,0.1077447432948465,nr28.png,4.0,0.04471619781011416,nr111.png,4.0,0.0,nr84.png,7.0,0.0,nr8.png,2.0,0.0,nr4.png,16
1115,14.0,103.0,15.0,4.0,5152.0,5.0,0.0,nr52.png,1.0,0.0,nr56.png,5.0,0.03705056389980888,nr11.png,5.0,0.09326521257538097,nr96.png,7.0,0.029810798540076105,nr109.png,3.0,0.05962159708015221,nr93.png,2.0,0.12861230227289974,nr121.png,1.0,0.057492254327289626,nr41.png,1.0,0.04641967201240422,nr120.png,7.0,0.11242929735114417,nr95.png,5.0,0.0,nr76.png,7.0,0.1077447432948465,nr28.png,4.0,0.04471619781011416,nr111.png,4.0,0.0,nr84.png,7.0,0.0,nr8.png,2.0,0.0,nr4.png,16
1116,14.0,103.0,16.0,11.0,3731.0,5.0,0.0,nr52.png,1.0,0.0,nr56.png,5.0,0.03705056389980888,nr11.png,5.0,0.09326521257538097,nr96.png,7.0,0.029810798540076105,nr109.png,3.0,0.05962159708015221,nr93.png,2.0,0.12861230227289974,nr121.png,1.0,0.057492254327289626,nr41.png,1.0,0.04641967201240422,nr120.png,7.0,0.11242929735114417,nr95.png,5.0,0.0,nr76.png,7.0,0.1077447432948465,nr28.png,4.0,0.04471619781011416,nr111.png,4.0,0.0,nr84.png,7.0,0.0,nr8.png,2.0,0.0,nr4.png,16
1117,14.0,103.0,17.0,11.0,3592.0,5.0,0.0,nr52.png,1.0,0.0,nr56.png,5.0,0.03705056389980888,nr11.png,5.0,0.09326521257538097,nr96.png,7.0,0.029810798540076105,nr109.png,3.0,0.05962159708015221,nr93.png,2.0,0.12861230227289974,nr121.png,1.0,0.057492254327289626,nr41.png,1.0,0.04641967201240422,nr120.png,7.0,0.11242929735114417,nr95.png,5.0,0.0,nr76.png,7.0,0.1077447432948465,nr28.png,4.0,0.04471619781011416,nr111.png,4.0,0.0,nr84.png,7.0,0.0,nr8.png,2.0,0.0,nr4.png,16
1118,14.0,103.0,18.0,11.0,4407.0,5.0,0.0,nr52.png,1.0,0.0,nr56.png,5.0,0.03705056389980888,nr11.png,5.0,0.09326521257538097,nr96.png,7.0,0.029810798540076105,nr109.png,3.0,0.05962159708015221,nr93.png,2.0,0.12861230227289974,nr121.png,1.0,0.057492254327289626,nr41.png,1.0,0.04641967201240422,nr120.png,7.0,0.11242929735114417,nr95.png,5.0,0.0,nr76.png,7.0,0.1077447432948465,nr28.png,4.0,0.04471619781011416,nr111.png,4.0,0.0,nr84.png,7.0,0.0,nr8.png,2.0,0.0,nr4.png,16
1119,14.0,103.0,19.0,9.0,3582.0,5.0,0.0,nr52.png,1.0,0.0,nr56.png,5.0,0.03705056389980888,nr11.png,5.0,0.09326521257538097,nr96.png,7.0,0.029810798540076105,nr109.png,3.0,0.05962159708015221,nr93.png,2.0,0.12861230227289974,nr121.png,1.0,0.057492254327289626,nr41.png,1.0,0.04641967201240422,nr120.png,7.0,0.11242929735114417,nr95.png,5.0,0.0,nr76.png,7.0,0.1077447432948465,nr28.png,4.0,0.04471619781011416,nr111.png,4.0,0.0,nr84.png,7.0,0.0,nr8.png,2.0,0.0,nr4.png,16
1120,14.0,103.0,20.0,9.0,4849.0,5.0,0.0,nr52.png,1.0,0.0,nr56.png,5.0,0.03705056389980888,nr11.png,5.0,0.09326521257538097,nr96.png,7.0,0.029810798540076105,nr109.png,3.0,0.05962159708015221,nr93.png,2.0,0.12861230227289974,nr121.png,1.0,0.057492254327289626,nr41.png,1.0,0.04641967201240422,nr120.png,7.0,0.11242929735114417,nr95.png,5.0,0.0,nr76.png,7.0,0.1077447432948465,nr28.png,4.0,0.04471619781011416,nr111.png,4.0,0.0,nr84.png,7.0,0.0,nr8.png,2.0,0.0,nr4.png,16
1121,14.0,103.0,21.0,9.0,6453.0,5.0,0.0,nr52.png,1.0,0.0,nr56.png,5.0,0.03705056389980888,nr11.png,5.0,0.09326521257538097,nr96.png,7.0,0.029810798540076105,nr109.png,3.0,0.05962159708015221,nr93.png,2.0,0.12861230227289974,nr121.png,1.0,0.057492254327289626,nr41.png,1.0,0.04641967201240422,nr120.png,7.0,0.11242929735114417,nr95.png,5.0,0.0,nr76.png,7.0,0.1077447432948465,nr28.png,4.0,0.04471619781011416,nr111.png,4.0,0.0,nr84.png,7.0,0.0,nr8.png,2.0,0.0,nr4.png,16
1122,14.0,103.0,22.0,4.0,5999.0,5.0,0.0,nr52.png,1.0,0.0,nr56.png,5.0,0.03705056389980888,nr11.png,5.0,0.09326521257538097,nr96.png,7.0,0.029810798540076105,nr109.png,3.0,0.05962159708015221,nr93.png,2.0,0.12861230227289974,nr121.png,1.0,0.057492254327289626,nr41.png,1.0,0.04641967201240422,nr120.png,7.0,0.11242929735114417,nr95.png,5.0,0.0,nr76.png,7.0,0.1077447432948465,nr28.png,4.0,0.04471619781011416,nr111.png,4.0,0.0,nr84.png,7.0,0.0,nr8.png,2.0,0.0,nr4.png,16
1123,14.0,103.0,23.0,14.0,4645.0,5.0,0.0,nr52.png,1.0,0.0,nr56.png,5.0,0.03705056389980888,nr11.png,5.0,0.09326521257538097,nr96.png,7.0,0.029810798540076105,nr109.png,3.0,0.05962159708015221,nr93.png,2.0,0.12861230227289974,nr121.png,1.0,0.057492254327289626,nr41.png,1.0,0.04641967201240422,nr120.png,7.0,0.11242929735114417,nr95.png,5.0,0.0,nr76.png,7.0,0.1077447432948465,nr28.png,4.0,0.04471619781011416,nr111.png,4.0,0.0,nr84.png,7.0,0.0,nr8.png,2.0,0.0,nr4.png,16
1124,14.0,103.0,24.0,14.0,4407.0,5.0,0.0,nr52.png,1.0,0.0,nr56.png,5.0,0.03705056389980888,nr11.png,5.0,0.09326521257538097,nr96.png,7.0,0.029810798540076105,nr109.png,3.0,0.05962159708015221,nr93.png,2.0,0.12861230227289974,nr121.png,1.0,0.057492254327289626,nr41.png,1.0,0.04641967201240422,nr120.png,7.0,0.11242929735114417,nr95.png,5.0,0.0,nr76.png,7.0,0.1077447432948465,nr28.png,4.0,0.04471619781011416,nr111.png,4.0,0.0,nr84.png,7.0,0.0,nr8.png,2.0,0.0,nr4.png,16
1125,14.0,103.0,25.0,10.0,3951.0,5.0,0.0,nr52.png,1.0,0.0,nr56.png,5.0,0.03705056389980888,nr11.png,5.0,0.09326521257538097,nr96.png,7.0,0.029810798540076105,nr109.png,3.0,0.05962159708015221,nr93.png,2.0,0.12861230227289974,nr121.png,1.0,0.057492254327289626,nr41.png,1.0,0.04641967201240422,nr120.png,7.0,0.11242929735114417,nr95.png,5.0,0.0,nr76.png,7.0,0.1077447432948465,nr28.png,4.0,0.04471619781011416,nr111.png,4.0,0.0,nr84.png,7.0,0.0,nr8.png,2.0,0.0,nr4.png,16
1126,14.0,103.0,26.0,4.0,4356.0,5.0,0.0,nr52.png,1.0,0.0,nr56.png,5.0,0.03705056389980888,nr11.png,5.0,0.09326521257538097,nr96.png,7.0,0.029810798540076105,nr109.png,3.0,0.05962159708015221,nr93.png,2.0,0.12861230227289974,nr121.png,1.0,0.057492254327289626,nr41.png,1.0,0.04641967201240422,nr120.png,7.0,0.11242929735114417,nr95.png,5.0,0.0,nr76.png,7.0,0.1077447432948465,nr28.png,4.0,0.04471619781011416,nr111.png,4.0,0.0,nr84.png,7.0,0.0,nr8.png,2.0,0.0,nr4.png,16
1127,14.0,103.0,27.0,11.0,5299.0,5.0,0.0,nr52.png,1.0,0.0,nr56.png,5.0,0.03705056389980888,nr11.png,5.0,0.09326521257538097,nr96.png,7.0,0.029810798540076105,nr109.png,3.0,0.05962159708015221,nr93.png,2.0,0.12861230227289974,nr121.png,1.0,0.057492254327289626,nr41.png,1.0,0.04641967201240422,nr120.png,7.0,0.11242929735114417,nr95.png,5.0,0.0,nr76.png,7.0,0.1077447432948465,nr28.png,4.0,0.04471619781011416,nr111.png,4.0,0.0,nr84.png,7.0,0.0,nr8.png,2.0,0.0,nr4.png,16
1128,14.0,103.0,28.0,4.0,3525.0,5.0,0.0,nr52.png,1.0,0.0,nr56.png,5.0,0.03705056389980888,nr11.png,5.0,0.09326521257538097,nr96.png,7.0,0.029810798540076105,nr109.png,3.0,0.05962159708015221,nr93.png,2.0,0.12861230227289974,nr121.png,1.0,0.057492254327289626,nr41.png,1.0,0.04641967201240422,nr120.png,7.0,0.11242929735114417,nr95.png,5.0,0.0,nr76.png,7.0,0.1077447432948465,nr28.png,4.0,0.04471619781011416,nr111.png,4.0,0.0,nr84.png,7.0,0.0,nr8.png,2.0,0.0,nr4.png,16
1129,14.0,103.0,29.0,11.0,4475.0,5.0,0.0,nr52.png,1.0,0.0,nr56.png,5.0,0.03705056389980888,nr11.png,5.0,0.09326521257538097,nr96.png,7.0,0.029810798540076105,nr109.png,3.0,0.05962159708015221,nr93.png,2.0,0.12861230227289974,nr121.png,1.0,0.057492254327289626,nr41.png,1.0,0.04641967201240422,nr120.png,7.0,0.11242929735114417,nr95.png,5.0,0.0,nr76.png,7.0,0.1077447432948465,nr28.png,4.0,0.04471619781011416,nr111.png,4.0,0.0,nr84.png,7.0,0.0,nr8.png,2.0,0.0,nr4.png,16
1130,14.0,103.0,30.0,0.0,4920.0,5.0,0.0,nr52.png,1.0,0.0,nr56.png,5.0,0.03705056389980888,nr11.png,5.0,0.09326521257538097,nr96.png,7.0,0.029810798540076105,nr109.png,3.0,0.05962159708015221,nr93.png,2.0,0.12861230227289974,nr121.png,1.0,0.057492254327289626,nr41.png,1.0,0.04641967201240422,nr120.png,7.0,0.11242929735114417,nr95.png,5.0,0.0,nr76.png,7.0,0.1077447432948465,nr28.png,4.0,0.04471619781011416,nr111.png,4.0,0.0,nr84.png,7.0,0.0,nr8.png,2.0,0.0,nr4.png,16
1131,14.0,103.0,31.0,3.0,4912.0,5.0,0.0,nr52.png,1.0,0.0,nr56.png,5.0,0.03705056389980888,nr11.png,5.0,0.09326521257538097,nr96.png,7.0,0.029810798540076105,nr109.png,3.0,0.05962159708015221,nr93.png,2.0,0.12861230227289974,nr121.png,1.0,0.057492254327289626,nr41.png,1.0,0.04641967201240422,nr120.png,7.0,0.11242929735114417,nr95.png,5.0,0.0,nr76.png,7.0,0.1077447432948465,nr28.png,4.0,0.04471619781011416,nr111.png,4.0,0.0,nr84.png,7.0,0.0,nr8.png,2.0,0.0,nr4.png,16
1132,14.0,103.0,32.0,11.0,4443.0,5.0,0.0,nr52.png,1.0,0.0,nr56.png,5.0,0.03705056389980888,nr11.png,5.0,0.09326521257538097,nr96.png,7.0,0.029810798540076105,nr109.png,3.0,0.05962159708015221,nr93.png,2.0,0.12861230227289974,nr121.png,1.0,0.057492254327289626,nr41.png,1.0,0.04641967201240422,nr120.png,7.0,0.11242929735114417,nr95.png,5.0,0.0,nr76.png,7.0,0.1077447432948465,nr28.png,4.0,0.04471619781011416,nr111.png,4.0,0.0,nr84.png,7.0,0.0,nr8.png,2.0,0.0,nr4.png,16
1133,14.0,103.0,33.0,9.0,5195.0,5.0,0.0,nr52.png,1.0,0.0,nr56.png,5.0,0.03705056389980888,nr11.png,5.0,0.09326521257538097,nr96.png,7.0,0.029810798540076105,nr109.png,3.0,0.05962159708015221,nr93.png,2.0,0.12861230227289974,nr121.png,1.0,0.057492254327289626,nr41.png,1.0,0.04641967201240422,nr120.png,7.0,0.11242929735114417,nr95.png,5.0,0.0,nr76.png,7.0,0.1077447432948465,nr28.png,4.0,0.04471619781011416,nr111.png,4.0,0.0,nr84.png,7.0,0.0,nr8.png,2.0,0.0,nr4.png,16
1134,14.0,103.0,34.0,9.0,4295.0,5.0,0.0,nr52.png,1.0,0.0,nr56.png,5.0,0.03705056389980888,nr11.png,5.0,0.09326521257538097,nr96.png,7.0,0.029810798540076105,nr109.png,3.0,0.05962159708015221,nr93.png,2.0,0.12861230227289974,nr121.png,1.0,0.057492254327289626,nr41.png,1.0,0.04641967201240422,nr120.png,7.0,0.11242929735114417,nr95.png,5.0,0.0,nr76.png,7.0,0.1077447432948465,nr28.png,4.0,0.04471619781011416,nr111.png,4.0,0.0,nr84.png,7.0,0.0,nr8.png,2.0,0.0,nr4.png,16
1135,14.0,103.0,35.0,9.0,3812.0,5.0,0.0,nr52.png,1.0,0.0,nr56.png,5.0,0.03705056389980888,nr11.png,5.0,0.09326521257538097,nr96.png,7.0,0.029810798540076105,nr109.png,3.0,0.05962159708015221,nr93.png,2.0,0.12861230227289974,nr121.png,1.0,0.057492254327289626,nr41.png,1.0,0.04641967201240422,nr120.png,7.0,0.11242929735114417,nr95.png,5.0,0.0,nr76.png,7.0,0.1077447432948465,nr28.png,4.0,0.04471619781011416,nr111.png,4.0,0.0,nr84.png,7.0,0.0,nr8.png,2.0,0.0,nr4.png,16
1136,14.0,103.0,36.0,9.0,3935.0,5.0,0.0,nr52.png,1.0,0.0,nr56.png,5.0,0.03705056389980888,nr11.png,5.0,0.09326521257538097,nr96.png,7.0,0.029810798540076105,nr109.png,3.0,0.05962159708015221,nr93.png,2.0,0.12861230227289974,nr121.png,1.0,0.057492254327289626,nr41.png,1.0,0.04641967201240422,nr120.png,7.0,0.11242929735114417,nr95.png,5.0,0.0,nr76.png,7.0,0.1077447432948465,nr28.png,4.0,0.04471619781011416,nr111.png,4.0,0.0,nr84.png,7.0,0.0,nr8.png,2.0,0.0,nr4.png,16
1137,14.0,103.0,37.0,9.0,3964.0,5.0,0.0,nr52.png,1.0,0.0,nr56.png,5.0,0.03705056389980888,nr11.png,5.0,0.09326521257538097,nr96.png,7.0,0.029810798540076105,nr109.png,3.0,0.05962159708015221,nr93.png,2.0,0.12861230227289974,nr121.png,1.0,0.057492254327289626,nr41.png,1.0,0.04641967201240422,nr120.png,7.0,0.11242929735114417,nr95.png,5.0,0.0,nr76.png,7.0,0.1077447432948465,nr28.png,4.0,0.04471619781011416,nr111.png,4.0,0.0,nr84.png,7.0,0.0,nr8.png,2.0,0.0,nr4.png,16
1138,14.0,103.0,38.0,14.0,4526.0,5.0,0.0,nr52.png,1.0,0.0,nr56.png,5.0,0.03705056389980888,nr11.png,5.0,0.09326521257538097,nr96.png,7.0,0.029810798540076105,nr109.png,3.0,0.05962159708015221,nr93.png,2.0,0.12861230227289974,nr121.png,1.0,0.057492254327289626,nr41.png,1.0,0.04641967201240422,nr120.png,7.0,0.11242929735114417,nr95.png,5.0,0.0,nr76.png,7.0,0.1077447432948465,nr28.png,4.0,0.04471619781011416,nr111.png,4.0,0.0,nr84.png,7.0,0.0,nr8.png,2.0,0.0,nr4.png,16
1139,14.0,103.0,39.0,11.0,6632.0,5.0,0.0,nr52.png,1.0,0.0,nr56.png,5.0,0.03705056389980888,nr11.png,5.0,0.09326521257538097,nr96.png,7.0,0.029810798540076105,nr109.png,3.0,0.05962159708015221,nr93.png,2.0,0.12861230227289974,nr121.png,1.0,0.057492254327289626,nr41.png,1.0,0.04641967201240422,nr120.png,7.0,0.11242929735114417,nr95.png,5.0,0.0,nr76.png,7.0,0.1077447432948465,nr28.png,4.0,0.04471619781011416,nr111.png,4.0,0.0,nr84.png,7.0,0.0,nr8.png,2.0,0.0,nr4.png,16
1140,14.0,103.0,40.0,14.0,4884.0,5.0,0.0,nr52.png,1.0,0.0,nr56.png,5.0,0.03705056389980888,nr11.png,5.0,0.09326521257538097,nr96.png,7.0,0.029810798540076105,nr109.png,3.0,0.05962159708015221,nr93.png,2.0,0.12861230227289974,nr121.png,1.0,0.057492254327289626,nr41.png,1.0,0.04641967201240422,nr120.png,7.0,0.11242929735114417,nr95.png,5.0,0.0,nr76.png,7.0,0.1077447432948465,nr28.png,4.0,0.04471619781011416,nr111.png,4.0,0.0,nr84.png,7.0,0.0,nr8.png,2.0,0.0,nr4.png,16
1141,14.0,103.0,41.0,4.0,5817.0,5.0,0.0,nr52.png,1.0,0.0,nr56.png,5.0,0.03705056389980888,nr11.png,5.0,0.09326521257538097,nr96.png,7.0,0.029810798540076105,nr109.png,3.0,0.05962159708015221,nr93.png,2.0,0.12861230227289974,nr121.png,1.0,0.057492254327289626,nr41.png,1.0,0.04641967201240422,nr120.png,7.0,0.11242929735114417,nr95.png,5.0,0.0,nr76.png,7.0,0.1077447432948465,nr28.png,4.0,0.04471619781011416,nr111.png,4.0,0.0,nr84.png,7.0,0.0,nr8.png,2.0,0.0,nr4.png,16
1142,14.0,103.0,42.0,3.0,6588.0,5.0,0.0,nr52.png,1.0,0.0,nr56.png,5.0,0.03705056389980888,nr11.png,5.0,0.09326521257538097,nr96.png,7.0,0.029810798540076105,nr109.png,3.0,0.05962159708015221,nr93.png,2.0,0.12861230227289974,nr121.png,1.0,0.057492254327289626,nr41.png,1.0,0.04641967201240422,nr120.png,7.0,0.11242929735114417,nr95.png,5.0,0.0,nr76.png,7.0,0.1077447432948465,nr28.png,4.0,0.04471619781011416,nr111.png,4.0,0.0,nr84.png,7.0,0.0,nr8.png,2.0,0.0,nr4.png,16
1143,14.0,103.0,43.0,9.0,5276.0,5.0,0.0,nr52.png,1.0,0.0,nr56.png,5.0,0.03705056389980888,nr11.png,5.0,0.09326521257538097,nr96.png,7.0,0.029810798540076105,nr109.png,3.0,0.05962159708015221,nr93.png,2.0,0.12861230227289974,nr121.png,1.0,0.057492254327289626,nr41.png,1.0,0.04641967201240422,nr120.png,7.0,0.11242929735114417,nr95.png,5.0,0.0,nr76.png,7.0,0.1077447432948465,nr28.png,4.0,0.04471619781011416,nr111.png,4.0,0.0,nr84.png,7.0,0.0,nr8.png,2.0,0.0,nr4.png,16
1144,14.0,103.0,44.0,9.0,4410.0,5.0,0.0,nr52.png,1.0,0.0,nr56.png,5.0,0.03705056389980888,nr11.png,5.0,0.09326521257538097,nr96.png,7.0,0.029810798540076105,nr109.png,3.0,0.05962159708015221,nr93.png,2.0,0.12861230227289974,nr121.png,1.0,0.057492254327289626,nr41.png,1.0,0.04641967201240422,nr120.png,7.0,0.11242929735114417,nr95.png,5.0,0.0,nr76.png,7.0,0.1077447432948465,nr28.png,4.0,0.04471619781011416,nr111.png,4.0,0.0,nr84.png,7.0,0.0,nr8.png,2.0,0.0,nr4.png,16
1145,14.0,103.0,45.0,11.0,4589.0,5.0,0.0,nr52.png,1.0,0.0,nr56.png,5.0,0.03705056389980888,nr11.png,5.0,0.09326521257538097,nr96.png,7.0,0.029810798540076105,nr109.png,3.0,0.05962159708015221,nr93.png,2.0,0.12861230227289974,nr121.png,1.0,0.057492254327289626,nr41.png,1.0,0.04641967201240422,nr120.png,7.0,0.11242929735114417,nr95.png,5.0,0.0,nr76.png,7.0,0.1077447432948465,nr28.png,4.0,0.04471619781011416,nr111.png,4.0,0.0,nr84.png,7.0,0.0,nr8.png,2.0,0.0,nr4.png,16
1146,14.0,103.0,46.0,4.0,5856.0,5.0,0.0,nr52.png,1.0,0.0,nr56.png,5.0,0.03705056389980888,nr11.png,5.0,0.09326521257538097,nr96.png,7.0,0.029810798540076105,nr109.png,3.0,0.05962159708015221,nr93.png,2.0,0.12861230227289974,nr121.png,1.0,0.057492254327289626,nr41.png,1.0,0.04641967201240422,nr120.png,7.0,0.11242929735114417,nr95.png,5.0,0.0,nr76.png,7.0,0.1077447432948465,nr28.png,4.0,0.04471619781011416,nr111.png,4.0,0.0,nr84.png,7.0,0.0,nr8.png,2.0,0.0,nr4.png,16
1147,14.0,103.0,47.0,2.0,3772.0,5.0,0.0,nr52.png,1.0,0.0,nr56.png,5.0,0.03705056389980888,nr11.png,5.0,0.09326521257538097,nr96.png,7.0,0.029810798540076105,nr109.png,3.0,0.05962159708015221,nr93.png,2.0,0.12861230227289974,nr121.png,1.0,0.057492254327289626,nr41.png,1.0,0.04641967201240422,nr120.png,7.0,0.11242929735114417,nr95.png,5.0,0.0,nr76.png,7.0,0.1077447432948465,nr28.png,4.0,0.04471619781011416,nr111.png,4.0,0.0,nr84.png,7.0,0.0,nr8.png,2.0,0.0,nr4.png,16
1148,14.0,103.0,48.0,9.0,3630.0,5.0,0.0,nr52.png,1.0,0.0,nr56.png,5.0,0.03705056389980888,nr11.png,5.0,0.09326521257538097,nr96.png,7.0,0.029810798540076105,nr109.png,3.0,0.05962159708015221,nr93.png,2.0,0.12861230227289974,nr121.png,1.0,0.057492254327289626,nr41.png,1.0,0.04641967201240422,nr120.png,7.0,0.11242929735114417,nr95.png,5.0,0.0,nr76.png,7.0,0.1077447432948465,nr28.png,4.0,0.04471619781011416,nr111.png,4.0,0.0,nr84.png,7.0,0.0,nr8.png,2.0,0.0,nr4.png,16
1149,14.0,103.0,49.0,5.0,5516.0,5.0,0.0,nr52.png,1.0,0.0,nr56.png,5.0,0.03705056389980888,nr11.png,5.0,0.09326521257538097,nr96.png,7.0,0.029810798540076105,nr109.png,3.0,0.05962159708015221,nr93.png,2.0,0.12861230227289974,nr121.png,1.0,0.057492254327289626,nr41.png,1.0,0.04641967201240422,nr120.png,7.0,0.11242929735114417,nr95.png,5.0,0.0,nr76.png,7.0,0.1077447432948465,nr28.png,4.0,0.04471619781011416,nr111.png,4.0,0.0,nr84.png,7.0,0.0,nr8.png,2.0,0.0,nr4.png,16
1150,14.0,104.0,0.0,1.0,5822.0,3.0,0.040000911506863364,nr48.png,5.0,0.12026764121931102,nr96.png,7.0,0.0,nr39.png,6.0,0.01404005503221032,nr9.png,7.0,0.0,nr46.png,3.0,0.037881657917095767,nr93.png,1.0,0.0429148851927938,nr55.png,7.0,0.15735457904024394,nr75.png,3.0,0.0,nr19.png,4.0,0.060928540705818365,nr2.png,6.0,0.0,nr53.png,5.0,0.0,nr125.png,7.0,0.09973737206843744,nr62.png,5.0,0.07602822253291247,nr80.png,5.0,0.05324624644291083,nr106.png,6.0,0.0,nr18.png,16
1151,14.0,104.0,1.0,12.0,3881.0,3.0,0.040000911506863364,nr48.png,5.0,0.12026764121931102,nr96.png,7.0,0.0,nr39.png,6.0,0.01404005503221032,nr9.png,7.0,0.0,nr46.png,3.0,0.037881657917095767,nr93.png,1.0,0.0429148851927938,nr55.png,7.0,0.15735457904024394,nr75.png,3.0,0.0,nr19.png,4.0,0.060928540705818365,nr2.png,6.0,0.0,nr53.png,5.0,0.0,nr125.png,7.0,0.09973737206843744,nr62.png,5.0,0.07602822253291247,nr80.png,5.0,0.05324624644291083,nr106.png,6.0,0.0,nr18.png,16
1152,14.0,104.0,2.0,7.0,3554.0,3.0,0.040000911506863364,nr48.png,5.0,0.12026764121931102,nr96.png,7.0,0.0,nr39.png,6.0,0.01404005503221032,nr9.png,7.0,0.0,nr46.png,3.0,0.037881657917095767,nr93.png,1.0,0.0429148851927938,nr55.png,7.0,0.15735457904024394,nr75.png,3.0,0.0,nr19.png,4.0,0.060928540705818365,nr2.png,6.0,0.0,nr53.png,5.0,0.0,nr125.png,7.0,0.09973737206843744,nr62.png,5.0,0.07602822253291247,nr80.png,5.0,0.05324624644291083,nr106.png,6.0,0.0,nr18.png,16
1153,14.0,104.0,3.0,4.0,4192.0,3.0,0.040000911506863364,nr48.png,5.0,0.12026764121931102,nr96.png,7.0,0.0,nr39.png,6.0,0.01404005503221032,nr9.png,7.0,0.0,nr46.png,3.0,0.037881657917095767,nr93.png,1.0,0.0429148851927938,nr55.png,7.0,0.15735457904024394,nr75.png,3.0,0.0,nr19.png,4.0,0.060928540705818365,nr2.png,6.0,0.0,nr53.png,5.0,0.0,nr125.png,7.0,0.09973737206843744,nr62.png,5.0,0.07602822253291247,nr80.png,5.0,0.05324624644291083,nr106.png,6.0,0.0,nr18.png,16
1154,14.0,104.0,4.0,7.0,4360.0,3.0,0.040000911506863364,nr48.png,5.0,0.12026764121931102,nr96.png,7.0,0.0,nr39.png,6.0,0.01404005503221032,nr9.png,7.0,0.0,nr46.png,3.0,0.037881657917095767,nr93.png,1.0,0.0429148851927938,nr55.png,7.0,0.15735457904024394,nr75.png,3.0,0.0,nr19.png,4.0,0.060928540705818365,nr2.png,6.0,0.0,nr53.png,5.0,0.0,nr125.png,7.0,0.09973737206843744,nr62.png,5.0,0.07602822253291247,nr80.png,5.0,0.05324624644291083,nr106.png,6.0,0.0,nr18.png,16
1155,14.0,104.0,5.0,0.0,7026.0,3.0,0.040000911506863364,nr48.png,5.0,0.12026764121931102,nr96.png,7.0,0.0,nr39.png,6.0,0.01404005503221032,nr9.png,7.0,0.0,nr46.png,3.0,0.037881657917095767,nr93.png,1.0,0.0429148851927938,nr55.png,7.0,0.15735457904024394,nr75.png,3.0,0.0,nr19.png,4.0,0.060928540705818365,nr2.png,6.0,0.0,nr53.png,5.0,0.0,nr125.png,7.0,0.09973737206843744,nr62.png,5.0,0.07602822253291247,nr80.png,5.0,0.05324624644291083,nr106.png,6.0,0.0,nr18.png,16
1156,14.0,104.0,6.0,15.0,4005.0,3.0,0.040000911506863364,nr48.png,5.0,0.12026764121931102,nr96.png,7.0,0.0,nr39.png,6.0,0.01404005503221032,nr9.png,7.0,0.0,nr46.png,3.0,0.037881657917095767,nr93.png,1.0,0.0429148851927938,nr55.png,7.0,0.15735457904024394,nr75.png,3.0,0.0,nr19.png,4.0,0.060928540705818365,nr2.png,6.0,0.0,nr53.png,5.0,0.0,nr125.png,7.0,0.09973737206843744,nr62.png,5.0,0.07602822253291247,nr80.png,5.0,0.05324624644291083,nr106.png,6.0,0.0,nr18.png,16
1157,14.0,104.0,7.0,0.0,4877.0,3.0,0.040000911506863364,nr48.png,5.0,0.12026764121931102,nr96.png,7.0,0.0,nr39.png,6.0,0.01404005503221032,nr9.png,7.0,0.0,nr46.png,3.0,0.037881657917095767,nr93.png,1.0,0.0429148851927938,nr55.png,7.0,0.15735457904024394,nr75.png,3.0,0.0,nr19.png,4.0,0.060928540705818365,nr2.png,6.0,0.0,nr53.png,5.0,0.0,nr125.png,7.0,0.09973737206843744,nr62.png,5.0,0.07602822253291247,nr80.png,5.0,0.05324624644291083,nr106.png,6.0,0.0,nr18.png,16
1158,14.0,104.0,8.0,7.0,5687.0,3.0,0.040000911506863364,nr48.png,5.0,0.12026764121931102,nr96.png,7.0,0.0,nr39.png,6.0,0.01404005503221032,nr9.png,7.0,0.0,nr46.png,3.0,0.037881657917095767,nr93.png,1.0,0.0429148851927938,nr55.png,7.0,0.15735457904024394,nr75.png,3.0,0.0,nr19.png,4.0,0.060928540705818365,nr2.png,6.0,0.0,nr53.png,5.0,0.0,nr125.png,7.0,0.09973737206843744,nr62.png,5.0,0.07602822253291247,nr80.png,5.0,0.05324624644291083,nr106.png,6.0,0.0,nr18.png,16
1159,14.0,104.0,9.0,7.0,3393.0,3.0,0.040000911506863364,nr48.png,5.0,0.12026764121931102,nr96.png,7.0,0.0,nr39.png,6.0,0.01404005503221032,nr9.png,7.0,0.0,nr46.png,3.0,0.037881657917095767,nr93.png,1.0,0.0429148851927938,nr55.png,7.0,0.15735457904024394,nr75.png,3.0,0.0,nr19.png,4.0,0.060928540705818365,nr2.png,6.0,0.0,nr53.png,5.0,0.0,nr125.png,7.0,0.09973737206843744,nr62.png,5.0,0.07602822253291247,nr80.png,5.0,0.05324624644291083,nr106.png,6.0,0.0,nr18.png,16
1160,14.0,104.0,10.0,0.0,5334.0,3.0,0.040000911506863364,nr48.png,5.0,0.12026764121931102,nr96.png,7.0,0.0,nr39.png,6.0,0.01404005503221032,nr9.png,7.0,0.0,nr46.png,3.0,0.037881657917095767,nr93.png,1.0,0.0429148851927938,nr55.png,7.0,0.15735457904024394,nr75.png,3.0,0.0,nr19.png,4.0,0.060928540705818365,nr2.png,6.0,0.0,nr53.png,5.0,0.0,nr125.png,7.0,0.09973737206843744,nr62.png,5.0,0.07602822253291247,nr80.png,5.0,0.05324624644291083,nr106.png,6.0,0.0,nr18.png,16
1161,14.0,104.0,11.0,7.0,4152.0,3.0,0.040000911506863364,nr48.png,5.0,0.12026764121931102,nr96.png,7.0,0.0,nr39.png,6.0,0.01404005503221032,nr9.png,7.0,0.0,nr46.png,3.0,0.037881657917095767,nr93.png,1.0,0.0429148851927938,nr55.png,7.0,0.15735457904024394,nr75.png,3.0,0.0,nr19.png,4.0,0.060928540705818365,nr2.png,6.0,0.0,nr53.png,5.0,0.0,nr125.png,7.0,0.09973737206843744,nr62.png,5.0,0.07602822253291247,nr80.png,5.0,0.05324624644291083,nr106.png,6.0,0.0,nr18.png,16
1162,14.0,104.0,12.0,2.0,3885.0,3.0,0.040000911506863364,nr48.png,5.0,0.12026764121931102,nr96.png,7.0,0.0,nr39.png,6.0,0.01404005503221032,nr9.png,7.0,0.0,nr46.png,3.0,0.037881657917095767,nr93.png,1.0,0.0429148851927938,nr55.png,7.0,0.15735457904024394,nr75.png,3.0,0.0,nr19.png,4.0,0.060928540705818365,nr2.png,6.0,0.0,nr53.png,5.0,0.0,nr125.png,7.0,0.09973737206843744,nr62.png,5.0,0.07602822253291247,nr80.png,5.0,0.05324624644291083,nr106.png,6.0,0.0,nr18.png,16
1163,14.0,104.0,13.0,7.0,5211.0,3.0,0.040000911506863364,nr48.png,5.0,0.12026764121931102,nr96.png,7.0,0.0,nr39.png,6.0,0.01404005503221032,nr9.png,7.0,0.0,nr46.png,3.0,0.037881657917095767,nr93.png,1.0,0.0429148851927938,nr55.png,7.0,0.15735457904024394,nr75.png,3.0,0.0,nr19.png,4.0,0.060928540705818365,nr2.png,6.0,0.0,nr53.png,5.0,0.0,nr125.png,7.0,0.09973737206843744,nr62.png,5.0,0.07602822253291247,nr80.png,5.0,0.05324624644291083,nr106.png,6.0,0.0,nr18.png,16
1164,14.0,104.0,14.0,12.0,3697.0,3.0,0.040000911506863364,nr48.png,5.0,0.12026764121931102,nr96.png,7.0,0.0,nr39.png,6.0,0.01404005503221032,nr9.png,7.0,0.0,nr46.png,3.0,0.037881657917095767,nr93.png,1.0,0.0429148851927938,nr55.png,7.0,0.15735457904024394,nr75.png,3.0,0.0,nr19.png,4.0,0.060928540705818365,nr2.png,6.0,0.0,nr53.png,5.0,0.0,nr125.png,7.0,0.09973737206843744,nr62.png,5.0,0.07602822253291247,nr80.png,5.0,0.05324624644291083,nr106.png,6.0,0.0,nr18.png,16
1165,14.0,104.0,15.0,12.0,4019.0,3.0,0.040000911506863364,nr48.png,5.0,0.12026764121931102,nr96.png,7.0,0.0,nr39.png,6.0,0.01404005503221032,nr9.png,7.0,0.0,nr46.png,3.0,0.037881657917095767,nr93.png,1.0,0.0429148851927938,nr55.png,7.0,0.15735457904024394,nr75.png,3.0,0.0,nr19.png,4.0,0.060928540705818365,nr2.png,6.0,0.0,nr53.png,5.0,0.0,nr125.png,7.0,0.09973737206843744,nr62.png,5.0,0.07602822253291247,nr80.png,5.0,0.05324624644291083,nr106.png,6.0,0.0,nr18.png,16
1166,14.0,104.0,16.0,7.0,4895.0,3.0,0.040000911506863364,nr48.png,5.0,0.12026764121931102,nr96.png,7.0,0.0,nr39.png,6.0,0.01404005503221032,nr9.png,7.0,0.0,nr46.png,3.0,0.037881657917095767,nr93.png,1.0,0.0429148851927938,nr55.png,7.0,0.15735457904024394,nr75.png,3.0,0.0,nr19.png,4.0,0.060928540705818365,nr2.png,6.0,0.0,nr53.png,5.0,0.0,nr125.png,7.0,0.09973737206843744,nr62.png,5.0,0.07602822253291247,nr80.png,5.0,0.05324624644291083,nr106.png,6.0,0.0,nr18.png,16
1167,14.0,104.0,17.0,2.0,4060.0,3.0,0.040000911506863364,nr48.png,5.0,0.12026764121931102,nr96.png,7.0,0.0,nr39.png,6.0,0.01404005503221032,nr9.png,7.0,0.0,nr46.png,3.0,0.037881657917095767,nr93.png,1.0,0.0429148851927938,nr55.png,7.0,0.15735457904024394,nr75.png,3.0,0.0,nr19.png,4.0,0.060928540705818365,nr2.png,6.0,0.0,nr53.png,5.0,0.0,nr125.png,7.0,0.09973737206843744,nr62.png,5.0,0.07602822253291247,nr80.png,5.0,0.05324624644291083,nr106.png,6.0,0.0,nr18.png,16
1168,14.0,104.0,18.0,7.0,4551.0,3.0,0.040000911506863364,nr48.png,5.0,0.12026764121931102,nr96.png,7.0,0.0,nr39.png,6.0,0.01404005503221032,nr9.png,7.0,0.0,nr46.png,3.0,0.037881657917095767,nr93.png,1.0,0.0429148851927938,nr55.png,7.0,0.15735457904024394,nr75.png,3.0,0.0,nr19.png,4.0,0.060928540705818365,nr2.png,6.0,0.0,nr53.png,5.0,0.0,nr125.png,7.0,0.09973737206843744,nr62.png,5.0,0.07602822253291247,nr80.png,5.0,0.05324624644291083,nr106.png,6.0,0.0,nr18.png,16
1169,14.0,104.0,19.0,1.0,8348.0,3.0,0.040000911506863364,nr48.png,5.0,0.12026764121931102,nr96.png,7.0,0.0,nr39.png,6.0,0.01404005503221032,nr9.png,7.0,0.0,nr46.png,3.0,0.037881657917095767,nr93.png,1.0,0.0429148851927938,nr55.png,7.0,0.15735457904024394,nr75.png,3.0,0.0,nr19.png,4.0,0.060928540705818365,nr2.png,6.0,0.0,nr53.png,5.0,0.0,nr125.png,7.0,0.09973737206843744,nr62.png,5.0,0.07602822253291247,nr80.png,5.0,0.05324624644291083,nr106.png,6.0,0.0,nr18.png,16
1170,14.0,104.0,20.0,7.0,8637.0,3.0,0.040000911506863364,nr48.png,5.0,0.12026764121931102,nr96.png,7.0,0.0,nr39.png,6.0,0.01404005503221032,nr9.png,7.0,0.0,nr46.png,3.0,0.037881657917095767,nr93.png,1.0,0.0429148851927938,nr55.png,7.0,0.15735457904024394,nr75.png,3.0,0.0,nr19.png,4.0,0.060928540705818365,nr2.png,6.0,0.0,nr53.png,5.0,0.0,nr125.png,7.0,0.09973737206843744,nr62.png,5.0,0.07602822253291247,nr80.png,5.0,0.05324624644291083,nr106.png,6.0,0.0,nr18.png,16
1171,14.0,104.0,21.0,2.0,4312.0,3.0,0.040000911506863364,nr48.png,5.0,0.12026764121931102,nr96.png,7.0,0.0,nr39.png,6.0,0.01404005503221032,nr9.png,7.0,0.0,nr46.png,3.0,0.037881657917095767,nr93.png,1.0,0.0429148851927938,nr55.png,7.0,0.15735457904024394,nr75.png,3.0,0.0,nr19.png,4.0,0.060928540705818365,nr2.png,6.0,0.0,nr53.png,5.0,0.0,nr125.png,7.0,0.09973737206843744,nr62.png,5.0,0.07602822253291247,nr80.png,5.0,0.05324624644291083,nr106.png,6.0,0.0,nr18.png,16
1172,14.0,104.0,22.0,12.0,6813.0,3.0,0.040000911506863364,nr48.png,5.0,0.12026764121931102,nr96.png,7.0,0.0,nr39.png,6.0,0.01404005503221032,nr9.png,7.0,0.0,nr46.png,3.0,0.037881657917095767,nr93.png,1.0,0.0429148851927938,nr55.png,7.0,0.15735457904024394,nr75.png,3.0,0.0,nr19.png,4.0,0.060928540705818365,nr2.png,6.0,0.0,nr53.png,5.0,0.0,nr125.png,7.0,0.09973737206843744,nr62.png,5.0,0.07602822253291247,nr80.png,5.0,0.05324624644291083,nr106.png,6.0,0.0,nr18.png,16
1173,14.0,104.0,23.0,7.0,3682.0,3.0,0.040000911506863364,nr48.png,5.0,0.12026764121931102,nr96.png,7.0,0.0,nr39.png,6.0,0.01404005503221032,nr9.png,7.0,0.0,nr46.png,3.0,0.037881657917095767,nr93.png,1.0,0.0429148851927938,nr55.png,7.0,0.15735457904024394,nr75.png,3.0,0.0,nr19.png,4.0,0.060928540705818365,nr2.png,6.0,0.0,nr53.png,5.0,0.0,nr125.png,7.0,0.09973737206843744,nr62.png,5.0,0.07602822253291247,nr80.png,5.0,0.05324624644291083,nr106.png,6.0,0.0,nr18.png,16
1174,14.0,104.0,24.0,4.0,4446.0,3.0,0.040000911506863364,nr48.png,5.0,0.12026764121931102,nr96.png,7.0,0.0,nr39.png,6.0,0.01404005503221032,nr9.png,7.0,0.0,nr46.png,3.0,0.037881657917095767,nr93.png,1.0,0.0429148851927938,nr55.png,7.0,0.15735457904024394,nr75.png,3.0,0.0,nr19.png,4.0,0.060928540705818365,nr2.png,6.0,0.0,nr53.png,5.0,0.0,nr125.png,7.0,0.09973737206843744,nr62.png,5.0,0.07602822253291247,nr80.png,5.0,0.05324624644291083,nr106.png,6.0,0.0,nr18.png,16
1175,14.0,104.0,25.0,6.0,8026.0,3.0,0.040000911506863364,nr48.png,5.0,0.12026764121931102,nr96.png,7.0,0.0,nr39.png,6.0,0.01404005503221032,nr9.png,7.0,0.0,nr46.png,3.0,0.037881657917095767,nr93.png,1.0,0.0429148851927938,nr55.png,7.0,0.15735457904024394,nr75.png,3.0,0.0,nr19.png,4.0,0.060928540705818365,nr2.png,6.0,0.0,nr53.png,5.0,0.0,nr125.png,7.0,0.09973737206843744,nr62.png,5.0,0.07602822253291247,nr80.png,5.0,0.05324624644291083,nr106.png,6.0,0.0,nr18.png,16
1176,14.0,104.0,26.0,12.0,4477.0,3.0,0.040000911506863364,nr48.png,5.0,0.12026764121931102,nr96.png,7.0,0.0,nr39.png,6.0,0.01404005503221032,nr9.png,7.0,0.0,nr46.png,3.0,0.037881657917095767,nr93.png,1.0,0.0429148851927938,nr55.png,7.0,0.15735457904024394,nr75.png,3.0,0.0,nr19.png,4.0,0.060928540705818365,nr2.png,6.0,0.0,nr53.png,5.0,0.0,nr125.png,7.0,0.09973737206843744,nr62.png,5.0,0.07602822253291247,nr80.png,5.0,0.05324624644291083,nr106.png,6.0,0.0,nr18.png,16
1177,14.0,104.0,27.0,12.0,5440.0,3.0,0.040000911506863364,nr48.png,5.0,0.12026764121931102,nr96.png,7.0,0.0,nr39.png,6.0,0.01404005503221032,nr9.png,7.0,0.0,nr46.png,3.0,0.037881657917095767,nr93.png,1.0,0.0429148851927938,nr55.png,7.0,0.15735457904024394,nr75.png,3.0,0.0,nr19.png,4.0,0.060928540705818365,nr2.png,6.0,0.0,nr53.png,5.0,0.0,nr125.png,7.0,0.09973737206843744,nr62.png,5.0,0.07602822253291247,nr80.png,5.0,0.05324624644291083,nr106.png,6.0,0.0,nr18.png,16
1178,14.0,104.0,28.0,2.0,4288.0,3.0,0.040000911506863364,nr48.png,5.0,0.12026764121931102,nr96.png,7.0,0.0,nr39.png,6.0,0.01404005503221032,nr9.png,7.0,0.0,nr46.png,3.0,0.037881657917095767,nr93.png,1.0,0.0429148851927938,nr55.png,7.0,0.15735457904024394,nr75.png,3.0,0.0,nr19.png,4.0,0.060928540705818365,nr2.png,6.0,0.0,nr53.png,5.0,0.0,nr125.png,7.0,0.09973737206843744,nr62.png,5.0,0.07602822253291247,nr80.png,5.0,0.05324624644291083,nr106.png,6.0,0.0,nr18.png,16
1179,14.0,104.0,29.0,3.0,5130.0,3.0,0.040000911506863364,nr48.png,5.0,0.12026764121931102,nr96.png,7.0,0.0,nr39.png,6.0,0.01404005503221032,nr9.png,7.0,0.0,nr46.png,3.0,0.037881657917095767,nr93.png,1.0,0.0429148851927938,nr55.png,7.0,0.15735457904024394,nr75.png,3.0,0.0,nr19.png,4.0,0.060928540705818365,nr2.png,6.0,0.0,nr53.png,5.0,0.0,nr125.png,7.0,0.09973737206843744,nr62.png,5.0,0.07602822253291247,nr80.png,5.0,0.05324624644291083,nr106.png,6.0,0.0,nr18.png,16
1180,14.0,104.0,30.0,4.0,5169.0,3.0,0.040000911506863364,nr48.png,5.0,0.12026764121931102,nr96.png,7.0,0.0,nr39.png,6.0,0.01404005503221032,nr9.png,7.0,0.0,nr46.png,3.0,0.037881657917095767,nr93.png,1.0,0.0429148851927938,nr55.png,7.0,0.15735457904024394,nr75.png,3.0,0.0,nr19.png,4.0,0.060928540705818365,nr2.png,6.0,0.0,nr53.png,5.0,0.0,nr125.png,7.0,0.09973737206843744,nr62.png,5.0,0.07602822253291247,nr80.png,5.0,0.05324624644291083,nr106.png,6.0,0.0,nr18.png,16
1181,14.0,104.0,31.0,7.0,6516.0,3.0,0.040000911506863364,nr48.png,5.0,0.12026764121931102,nr96.png,7.0,0.0,nr39.png,6.0,0.01404005503221032,nr9.png,7.0,0.0,nr46.png,3.0,0.037881657917095767,nr93.png,1.0,0.0429148851927938,nr55.png,7.0,0.15735457904024394,nr75.png,3.0,0.0,nr19.png,4.0,0.060928540705818365,nr2.png,6.0,0.0,nr53.png,5.0,0.0,nr125.png,7.0,0.09973737206843744,nr62.png,5.0,0.07602822253291247,nr80.png,5.0,0.05324624644291083,nr106.png,6.0,0.0,nr18.png,16
1182,14.0,104.0,32.0,10.0,4810.0,3.0,0.040000911506863364,nr48.png,5.0,0.12026764121931102,nr96.png,7.0,0.0,nr39.png,6.0,0.01404005503221032,nr9.png,7.0,0.0,nr46.png,3.0,0.037881657917095767,nr93.png,1.0,0.0429148851927938,nr55.png,7.0,0.15735457904024394,nr75.png,3.0,0.0,nr19.png,4.0,0.060928540705818365,nr2.png,6.0,0.0,nr53.png,5.0,0.0,nr125.png,7.0,0.09973737206843744,nr62.png,5.0,0.07602822253291247,nr80.png,5.0,0.05324624644291083,nr106.png,6.0,0.0,nr18.png,16
1183,14.0,104.0,33.0,12.0,5357.0,3.0,0.040000911506863364,nr48.png,5.0,0.12026764121931102,nr96.png,7.0,0.0,nr39.png,6.0,0.01404005503221032,nr9.png,7.0,0.0,nr46.png,3.0,0.037881657917095767,nr93.png,1.0,0.0429148851927938,nr55.png,7.0,0.15735457904024394,nr75.png,3.0,0.0,nr19.png,4.0,0.060928540705818365,nr2.png,6.0,0.0,nr53.png,5.0,0.0,nr125.png,7.0,0.09973737206843744,nr62.png,5.0,0.07602822253291247,nr80.png,5.0,0.05324624644291083,nr106.png,6.0,0.0,nr18.png,16
1184,14.0,104.0,34.0,12.0,4758.0,3.0,0.040000911506863364,nr48.png,5.0,0.12026764121931102,nr96.png,7.0,0.0,nr39.png,6.0,0.01404005503221032,nr9.png,7.0,0.0,nr46.png,3.0,0.037881657917095767,nr93.png,1.0,0.0429148851927938,nr55.png,7.0,0.15735457904024394,nr75.png,3.0,0.0,nr19.png,4.0,0.060928540705818365,nr2.png,6.0,0.0,nr53.png,5.0,0.0,nr125.png,7.0,0.09973737206843744,nr62.png,5.0,0.07602822253291247,nr80.png,5.0,0.05324624644291083,nr106.png,6.0,0.0,nr18.png,16
1185,14.0,104.0,35.0,7.0,4243.0,3.0,0.040000911506863364,nr48.png,5.0,0.12026764121931102,nr96.png,7.0,0.0,nr39.png,6.0,0.01404005503221032,nr9.png,7.0,0.0,nr46.png,3.0,0.037881657917095767,nr93.png,1.0,0.0429148851927938,nr55.png,7.0,0.15735457904024394,nr75.png,3.0,0.0,nr19.png,4.0,0.060928540705818365,nr2.png,6.0,0.0,nr53.png,5.0,0.0,nr125.png,7.0,0.09973737206843744,nr62.png,5.0,0.07602822253291247,nr80.png,5.0,0.05324624644291083,nr106.png,6.0,0.0,nr18.png,16
1186,14.0,104.0,36.0,2.0,4690.0,3.0,0.040000911506863364,nr48.png,5.0,0.12026764121931102,nr96.png,7.0,0.0,nr39.png,6.0,0.01404005503221032,nr9.png,7.0,0.0,nr46.png,3.0,0.037881657917095767,nr93.png,1.0,0.0429148851927938,nr55.png,7.0,0.15735457904024394,nr75.png,3.0,0.0,nr19.png,4.0,0.060928540705818365,nr2.png,6.0,0.0,nr53.png,5.0,0.0,nr125.png,7.0,0.09973737206843744,nr62.png,5.0,0.07602822253291247,nr80.png,5.0,0.05324624644291083,nr106.png,6.0,0.0,nr18.png,16
1187,14.0,104.0,37.0,7.0,4389.0,3.0,0.040000911506863364,nr48.png,5.0,0.12026764121931102,nr96.png,7.0,0.0,nr39.png,6.0,0.01404005503221032,nr9.png,7.0,0.0,nr46.png,3.0,0.037881657917095767,nr93.png,1.0,0.0429148851927938,nr55.png,7.0,0.15735457904024394,nr75.png,3.0,0.0,nr19.png,4.0,0.060928540705818365,nr2.png,6.0,0.0,nr53.png,5.0,0.0,nr125.png,7.0,0.09973737206843744,nr62.png,5.0,0.07602822253291247,nr80.png,5.0,0.05324624644291083,nr106.png,6.0,0.0,nr18.png,16
1188,14.0,104.0,38.0,12.0,3878.0,3.0,0.040000911506863364,nr48.png,5.0,0.12026764121931102,nr96.png,7.0,0.0,nr39.png,6.0,0.01404005503221032,nr9.png,7.0,0.0,nr46.png,3.0,0.037881657917095767,nr93.png,1.0,0.0429148851927938,nr55.png,7.0,0.15735457904024394,nr75.png,3.0,0.0,nr19.png,4.0,0.060928540705818365,nr2.png,6.0,0.0,nr53.png,5.0,0.0,nr125.png,7.0,0.09973737206843744,nr62.png,5.0,0.07602822253291247,nr80.png,5.0,0.05324624644291083,nr106.png,6.0,0.0,nr18.png,16
1189,14.0,104.0,39.0,4.0,6823.0,3.0,0.040000911506863364,nr48.png,5.0,0.12026764121931102,nr96.png,7.0,0.0,nr39.png,6.0,0.01404005503221032,nr9.png,7.0,0.0,nr46.png,3.0,0.037881657917095767,nr93.png,1.0,0.0429148851927938,nr55.png,7.0,0.15735457904024394,nr75.png,3.0,0.0,nr19.png,4.0,0.060928540705818365,nr2.png,6.0,0.0,nr53.png,5.0,0.0,nr125.png,7.0,0.09973737206843744,nr62.png,5.0,0.07602822253291247,nr80.png,5.0,0.05324624644291083,nr106.png,6.0,0.0,nr18.png,16
1190,14.0,104.0,40.0,10.0,7656.0,3.0,0.040000911506863364,nr48.png,5.0,0.12026764121931102,nr96.png,7.0,0.0,nr39.png,6.0,0.01404005503221032,nr9.png,7.0,0.0,nr46.png,3.0,0.037881657917095767,nr93.png,1.0,0.0429148851927938,nr55.png,7.0,0.15735457904024394,nr75.png,3.0,0.0,nr19.png,4.0,0.060928540705818365,nr2.png,6.0,0.0,nr53.png,5.0,0.0,nr125.png,7.0,0.09973737206843744,nr62.png,5.0,0.07602822253291247,nr80.png,5.0,0.05324624644291083,nr106.png,6.0,0.0,nr18.png,16
1191,14.0,104.0,41.0,7.0,4374.0,3.0,0.040000911506863364,nr48.png,5.0,0.12026764121931102,nr96.png,7.0,0.0,nr39.png,6.0,0.01404005503221032,nr9.png,7.0,0.0,nr46.png,3.0,0.037881657917095767,nr93.png,1.0,0.0429148851927938,nr55.png,7.0,0.15735457904024394,nr75.png,3.0,0.0,nr19.png,4.0,0.060928540705818365,nr2.png,6.0,0.0,nr53.png,5.0,0.0,nr125.png,7.0,0.09973737206843744,nr62.png,5.0,0.07602822253291247,nr80.png,5.0,0.05324624644291083,nr106.png,6.0,0.0,nr18.png,16
1192,14.0,104.0,42.0,3.0,4127.0,3.0,0.040000911506863364,nr48.png,5.0,0.12026764121931102,nr96.png,7.0,0.0,nr39.png,6.0,0.01404005503221032,nr9.png,7.0,0.0,nr46.png,3.0,0.037881657917095767,nr93.png,1.0,0.0429148851927938,nr55.png,7.0,0.15735457904024394,nr75.png,3.0,0.0,nr19.png,4.0,0.060928540705818365,nr2.png,6.0,0.0,nr53.png,5.0,0.0,nr125.png,7.0,0.09973737206843744,nr62.png,5.0,0.07602822253291247,nr80.png,5.0,0.05324624644291083,nr106.png,6.0,0.0,nr18.png,16
1193,14.0,104.0,43.0,7.0,4796.0,3.0,0.040000911506863364,nr48.png,5.0,0.12026764121931102,nr96.png,7.0,0.0,nr39.png,6.0,0.01404005503221032,nr9.png,7.0,0.0,nr46.png,3.0,0.037881657917095767,nr93.png,1.0,0.0429148851927938,nr55.png,7.0,0.15735457904024394,nr75.png,3.0,0.0,nr19.png,4.0,0.060928540705818365,nr2.png,6.0,0.0,nr53.png,5.0,0.0,nr125.png,7.0,0.09973737206843744,nr62.png,5.0,0.07602822253291247,nr80.png,5.0,0.05324624644291083,nr106.png,6.0,0.0,nr18.png,16
1194,14.0,104.0,44.0,7.0,5058.0,3.0,0.040000911506863364,nr48.png,5.0,0.12026764121931102,nr96.png,7.0,0.0,nr39.png,6.0,0.01404005503221032,nr9.png,7.0,0.0,nr46.png,3.0,0.037881657917095767,nr93.png,1.0,0.0429148851927938,nr55.png,7.0,0.15735457904024394,nr75.png,3.0,0.0,nr19.png,4.0,0.060928540705818365,nr2.png,6.0,0.0,nr53.png,5.0,0.0,nr125.png,7.0,0.09973737206843744,nr62.png,5.0,0.07602822253291247,nr80.png,5.0,0.05324624644291083,nr106.png,6.0,0.0,nr18.png,16
1195,14.0,104.0,45.0,7.0,5732.0,3.0,0.040000911506863364,nr48.png,5.0,0.12026764121931102,nr96.png,7.0,0.0,nr39.png,6.0,0.01404005503221032,nr9.png,7.0,0.0,nr46.png,3.0,0.037881657917095767,nr93.png,1.0,0.0429148851927938,nr55.png,7.0,0.15735457904024394,nr75.png,3.0,0.0,nr19.png,4.0,0.060928540705818365,nr2.png,6.0,0.0,nr53.png,5.0,0.0,nr125.png,7.0,0.09973737206843744,nr62.png,5.0,0.07602822253291247,nr80.png,5.0,0.05324624644291083,nr106.png,6.0,0.0,nr18.png,16
1196,14.0,104.0,46.0,2.0,4688.0,3.0,0.040000911506863364,nr48.png,5.0,0.12026764121931102,nr96.png,7.0,0.0,nr39.png,6.0,0.01404005503221032,nr9.png,7.0,0.0,nr46.png,3.0,0.037881657917095767,nr93.png,1.0,0.0429148851927938,nr55.png,7.0,0.15735457904024394,nr75.png,3.0,0.0,nr19.png,4.0,0.060928540705818365,nr2.png,6.0,0.0,nr53.png,5.0,0.0,nr125.png,7.0,0.09973737206843744,nr62.png,5.0,0.07602822253291247,nr80.png,5.0,0.05324624644291083,nr106.png,6.0,0.0,nr18.png,16
1197,14.0,104.0,47.0,3.0,7934.0,3.0,0.040000911506863364,nr48.png,5.0,0.12026764121931102,nr96.png,7.0,0.0,nr39.png,6.0,0.01404005503221032,nr9.png,7.0,0.0,nr46.png,3.0,0.037881657917095767,nr93.png,1.0,0.0429148851927938,nr55.png,7.0,0.15735457904024394,nr75.png,3.0,0.0,nr19.png,4.0,0.060928540705818365,nr2.png,6.0,0.0,nr53.png,5.0,0.0,nr125.png,7.0,0.09973737206843744,nr62.png,5.0,0.07602822253291247,nr80.png,5.0,0.05324624644291083,nr106.png,6.0,0.0,nr18.png,16
1198,14.0,104.0,48.0,7.0,2919.0,3.0,0.040000911506863364,nr48.png,5.0,0.12026764121931102,nr96.png,7.0,0.0,nr39.png,6.0,0.01404005503221032,nr9.png,7.0,0.0,nr46.png,3.0,0.037881657917095767,nr93.png,1.0,0.0429148851927938,nr55.png,7.0,0.15735457904024394,nr75.png,3.0,0.0,nr19.png,4.0,0.060928540705818365,nr2.png,6.0,0.0,nr53.png,5.0,0.0,nr125.png,7.0,0.09973737206843744,nr62.png,5.0,0.07602822253291247,nr80.png,5.0,0.05324624644291083,nr106.png,6.0,0.0,nr18.png,16
1199,14.0,104.0,49.0,7.0,8006.0,3.0,0.040000911506863364,nr48.png,5.0,0.12026764121931102,nr96.png,7.0,0.0,nr39.png,6.0,0.01404005503221032,nr9.png,7.0,0.0,nr46.png,3.0,0.037881657917095767,nr93.png,1.0,0.0429148851927938,nr55.png,7.0,0.15735457904024394,nr75.png,3.0,0.0,nr19.png,4.0,0.060928540705818365,nr2.png,6.0,0.0,nr53.png,5.0,0.0,nr125.png,7.0,0.09973737206843744,nr62.png,5.0,0.07602822253291247,nr80.png,5.0,0.05324624644291083,nr106.png,6.0,0.0,nr18.png,16
1200,14.0,106.0,0.0,3.0,2870.0,2.0,0.1238316812334371,nr50.png,7.0,0.0,nr109.png,7.0,0.06374457852522923,nr54.png,7.0,0.22075479038450285,nr8.png,7.0,0.0,nr88.png,7.0,0.0,nr63.png,7.0,0.08621192997264608,nr98.png,7.0,0.0,nr46.png,6.0,0.037097254715502265,nr87.png,4.0,0.0,nr112.png,6.0,0.0,nr83.png,7.0,0.06426707507051799,nr62.png,5.0,0.0,nr15.png,7.0,0.0,nr51.png,5.0,0.02612482726443821,nr125.png,3.0,0.062177088889362936,nr19.png,16
1201,14.0,106.0,1.0,1.0,4999.0,2.0,0.1238316812334371,nr50.png,7.0,0.0,nr109.png,7.0,0.06374457852522923,nr54.png,7.0,0.22075479038450285,nr8.png,7.0,0.0,nr88.png,7.0,0.0,nr63.png,7.0,0.08621192997264608,nr98.png,7.0,0.0,nr46.png,6.0,0.037097254715502265,nr87.png,4.0,0.0,nr112.png,6.0,0.0,nr83.png,7.0,0.06426707507051799,nr62.png,5.0,0.0,nr15.png,7.0,0.0,nr51.png,5.0,0.02612482726443821,nr125.png,3.0,0.062177088889362936,nr19.png,16
1202,14.0,106.0,2.0,3.0,5845.0,2.0,0.1238316812334371,nr50.png,7.0,0.0,nr109.png,7.0,0.06374457852522923,nr54.png,7.0,0.22075479038450285,nr8.png,7.0,0.0,nr88.png,7.0,0.0,nr63.png,7.0,0.08621192997264608,nr98.png,7.0,0.0,nr46.png,6.0,0.037097254715502265,nr87.png,4.0,0.0,nr112.png,6.0,0.0,nr83.png,7.0,0.06426707507051799,nr62.png,5.0,0.0,nr15.png,7.0,0.0,nr51.png,5.0,0.02612482726443821,nr125.png,3.0,0.062177088889362936,nr19.png,16
1203,14.0,106.0,3.0,3.0,3897.0,2.0,0.1238316812334371,nr50.png,7.0,0.0,nr109.png,7.0,0.06374457852522923,nr54.png,7.0,0.22075479038450285,nr8.png,7.0,0.0,nr88.png,7.0,0.0,nr63.png,7.0,0.08621192997264608,nr98.png,7.0,0.0,nr46.png,6.0,0.037097254715502265,nr87.png,4.0,0.0,nr112.png,6.0,0.0,nr83.png,7.0,0.06426707507051799,nr62.png,5.0,0.0,nr15.png,7.0,0.0,nr51.png,5.0,0.02612482726443821,nr125.png,3.0,0.062177088889362936,nr19.png,16
1204,14.0,106.0,4.0,3.0,4617.0,2.0,0.1238316812334371,nr50.png,7.0,0.0,nr109.png,7.0,0.06374457852522923,nr54.png,7.0,0.22075479038450285,nr8.png,7.0,0.0,nr88.png,7.0,0.0,nr63.png,7.0,0.08621192997264608,nr98.png,7.0,0.0,nr46.png,6.0,0.037097254715502265,nr87.png,4.0,0.0,nr112.png,6.0,0.0,nr83.png,7.0,0.06426707507051799,nr62.png,5.0,0.0,nr15.png,7.0,0.0,nr51.png,5.0,0.02612482726443821,nr125.png,3.0,0.062177088889362936,nr19.png,16
1205,14.0,106.0,5.0,13.0,3853.0,2.0,0.1238316812334371,nr50.png,7.0,0.0,nr109.png,7.0,0.06374457852522923,nr54.png,7.0,0.22075479038450285,nr8.png,7.0,0.0,nr88.png,7.0,0.0,nr63.png,7.0,0.08621192997264608,nr98.png,7.0,0.0,nr46.png,6.0,0.037097254715502265,nr87.png,4.0,0.0,nr112.png,6.0,0.0,nr83.png,7.0,0.06426707507051799,nr62.png,5.0,0.0,nr15.png,7.0,0.0,nr51.png,5.0,0.02612482726443821,nr125.png,3.0,0.062177088889362936,nr19.png,16
1206,14.0,106.0,6.0,14.0,6294.0,2.0,0.1238316812334371,nr50.png,7.0,0.0,nr109.png,7.0,0.06374457852522923,nr54.png,7.0,0.22075479038450285,nr8.png,7.0,0.0,nr88.png,7.0,0.0,nr63.png,7.0,0.08621192997264608,nr98.png,7.0,0.0,nr46.png,6.0,0.037097254715502265,nr87.png,4.0,0.0,nr112.png,6.0,0.0,nr83.png,7.0,0.06426707507051799,nr62.png,5.0,0.0,nr15.png,7.0,0.0,nr51.png,5.0,0.02612482726443821,nr125.png,3.0,0.062177088889362936,nr19.png,16
1207,14.0,106.0,7.0,2.0,5045.0,2.0,0.1238316812334371,nr50.png,7.0,0.0,nr109.png,7.0,0.06374457852522923,nr54.png,7.0,0.22075479038450285,nr8.png,7.0,0.0,nr88.png,7.0,0.0,nr63.png,7.0,0.08621192997264608,nr98.png,7.0,0.0,nr46.png,6.0,0.037097254715502265,nr87.png,4.0,0.0,nr112.png,6.0,0.0,nr83.png,7.0,0.06426707507051799,nr62.png,5.0,0.0,nr15.png,7.0,0.0,nr51.png,5.0,0.02612482726443821,nr125.png,3.0,0.062177088889362936,nr19.png,16
1208,14.0,106.0,8.0,3.0,4325.0,2.0,0.1238316812334371,nr50.png,7.0,0.0,nr109.png,7.0,0.06374457852522923,nr54.png,7.0,0.22075479038450285,nr8.png,7.0,0.0,nr88.png,7.0,0.0,nr63.png,7.0,0.08621192997264608,nr98.png,7.0,0.0,nr46.png,6.0,0.037097254715502265,nr87.png,4.0,0.0,nr112.png,6.0,0.0,nr83.png,7.0,0.06426707507051799,nr62.png,5.0,0.0,nr15.png,7.0,0.0,nr51.png,5.0,0.02612482726443821,nr125.png,3.0,0.062177088889362936,nr19.png,16
1209,14.0,106.0,9.0,6.0,3593.0,2.0,0.1238316812334371,nr50.png,7.0,0.0,nr109.png,7.0,0.06374457852522923,nr54.png,7.0,0.22075479038450285,nr8.png,7.0,0.0,nr88.png,7.0,0.0,nr63.png,7.0,0.08621192997264608,nr98.png,7.0,0.0,nr46.png,6.0,0.037097254715502265,nr87.png,4.0,0.0,nr112.png,6.0,0.0,nr83.png,7.0,0.06426707507051799,nr62.png,5.0,0.0,nr15.png,7.0,0.0,nr51.png,5.0,0.02612482726443821,nr125.png,3.0,0.062177088889362936,nr19.png,16
1210,14.0,106.0,10.0,3.0,3671.0,2.0,0.1238316812334371,nr50.png,7.0,0.0,nr109.png,7.0,0.06374457852522923,nr54.png,7.0,0.22075479038450285,nr8.png,7.0,0.0,nr88.png,7.0,0.0,nr63.png,7.0,0.08621192997264608,nr98.png,7.0,0.0,nr46.png,6.0,0.037097254715502265,nr87.png,4.0,0.0,nr112.png,6.0,0.0,nr83.png,7.0,0.06426707507051799,nr62.png,5.0,0.0,nr15.png,7.0,0.0,nr51.png,5.0,0.02612482726443821,nr125.png,3.0,0.062177088889362936,nr19.png,16
1211,14.0,106.0,11.0,3.0,4849.0,2.0,0.1238316812334371,nr50.png,7.0,0.0,nr109.png,7.0,0.06374457852522923,nr54.png,7.0,0.22075479038450285,nr8.png,7.0,0.0,nr88.png,7.0,0.0,nr63.png,7.0,0.08621192997264608,nr98.png,7.0,0.0,nr46.png,6.0,0.037097254715502265,nr87.png,4.0,0.0,nr112.png,6.0,0.0,nr83.png,7.0,0.06426707507051799,nr62.png,5.0,0.0,nr15.png,7.0,0.0,nr51.png,5.0,0.02612482726443821,nr125.png,3.0,0.062177088889362936,nr19.png,16
1212,14.0,106.0,12.0,3.0,3320.0,2.0,0.1238316812334371,nr50.png,7.0,0.0,nr109.png,7.0,0.06374457852522923,nr54.png,7.0,0.22075479038450285,nr8.png,7.0,0.0,nr88.png,7.0,0.0,nr63.png,7.0,0.08621192997264608,nr98.png,7.0,0.0,nr46.png,6.0,0.037097254715502265,nr87.png,4.0,0.0,nr112.png,6.0,0.0,nr83.png,7.0,0.06426707507051799,nr62.png,5.0,0.0,nr15.png,7.0,0.0,nr51.png,5.0,0.02612482726443821,nr125.png,3.0,0.062177088889362936,nr19.png,16
1213,14.0,106.0,13.0,7.0,5215.0,2.0,0.1238316812334371,nr50.png,7.0,0.0,nr109.png,7.0,0.06374457852522923,nr54.png,7.0,0.22075479038450285,nr8.png,7.0,0.0,nr88.png,7.0,0.0,nr63.png,7.0,0.08621192997264608,nr98.png,7.0,0.0,nr46.png,6.0,0.037097254715502265,nr87.png,4.0,0.0,nr112.png,6.0,0.0,nr83.png,7.0,0.06426707507051799,nr62.png,5.0,0.0,nr15.png,7.0,0.0,nr51.png,5.0,0.02612482726443821,nr125.png,3.0,0.062177088889362936,nr19.png,16
1214,14.0,106.0,14.0,3.0,4491.0,2.0,0.1238316812334371,nr50.png,7.0,0.0,nr109.png,7.0,0.06374457852522923,nr54.png,7.0,0.22075479038450285,nr8.png,7.0,0.0,nr88.png,7.0,0.0,nr63.png,7.0,0.08621192997264608,nr98.png,7.0,0.0,nr46.png,6.0,0.037097254715502265,nr87.png,4.0,0.0,nr112.png,6.0,0.0,nr83.png,7.0,0.06426707507051799,nr62.png,5.0,0.0,nr15.png,7.0,0.0,nr51.png,5.0,0.02612482726443821,nr125.png,3.0,0.062177088889362936,nr19.png,16
1215,14.0,106.0,15.0,3.0,2171.0,2.0,0.1238316812334371,nr50.png,7.0,0.0,nr109.png,7.0,0.06374457852522923,nr54.png,7.0,0.22075479038450285,nr8.png,7.0,0.0,nr88.png,7.0,0.0,nr63.png,7.0,0.08621192997264608,nr98.png,7.0,0.0,nr46.png,6.0,0.037097254715502265,nr87.png,4.0,0.0,nr112.png,6.0,0.0,nr83.png,7.0,0.06426707507051799,nr62.png,5.0,0.0,nr15.png,7.0,0.0,nr51.png,5.0,0.02612482726443821,nr125.png,3.0,0.062177088889362936,nr19.png,16
1216,14.0,106.0,16.0,3.0,7099.0,2.0,0.1238316812334371,nr50.png,7.0,0.0,nr109.png,7.0,0.06374457852522923,nr54.png,7.0,0.22075479038450285,nr8.png,7.0,0.0,nr88.png,7.0,0.0,nr63.png,7.0,0.08621192997264608,nr98.png,7.0,0.0,nr46.png,6.0,0.037097254715502265,nr87.png,4.0,0.0,nr112.png,6.0,0.0,nr83.png,7.0,0.06426707507051799,nr62.png,5.0,0.0,nr15.png,7.0,0.0,nr51.png,5.0,0.02612482726443821,nr125.png,3.0,0.062177088889362936,nr19.png,16
1217,14.0,106.0,17.0,3.0,4874.0,2.0,0.1238316812334371,nr50.png,7.0,0.0,nr109.png,7.0,0.06374457852522923,nr54.png,7.0,0.22075479038450285,nr8.png,7.0,0.0,nr88.png,7.0,0.0,nr63.png,7.0,0.08621192997264608,nr98.png,7.0,0.0,nr46.png,6.0,0.037097254715502265,nr87.png,4.0,0.0,nr112.png,6.0,0.0,nr83.png,7.0,0.06426707507051799,nr62.png,5.0,0.0,nr15.png,7.0,0.0,nr51.png,5.0,0.02612482726443821,nr125.png,3.0,0.062177088889362936,nr19.png,16
1218,14.0,106.0,18.0,3.0,4582.0,2.0,0.1238316812334371,nr50.png,7.0,0.0,nr109.png,7.0,0.06374457852522923,nr54.png,7.0,0.22075479038450285,nr8.png,7.0,0.0,nr88.png,7.0,0.0,nr63.png,7.0,0.08621192997264608,nr98.png,7.0,0.0,nr46.png,6.0,0.037097254715502265,nr87.png,4.0,0.0,nr112.png,6.0,0.0,nr83.png,7.0,0.06426707507051799,nr62.png,5.0,0.0,nr15.png,7.0,0.0,nr51.png,5.0,0.02612482726443821,nr125.png,3.0,0.062177088889362936,nr19.png,16
1219,14.0,106.0,19.0,3.0,2693.0,2.0,0.1238316812334371,nr50.png,7.0,0.0,nr109.png,7.0,0.06374457852522923,nr54.png,7.0,0.22075479038450285,nr8.png,7.0,0.0,nr88.png,7.0,0.0,nr63.png,7.0,0.08621192997264608,nr98.png,7.0,0.0,nr46.png,6.0,0.037097254715502265,nr87.png,4.0,0.0,nr112.png,6.0,0.0,nr83.png,7.0,0.06426707507051799,nr62.png,5.0,0.0,nr15.png,7.0,0.0,nr51.png,5.0,0.02612482726443821,nr125.png,3.0,0.062177088889362936,nr19.png,16
1220,14.0,106.0,20.0,6.0,2864.0,2.0,0.1238316812334371,nr50.png,7.0,0.0,nr109.png,7.0,0.06374457852522923,nr54.png,7.0,0.22075479038450285,nr8.png,7.0,0.0,nr88.png,7.0,0.0,nr63.png,7.0,0.08621192997264608,nr98.png,7.0,0.0,nr46.png,6.0,0.037097254715502265,nr87.png,4.0,0.0,nr112.png,6.0,0.0,nr83.png,7.0,0.06426707507051799,nr62.png,5.0,0.0,nr15.png,7.0,0.0,nr51.png,5.0,0.02612482726443821,nr125.png,3.0,0.062177088889362936,nr19.png,16
1221,14.0,106.0,21.0,1.0,8211.0,2.0,0.1238316812334371,nr50.png,7.0,0.0,nr109.png,7.0,0.06374457852522923,nr54.png,7.0,0.22075479038450285,nr8.png,7.0,0.0,nr88.png,7.0,0.0,nr63.png,7.0,0.08621192997264608,nr98.png,7.0,0.0,nr46.png,6.0,0.037097254715502265,nr87.png,4.0,0.0,nr112.png,6.0,0.0,nr83.png,7.0,0.06426707507051799,nr62.png,5.0,0.0,nr15.png,7.0,0.0,nr51.png,5.0,0.02612482726443821,nr125.png,3.0,0.062177088889362936,nr19.png,16
1222,14.0,106.0,22.0,7.0,6248.0,2.0,0.1238316812334371,nr50.png,7.0,0.0,nr109.png,7.0,0.06374457852522923,nr54.png,7.0,0.22075479038450285,nr8.png,7.0,0.0,nr88.png,7.0,0.0,nr63.png,7.0,0.08621192997264608,nr98.png,7.0,0.0,nr46.png,6.0,0.037097254715502265,nr87.png,4.0,0.0,nr112.png,6.0,0.0,nr83.png,7.0,0.06426707507051799,nr62.png,5.0,0.0,nr15.png,7.0,0.0,nr51.png,5.0,0.02612482726443821,nr125.png,3.0,0.062177088889362936,nr19.png,16
1223,14.0,106.0,23.0,6.0,4649.0,2.0,0.1238316812334371,nr50.png,7.0,0.0,nr109.png,7.0,0.06374457852522923,nr54.png,7.0,0.22075479038450285,nr8.png,7.0,0.0,nr88.png,7.0,0.0,nr63.png,7.0,0.08621192997264608,nr98.png,7.0,0.0,nr46.png,6.0,0.037097254715502265,nr87.png,4.0,0.0,nr112.png,6.0,0.0,nr83.png,7.0,0.06426707507051799,nr62.png,5.0,0.0,nr15.png,7.0,0.0,nr51.png,5.0,0.02612482726443821,nr125.png,3.0,0.062177088889362936,nr19.png,16
1224,14.0,106.0,24.0,10.0,5016.0,2.0,0.1238316812334371,nr50.png,7.0,0.0,nr109.png,7.0,0.06374457852522923,nr54.png,7.0,0.22075479038450285,nr8.png,7.0,0.0,nr88.png,7.0,0.0,nr63.png,7.0,0.08621192997264608,nr98.png,7.0,0.0,nr46.png,6.0,0.037097254715502265,nr87.png,4.0,0.0,nr112.png,6.0,0.0,nr83.png,7.0,0.06426707507051799,nr62.png,5.0,0.0,nr15.png,7.0,0.0,nr51.png,5.0,0.02612482726443821,nr125.png,3.0,0.062177088889362936,nr19.png,16
1225,14.0,106.0,25.0,9.0,5868.0,2.0,0.1238316812334371,nr50.png,7.0,0.0,nr109.png,7.0,0.06374457852522923,nr54.png,7.0,0.22075479038450285,nr8.png,7.0,0.0,nr88.png,7.0,0.0,nr63.png,7.0,0.08621192997264608,nr98.png,7.0,0.0,nr46.png,6.0,0.037097254715502265,nr87.png,4.0,0.0,nr112.png,6.0,0.0,nr83.png,7.0,0.06426707507051799,nr62.png,5.0,0.0,nr15.png,7.0,0.0,nr51.png,5.0,0.02612482726443821,nr125.png,3.0,0.062177088889362936,nr19.png,16
1226,14.0,106.0,26.0,6.0,7481.0,2.0,0.1238316812334371,nr50.png,7.0,0.0,nr109.png,7.0,0.06374457852522923,nr54.png,7.0,0.22075479038450285,nr8.png,7.0,0.0,nr88.png,7.0,0.0,nr63.png,7.0,0.08621192997264608,nr98.png,7.0,0.0,nr46.png,6.0,0.037097254715502265,nr87.png,4.0,0.0,nr112.png,6.0,0.0,nr83.png,7.0,0.06426707507051799,nr62.png,5.0,0.0,nr15.png,7.0,0.0,nr51.png,5.0,0.02612482726443821,nr125.png,3.0,0.062177088889362936,nr19.png,16
1227,14.0,106.0,27.0,6.0,3393.0,2.0,0.1238316812334371,nr50.png,7.0,0.0,nr109.png,7.0,0.06374457852522923,nr54.png,7.0,0.22075479038450285,nr8.png,7.0,0.0,nr88.png,7.0,0.0,nr63.png,7.0,0.08621192997264608,nr98.png,7.0,0.0,nr46.png,6.0,0.037097254715502265,nr87.png,4.0,0.0,nr112.png,6.0,0.0,nr83.png,7.0,0.06426707507051799,nr62.png,5.0,0.0,nr15.png,7.0,0.0,nr51.png,5.0,0.02612482726443821,nr125.png,3.0,0.062177088889362936,nr19.png,16
1228,14.0,106.0,28.0,3.0,4541.0,2.0,0.1238316812334371,nr50.png,7.0,0.0,nr109.png,7.0,0.06374457852522923,nr54.png,7.0,0.22075479038450285,nr8.png,7.0,0.0,nr88.png,7.0,0.0,nr63.png,7.0,0.08621192997264608,nr98.png,7.0,0.0,nr46.png,6.0,0.037097254715502265,nr87.png,4.0,0.0,nr112.png,6.0,0.0,nr83.png,7.0,0.06426707507051799,nr62.png,5.0,0.0,nr15.png,7.0,0.0,nr51.png,5.0,0.02612482726443821,nr125.png,3.0,0.062177088889362936,nr19.png,16
1229,14.0,106.0,29.0,3.0,4132.0,2.0,0.1238316812334371,nr50.png,7.0,0.0,nr109.png,7.0,0.06374457852522923,nr54.png,7.0,0.22075479038450285,nr8.png,7.0,0.0,nr88.png,7.0,0.0,nr63.png,7.0,0.08621192997264608,nr98.png,7.0,0.0,nr46.png,6.0,0.037097254715502265,nr87.png,4.0,0.0,nr112.png,6.0,0.0,nr83.png,7.0,0.06426707507051799,nr62.png,5.0,0.0,nr15.png,7.0,0.0,nr51.png,5.0,0.02612482726443821,nr125.png,3.0,0.062177088889362936,nr19.png,16
1230,14.0,106.0,30.0,3.0,4984.0,2.0,0.1238316812334371,nr50.png,7.0,0.0,nr109.png,7.0,0.06374457852522923,nr54.png,7.0,0.22075479038450285,nr8.png,7.0,0.0,nr88.png,7.0,0.0,nr63.png,7.0,0.08621192997264608,nr98.png,7.0,0.0,nr46.png,6.0,0.037097254715502265,nr87.png,4.0,0.0,nr112.png,6.0,0.0,nr83.png,7.0,0.06426707507051799,nr62.png,5.0,0.0,nr15.png,7.0,0.0,nr51.png,5.0,0.02612482726443821,nr125.png,3.0,0.062177088889362936,nr19.png,16
1231,14.0,106.0,31.0,3.0,4952.0,2.0,0.1238316812334371,nr50.png,7.0,0.0,nr109.png,7.0,0.06374457852522923,nr54.png,7.0,0.22075479038450285,nr8.png,7.0,0.0,nr88.png,7.0,0.0,nr63.png,7.0,0.08621192997264608,nr98.png,7.0,0.0,nr46.png,6.0,0.037097254715502265,nr87.png,4.0,0.0,nr112.png,6.0,0.0,nr83.png,7.0,0.06426707507051799,nr62.png,5.0,0.0,nr15.png,7.0,0.0,nr51.png,5.0,0.02612482726443821,nr125.png,3.0,0.062177088889362936,nr19.png,16
1232,14.0,106.0,32.0,3.0,3537.0,2.0,0.1238316812334371,nr50.png,7.0,0.0,nr109.png,7.0,0.06374457852522923,nr54.png,7.0,0.22075479038450285,nr8.png,7.0,0.0,nr88.png,7.0,0.0,nr63.png,7.0,0.08621192997264608,nr98.png,7.0,0.0,nr46.png,6.0,0.037097254715502265,nr87.png,4.0,0.0,nr112.png,6.0,0.0,nr83.png,7.0,0.06426707507051799,nr62.png,5.0,0.0,nr15.png,7.0,0.0,nr51.png,5.0,0.02612482726443821,nr125.png,3.0,0.062177088889362936,nr19.png,16
1233,14.0,106.0,33.0,3.0,5770.0,2.0,0.1238316812334371,nr50.png,7.0,0.0,nr109.png,7.0,0.06374457852522923,nr54.png,7.0,0.22075479038450285,nr8.png,7.0,0.0,nr88.png,7.0,0.0,nr63.png,7.0,0.08621192997264608,nr98.png,7.0,0.0,nr46.png,6.0,0.037097254715502265,nr87.png,4.0,0.0,nr112.png,6.0,0.0,nr83.png,7.0,0.06426707507051799,nr62.png,5.0,0.0,nr15.png,7.0,0.0,nr51.png,5.0,0.02612482726443821,nr125.png,3.0,0.062177088889362936,nr19.png,16
1234,14.0,106.0,34.0,3.0,4945.0,2.0,0.1238316812334371,nr50.png,7.0,0.0,nr109.png,7.0,0.06374457852522923,nr54.png,7.0,0.22075479038450285,nr8.png,7.0,0.0,nr88.png,7.0,0.0,nr63.png,7.0,0.08621192997264608,nr98.png,7.0,0.0,nr46.png,6.0,0.037097254715502265,nr87.png,4.0,0.0,nr112.png,6.0,0.0,nr83.png,7.0,0.06426707507051799,nr62.png,5.0,0.0,nr15.png,7.0,0.0,nr51.png,5.0,0.02612482726443821,nr125.png,3.0,0.062177088889362936,nr19.png,16
1235,14.0,106.0,35.0,3.0,4812.0,2.0,0.1238316812334371,nr50.png,7.0,0.0,nr109.png,7.0,0.06374457852522923,nr54.png,7.0,0.22075479038450285,nr8.png,7.0,0.0,nr88.png,7.0,0.0,nr63.png,7.0,0.08621192997264608,nr98.png,7.0,0.0,nr46.png,6.0,0.037097254715502265,nr87.png,4.0,0.0,nr112.png,6.0,0.0,nr83.png,7.0,0.06426707507051799,nr62.png,5.0,0.0,nr15.png,7.0,0.0,nr51.png,5.0,0.02612482726443821,nr125.png,3.0,0.062177088889362936,nr19.png,16
1236,14.0,106.0,36.0,7.0,4858.0,2.0,0.1238316812334371,nr50.png,7.0,0.0,nr109.png,7.0,0.06374457852522923,nr54.png,7.0,0.22075479038450285,nr8.png,7.0,0.0,nr88.png,7.0,0.0,nr63.png,7.0,0.08621192997264608,nr98.png,7.0,0.0,nr46.png,6.0,0.037097254715502265,nr87.png,4.0,0.0,nr112.png,6.0,0.0,nr83.png,7.0,0.06426707507051799,nr62.png,5.0,0.0,nr15.png,7.0,0.0,nr51.png,5.0,0.02612482726443821,nr125.png,3.0,0.062177088889362936,nr19.png,16
1237,14.0,106.0,37.0,0.0,7256.0,2.0,0.1238316812334371,nr50.png,7.0,0.0,nr109.png,7.0,0.06374457852522923,nr54.png,7.0,0.22075479038450285,nr8.png,7.0,0.0,nr88.png,7.0,0.0,nr63.png,7.0,0.08621192997264608,nr98.png,7.0,0.0,nr46.png,6.0,0.037097254715502265,nr87.png,4.0,0.0,nr112.png,6.0,0.0,nr83.png,7.0,0.06426707507051799,nr62.png,5.0,0.0,nr15.png,7.0,0.0,nr51.png,5.0,0.02612482726443821,nr125.png,3.0,0.062177088889362936,nr19.png,16
1238,14.0,106.0,38.0,5.0,5991.0,2.0,0.1238316812334371,nr50.png,7.0,0.0,nr109.png,7.0,0.06374457852522923,nr54.png,7.0,0.22075479038450285,nr8.png,7.0,0.0,nr88.png,7.0,0.0,nr63.png,7.0,0.08621192997264608,nr98.png,7.0,0.0,nr46.png,6.0,0.037097254715502265,nr87.png,4.0,0.0,nr112.png,6.0,0.0,nr83.png,7.0,0.06426707507051799,nr62.png,5.0,0.0,nr15.png,7.0,0.0,nr51.png,5.0,0.02612482726443821,nr125.png,3.0,0.062177088889362936,nr19.png,16
1239,14.0,106.0,39.0,3.0,3334.0,2.0,0.1238316812334371,nr50.png,7.0,0.0,nr109.png,7.0,0.06374457852522923,nr54.png,7.0,0.22075479038450285,nr8.png,7.0,0.0,nr88.png,7.0,0.0,nr63.png,7.0,0.08621192997264608,nr98.png,7.0,0.0,nr46.png,6.0,0.037097254715502265,nr87.png,4.0,0.0,nr112.png,6.0,0.0,nr83.png,7.0,0.06426707507051799,nr62.png,5.0,0.0,nr15.png,7.0,0.0,nr51.png,5.0,0.02612482726443821,nr125.png,3.0,0.062177088889362936,nr19.png,16
1240,14.0,106.0,40.0,3.0,4176.0,2.0,0.1238316812334371,nr50.png,7.0,0.0,nr109.png,7.0,0.06374457852522923,nr54.png,7.0,0.22075479038450285,nr8.png,7.0,0.0,nr88.png,7.0,0.0,nr63.png,7.0,0.08621192997264608,nr98.png,7.0,0.0,nr46.png,6.0,0.037097254715502265,nr87.png,4.0,0.0,nr112.png,6.0,0.0,nr83.png,7.0,0.06426707507051799,nr62.png,5.0,0.0,nr15.png,7.0,0.0,nr51.png,5.0,0.02612482726443821,nr125.png,3.0,0.062177088889362936,nr19.png,16
1241,14.0,106.0,41.0,5.0,3812.0,2.0,0.1238316812334371,nr50.png,7.0,0.0,nr109.png,7.0,0.06374457852522923,nr54.png,7.0,0.22075479038450285,nr8.png,7.0,0.0,nr88.png,7.0,0.0,nr63.png,7.0,0.08621192997264608,nr98.png,7.0,0.0,nr46.png,6.0,0.037097254715502265,nr87.png,4.0,0.0,nr112.png,6.0,0.0,nr83.png,7.0,0.06426707507051799,nr62.png,5.0,0.0,nr15.png,7.0,0.0,nr51.png,5.0,0.02612482726443821,nr125.png,3.0,0.062177088889362936,nr19.png,16
1242,14.0,106.0,42.0,3.0,5763.0,2.0,0.1238316812334371,nr50.png,7.0,0.0,nr109.png,7.0,0.06374457852522923,nr54.png,7.0,0.22075479038450285,nr8.png,7.0,0.0,nr88.png,7.0,0.0,nr63.png,7.0,0.08621192997264608,nr98.png,7.0,0.0,nr46.png,6.0,0.037097254715502265,nr87.png,4.0,0.0,nr112.png,6.0,0.0,nr83.png,7.0,0.06426707507051799,nr62.png,5.0,0.0,nr15.png,7.0,0.0,nr51.png,5.0,0.02612482726443821,nr125.png,3.0,0.062177088889362936,nr19.png,16
1243,14.0,106.0,43.0,13.0,5176.0,2.0,0.1238316812334371,nr50.png,7.0,0.0,nr109.png,7.0,0.06374457852522923,nr54.png,7.0,0.22075479038450285,nr8.png,7.0,0.0,nr88.png,7.0,0.0,nr63.png,7.0,0.08621192997264608,nr98.png,7.0,0.0,nr46.png,6.0,0.037097254715502265,nr87.png,4.0,0.0,nr112.png,6.0,0.0,nr83.png,7.0,0.06426707507051799,nr62.png,5.0,0.0,nr15.png,7.0,0.0,nr51.png,5.0,0.02612482726443821,nr125.png,3.0,0.062177088889362936,nr19.png,16
1244,14.0,106.0,44.0,3.0,5002.0,2.0,0.1238316812334371,nr50.png,7.0,0.0,nr109.png,7.0,0.06374457852522923,nr54.png,7.0,0.22075479038450285,nr8.png,7.0,0.0,nr88.png,7.0,0.0,nr63.png,7.0,0.08621192997264608,nr98.png,7.0,0.0,nr46.png,6.0,0.037097254715502265,nr87.png,4.0,0.0,nr112.png,6.0,0.0,nr83.png,7.0,0.06426707507051799,nr62.png,5.0,0.0,nr15.png,7.0,0.0,nr51.png,5.0,0.02612482726443821,nr125.png,3.0,0.062177088889362936,nr19.png,16
1245,14.0,106.0,45.0,3.0,5817.0,2.0,0.1238316812334371,nr50.png,7.0,0.0,nr109.png,7.0,0.06374457852522923,nr54.png,7.0,0.22075479038450285,nr8.png,7.0,0.0,nr88.png,7.0,0.0,nr63.png,7.0,0.08621192997264608,nr98.png,7.0,0.0,nr46.png,6.0,0.037097254715502265,nr87.png,4.0,0.0,nr112.png,6.0,0.0,nr83.png,7.0,0.06426707507051799,nr62.png,5.0,0.0,nr15.png,7.0,0.0,nr51.png,5.0,0.02612482726443821,nr125.png,3.0,0.062177088889362936,nr19.png,16
1246,14.0,106.0,46.0,11.0,5413.0,2.0,0.1238316812334371,nr50.png,7.0,0.0,nr109.png,7.0,0.06374457852522923,nr54.png,7.0,0.22075479038450285,nr8.png,7.0,0.0,nr88.png,7.0,0.0,nr63.png,7.0,0.08621192997264608,nr98.png,7.0,0.0,nr46.png,6.0,0.037097254715502265,nr87.png,4.0,0.0,nr112.png,6.0,0.0,nr83.png,7.0,0.06426707507051799,nr62.png,5.0,0.0,nr15.png,7.0,0.0,nr51.png,5.0,0.02612482726443821,nr125.png,3.0,0.062177088889362936,nr19.png,16
1247,14.0,106.0,47.0,3.0,4329.0,2.0,0.1238316812334371,nr50.png,7.0,0.0,nr109.png,7.0,0.06374457852522923,nr54.png,7.0,0.22075479038450285,nr8.png,7.0,0.0,nr88.png,7.0,0.0,nr63.png,7.0,0.08621192997264608,nr98.png,7.0,0.0,nr46.png,6.0,0.037097254715502265,nr87.png,4.0,0.0,nr112.png,6.0,0.0,nr83.png,7.0,0.06426707507051799,nr62.png,5.0,0.0,nr15.png,7.0,0.0,nr51.png,5.0,0.02612482726443821,nr125.png,3.0,0.062177088889362936,nr19.png,16
1248,14.0,106.0,48.0,5.0,7926.0,2.0,0.1238316812334371,nr50.png,7.0,0.0,nr109.png,7.0,0.06374457852522923,nr54.png,7.0,0.22075479038450285,nr8.png,7.0,0.0,nr88.png,7.0,0.0,nr63.png,7.0,0.08621192997264608,nr98.png,7.0,0.0,nr46.png,6.0,0.037097254715502265,nr87.png,4.0,0.0,nr112.png,6.0,0.0,nr83.png,7.0,0.06426707507051799,nr62.png,5.0,0.0,nr15.png,7.0,0.0,nr51.png,5.0,0.02612482726443821,nr125.png,3.0,0.062177088889362936,nr19.png,16
1249,14.0,106.0,49.0,3.0,5058.0,2.0,0.1238316812334371,nr50.png,7.0,0.0,nr109.png,7.0,0.06374457852522923,nr54.png,7.0,0.22075479038450285,nr8.png,7.0,0.0,nr88.png,7.0,0.0,nr63.png,7.0,0.08621192997264608,nr98.png,7.0,0.0,nr46.png,6.0,0.037097254715502265,nr87.png,4.0,0.0,nr112.png,6.0,0.0,nr83.png,7.0,0.06426707507051799,nr62.png,5.0,0.0,nr15.png,7.0,0.0,nr51.png,5.0,0.02612482726443821,nr125.png,3.0,0.062177088889362936,nr19.png,16
1250,14.0,109.0,0.0,0.0,3231.0,7.0,0.1983822026577388,nr91.png,4.0,0.0,nr29.png,7.0,0.0,nr42.png,4.0,0.0,nr2.png,7.0,0.07104064260825238,nr107.png,3.0,0.23825195106032945,nr7.png,1.0,0.0,nr101.png,5.0,0.0,nr52.png,7.0,0.1299995432763258,nr60.png,7.0,0.0,nr51.png,7.0,0.0,nr98.png,4.0,0.0,nr111.png,1.0,0.09375431745578887,nr72.png,3.0,0.0,nr19.png,4.0,0.0,nr100.png,7.0,0.0,nr58.png,16
1251,14.0,109.0,1.0,9.0,4196.0,7.0,0.1983822026577388,nr91.png,4.0,0.0,nr29.png,7.0,0.0,nr42.png,4.0,0.0,nr2.png,7.0,0.07104064260825238,nr107.png,3.0,0.23825195106032945,nr7.png,1.0,0.0,nr101.png,5.0,0.0,nr52.png,7.0,0.1299995432763258,nr60.png,7.0,0.0,nr51.png,7.0,0.0,nr98.png,4.0,0.0,nr111.png,1.0,0.09375431745578887,nr72.png,3.0,0.0,nr19.png,4.0,0.0,nr100.png,7.0,0.0,nr58.png,16
1252,14.0,109.0,2.0,15.0,5862.0,7.0,0.1983822026577388,nr91.png,4.0,0.0,nr29.png,7.0,0.0,nr42.png,4.0,0.0,nr2.png,7.0,0.07104064260825238,nr107.png,3.0,0.23825195106032945,nr7.png,1.0,0.0,nr101.png,5.0,0.0,nr52.png,7.0,0.1299995432763258,nr60.png,7.0,0.0,nr51.png,7.0,0.0,nr98.png,4.0,0.0,nr111.png,1.0,0.09375431745578887,nr72.png,3.0,0.0,nr19.png,4.0,0.0,nr100.png,7.0,0.0,nr58.png,16
1253,14.0,109.0,3.0,0.0,5059.0,7.0,0.1983822026577388,nr91.png,4.0,0.0,nr29.png,7.0,0.0,nr42.png,4.0,0.0,nr2.png,7.0,0.07104064260825238,nr107.png,3.0,0.23825195106032945,nr7.png,1.0,0.0,nr101.png,5.0,0.0,nr52.png,7.0,0.1299995432763258,nr60.png,7.0,0.0,nr51.png,7.0,0.0,nr98.png,4.0,0.0,nr111.png,1.0,0.09375431745578887,nr72.png,3.0,0.0,nr19.png,4.0,0.0,nr100.png,7.0,0.0,nr58.png,16
1254,14.0,109.0,4.0,0.0,5693.0,7.0,0.1983822026577388,nr91.png,4.0,0.0,nr29.png,7.0,0.0,nr42.png,4.0,0.0,nr2.png,7.0,0.07104064260825238,nr107.png,3.0,0.23825195106032945,nr7.png,1.0,0.0,nr101.png,5.0,0.0,nr52.png,7.0,0.1299995432763258,nr60.png,7.0,0.0,nr51.png,7.0,0.0,nr98.png,4.0,0.0,nr111.png,1.0,0.09375431745578887,nr72.png,3.0,0.0,nr19.png,4.0,0.0,nr100.png,7.0,0.0,nr58.png,16
1255,14.0,109.0,5.0,0.0,4560.0,7.0,0.1983822026577388,nr91.png,4.0,0.0,nr29.png,7.0,0.0,nr42.png,4.0,0.0,nr2.png,7.0,0.07104064260825238,nr107.png,3.0,0.23825195106032945,nr7.png,1.0,0.0,nr101.png,5.0,0.0,nr52.png,7.0,0.1299995432763258,nr60.png,7.0,0.0,nr51.png,7.0,0.0,nr98.png,4.0,0.0,nr111.png,1.0,0.09375431745578887,nr72.png,3.0,0.0,nr19.png,4.0,0.0,nr100.png,7.0,0.0,nr58.png,16
1256,14.0,109.0,6.0,0.0,3802.0,7.0,0.1983822026577388,nr91.png,4.0,0.0,nr29.png,7.0,0.0,nr42.png,4.0,0.0,nr2.png,7.0,0.07104064260825238,nr107.png,3.0,0.23825195106032945,nr7.png,1.0,0.0,nr101.png,5.0,0.0,nr52.png,7.0,0.1299995432763258,nr60.png,7.0,0.0,nr51.png,7.0,0.0,nr98.png,4.0,0.0,nr111.png,1.0,0.09375431745578887,nr72.png,3.0,0.0,nr19.png,4.0,0.0,nr100.png,7.0,0.0,nr58.png,16
1257,14.0,109.0,7.0,0.0,2171.0,7.0,0.1983822026577388,nr91.png,4.0,0.0,nr29.png,7.0,0.0,nr42.png,4.0,0.0,nr2.png,7.0,0.07104064260825238,nr107.png,3.0,0.23825195106032945,nr7.png,1.0,0.0,nr101.png,5.0,0.0,nr52.png,7.0,0.1299995432763258,nr60.png,7.0,0.0,nr51.png,7.0,0.0,nr98.png,4.0,0.0,nr111.png,1.0,0.09375431745578887,nr72.png,3.0,0.0,nr19.png,4.0,0.0,nr100.png,7.0,0.0,nr58.png,16
1258,14.0,109.0,8.0,0.0,5216.0,7.0,0.1983822026577388,nr91.png,4.0,0.0,nr29.png,7.0,0.0,nr42.png,4.0,0.0,nr2.png,7.0,0.07104064260825238,nr107.png,3.0,0.23825195106032945,nr7.png,1.0,0.0,nr101.png,5.0,0.0,nr52.png,7.0,0.1299995432763258,nr60.png,7.0,0.0,nr51.png,7.0,0.0,nr98.png,4.0,0.0,nr111.png,1.0,0.09375431745578887,nr72.png,3.0,0.0,nr19.png,4.0,0.0,nr100.png,7.0,0.0,nr58.png,16
1259,14.0,109.0,9.0,15.0,3776.0,7.0,0.1983822026577388,nr91.png,4.0,0.0,nr29.png,7.0,0.0,nr42.png,4.0,0.0,nr2.png,7.0,0.07104064260825238,nr107.png,3.0,0.23825195106032945,nr7.png,1.0,0.0,nr101.png,5.0,0.0,nr52.png,7.0,0.1299995432763258,nr60.png,7.0,0.0,nr51.png,7.0,0.0,nr98.png,4.0,0.0,nr111.png,1.0,0.09375431745578887,nr72.png,3.0,0.0,nr19.png,4.0,0.0,nr100.png,7.0,0.0,nr58.png,16
1260,14.0,109.0,10.0,13.0,5827.0,7.0,0.1983822026577388,nr91.png,4.0,0.0,nr29.png,7.0,0.0,nr42.png,4.0,0.0,nr2.png,7.0,0.07104064260825238,nr107.png,3.0,0.23825195106032945,nr7.png,1.0,0.0,nr101.png,5.0,0.0,nr52.png,7.0,0.1299995432763258,nr60.png,7.0,0.0,nr51.png,7.0,0.0,nr98.png,4.0,0.0,nr111.png,1.0,0.09375431745578887,nr72.png,3.0,0.0,nr19.png,4.0,0.0,nr100.png,7.0,0.0,nr58.png,16
1261,14.0,109.0,11.0,0.0,2852.0,7.0,0.1983822026577388,nr91.png,4.0,0.0,nr29.png,7.0,0.0,nr42.png,4.0,0.0,nr2.png,7.0,0.07104064260825238,nr107.png,3.0,0.23825195106032945,nr7.png,1.0,0.0,nr101.png,5.0,0.0,nr52.png,7.0,0.1299995432763258,nr60.png,7.0,0.0,nr51.png,7.0,0.0,nr98.png,4.0,0.0,nr111.png,1.0,0.09375431745578887,nr72.png,3.0,0.0,nr19.png,4.0,0.0,nr100.png,7.0,0.0,nr58.png,16
1262,14.0,109.0,12.0,2.0,4942.0,7.0,0.1983822026577388,nr91.png,4.0,0.0,nr29.png,7.0,0.0,nr42.png,4.0,0.0,nr2.png,7.0,0.07104064260825238,nr107.png,3.0,0.23825195106032945,nr7.png,1.0,0.0,nr101.png,5.0,0.0,nr52.png,7.0,0.1299995432763258,nr60.png,7.0,0.0,nr51.png,7.0,0.0,nr98.png,4.0,0.0,nr111.png,1.0,0.09375431745578887,nr72.png,3.0,0.0,nr19.png,4.0,0.0,nr100.png,7.0,0.0,nr58.png,16
1263,14.0,109.0,13.0,8.0,5755.0,7.0,0.1983822026577388,nr91.png,4.0,0.0,nr29.png,7.0,0.0,nr42.png,4.0,0.0,nr2.png,7.0,0.07104064260825238,nr107.png,3.0,0.23825195106032945,nr7.png,1.0,0.0,nr101.png,5.0,0.0,nr52.png,7.0,0.1299995432763258,nr60.png,7.0,0.0,nr51.png,7.0,0.0,nr98.png,4.0,0.0,nr111.png,1.0,0.09375431745578887,nr72.png,3.0,0.0,nr19.png,4.0,0.0,nr100.png,7.0,0.0,nr58.png,16
1264,14.0,109.0,14.0,4.0,3777.0,7.0,0.1983822026577388,nr91.png,4.0,0.0,nr29.png,7.0,0.0,nr42.png,4.0,0.0,nr2.png,7.0,0.07104064260825238,nr107.png,3.0,0.23825195106032945,nr7.png,1.0,0.0,nr101.png,5.0,0.0,nr52.png,7.0,0.1299995432763258,nr60.png,7.0,0.0,nr51.png,7.0,0.0,nr98.png,4.0,0.0,nr111.png,1.0,0.09375431745578887,nr72.png,3.0,0.0,nr19.png,4.0,0.0,nr100.png,7.0,0.0,nr58.png,16
1265,14.0,109.0,15.0,15.0,4738.0,7.0,0.1983822026577388,nr91.png,4.0,0.0,nr29.png,7.0,0.0,nr42.png,4.0,0.0,nr2.png,7.0,0.07104064260825238,nr107.png,3.0,0.23825195106032945,nr7.png,1.0,0.0,nr101.png,5.0,0.0,nr52.png,7.0,0.1299995432763258,nr60.png,7.0,0.0,nr51.png,7.0,0.0,nr98.png,4.0,0.0,nr111.png,1.0,0.09375431745578887,nr72.png,3.0,0.0,nr19.png,4.0,0.0,nr100.png,7.0,0.0,nr58.png,16
1266,14.0,109.0,16.0,0.0,4639.0,7.0,0.1983822026577388,nr91.png,4.0,0.0,nr29.png,7.0,0.0,nr42.png,4.0,0.0,nr2.png,7.0,0.07104064260825238,nr107.png,3.0,0.23825195106032945,nr7.png,1.0,0.0,nr101.png,5.0,0.0,nr52.png,7.0,0.1299995432763258,nr60.png,7.0,0.0,nr51.png,7.0,0.0,nr98.png,4.0,0.0,nr111.png,1.0,0.09375431745578887,nr72.png,3.0,0.0,nr19.png,4.0,0.0,nr100.png,7.0,0.0,nr58.png,16
1267,14.0,109.0,17.0,15.0,4338.0,7.0,0.1983822026577388,nr91.png,4.0,0.0,nr29.png,7.0,0.0,nr42.png,4.0,0.0,nr2.png,7.0,0.07104064260825238,nr107.png,3.0,0.23825195106032945,nr7.png,1.0,0.0,nr101.png,5.0,0.0,nr52.png,7.0,0.1299995432763258,nr60.png,7.0,0.0,nr51.png,7.0,0.0,nr98.png,4.0,0.0,nr111.png,1.0,0.09375431745578887,nr72.png,3.0,0.0,nr19.png,4.0,0.0,nr100.png,7.0,0.0,nr58.png,16
1268,14.0,109.0,18.0,0.0,3360.0,7.0,0.1983822026577388,nr91.png,4.0,0.0,nr29.png,7.0,0.0,nr42.png,4.0,0.0,nr2.png,7.0,0.07104064260825238,nr107.png,3.0,0.23825195106032945,nr7.png,1.0,0.0,nr101.png,5.0,0.0,nr52.png,7.0,0.1299995432763258,nr60.png,7.0,0.0,nr51.png,7.0,0.0,nr98.png,4.0,0.0,nr111.png,1.0,0.09375431745578887,nr72.png,3.0,0.0,nr19.png,4.0,0.0,nr100.png,7.0,0.0,nr58.png,16
1269,14.0,109.0,19.0,8.0,3396.0,7.0,0.1983822026577388,nr91.png,4.0,0.0,nr29.png,7.0,0.0,nr42.png,4.0,0.0,nr2.png,7.0,0.07104064260825238,nr107.png,3.0,0.23825195106032945,nr7.png,1.0,0.0,nr101.png,5.0,0.0,nr52.png,7.0,0.1299995432763258,nr60.png,7.0,0.0,nr51.png,7.0,0.0,nr98.png,4.0,0.0,nr111.png,1.0,0.09375431745578887,nr72.png,3.0,0.0,nr19.png,4.0,0.0,nr100.png,7.0,0.0,nr58.png,16
1270,14.0,109.0,20.0,10.0,4000.0,7.0,0.1983822026577388,nr91.png,4.0,0.0,nr29.png,7.0,0.0,nr42.png,4.0,0.0,nr2.png,7.0,0.07104064260825238,nr107.png,3.0,0.23825195106032945,nr7.png,1.0,0.0,nr101.png,5.0,0.0,nr52.png,7.0,0.1299995432763258,nr60.png,7.0,0.0,nr51.png,7.0,0.0,nr98.png,4.0,0.0,nr111.png,1.0,0.09375431745578887,nr72.png,3.0,0.0,nr19.png,4.0,0.0,nr100.png,7.0,0.0,nr58.png,16
1271,14.0,109.0,21.0,0.0,4290.0,7.0,0.1983822026577388,nr91.png,4.0,0.0,nr29.png,7.0,0.0,nr42.png,4.0,0.0,nr2.png,7.0,0.07104064260825238,nr107.png,3.0,0.23825195106032945,nr7.png,1.0,0.0,nr101.png,5.0,0.0,nr52.png,7.0,0.1299995432763258,nr60.png,7.0,0.0,nr51.png,7.0,0.0,nr98.png,4.0,0.0,nr111.png,1.0,0.09375431745578887,nr72.png,3.0,0.0,nr19.png,4.0,0.0,nr100.png,7.0,0.0,nr58.png,16
1272,14.0,109.0,22.0,0.0,4885.0,7.0,0.1983822026577388,nr91.png,4.0,0.0,nr29.png,7.0,0.0,nr42.png,4.0,0.0,nr2.png,7.0,0.07104064260825238,nr107.png,3.0,0.23825195106032945,nr7.png,1.0,0.0,nr101.png,5.0,0.0,nr52.png,7.0,0.1299995432763258,nr60.png,7.0,0.0,nr51.png,7.0,0.0,nr98.png,4.0,0.0,nr111.png,1.0,0.09375431745578887,nr72.png,3.0,0.0,nr19.png,4.0,0.0,nr100.png,7.0,0.0,nr58.png,16
1273,14.0,109.0,23.0,8.0,6031.0,7.0,0.1983822026577388,nr91.png,4.0,0.0,nr29.png,7.0,0.0,nr42.png,4.0,0.0,nr2.png,7.0,0.07104064260825238,nr107.png,3.0,0.23825195106032945,nr7.png,1.0,0.0,nr101.png,5.0,0.0,nr52.png,7.0,0.1299995432763258,nr60.png,7.0,0.0,nr51.png,7.0,0.0,nr98.png,4.0,0.0,nr111.png,1.0,0.09375431745578887,nr72.png,3.0,0.0,nr19.png,4.0,0.0,nr100.png,7.0,0.0,nr58.png,16
1274,14.0,109.0,24.0,0.0,5140.0,7.0,0.1983822026577388,nr91.png,4.0,0.0,nr29.png,7.0,0.0,nr42.png,4.0,0.0,nr2.png,7.0,0.07104064260825238,nr107.png,3.0,0.23825195106032945,nr7.png,1.0,0.0,nr101.png,5.0,0.0,nr52.png,7.0,0.1299995432763258,nr60.png,7.0,0.0,nr51.png,7.0,0.0,nr98.png,4.0,0.0,nr111.png,1.0,0.09375431745578887,nr72.png,3.0,0.0,nr19.png,4.0,0.0,nr100.png,7.0,0.0,nr58.png,16
1275,14.0,109.0,25.0,15.0,5801.0,7.0,0.1983822026577388,nr91.png,4.0,0.0,nr29.png,7.0,0.0,nr42.png,4.0,0.0,nr2.png,7.0,0.07104064260825238,nr107.png,3.0,0.23825195106032945,nr7.png,1.0,0.0,nr101.png,5.0,0.0,nr52.png,7.0,0.1299995432763258,nr60.png,7.0,0.0,nr51.png,7.0,0.0,nr98.png,4.0,0.0,nr111.png,1.0,0.09375431745578887,nr72.png,3.0,0.0,nr19.png,4.0,0.0,nr100.png,7.0,0.0,nr58.png,16
1276,14.0,109.0,26.0,8.0,3986.0,7.0,0.1983822026577388,nr91.png,4.0,0.0,nr29.png,7.0,0.0,nr42.png,4.0,0.0,nr2.png,7.0,0.07104064260825238,nr107.png,3.0,0.23825195106032945,nr7.png,1.0,0.0,nr101.png,5.0,0.0,nr52.png,7.0,0.1299995432763258,nr60.png,7.0,0.0,nr51.png,7.0,0.0,nr98.png,4.0,0.0,nr111.png,1.0,0.09375431745578887,nr72.png,3.0,0.0,nr19.png,4.0,0.0,nr100.png,7.0,0.0,nr58.png,16
1277,14.0,109.0,27.0,0.0,5470.0,7.0,0.1983822026577388,nr91.png,4.0,0.0,nr29.png,7.0,0.0,nr42.png,4.0,0.0,nr2.png,7.0,0.07104064260825238,nr107.png,3.0,0.23825195106032945,nr7.png,1.0,0.0,nr101.png,5.0,0.0,nr52.png,7.0,0.1299995432763258,nr60.png,7.0,0.0,nr51.png,7.0,0.0,nr98.png,4.0,0.0,nr111.png,1.0,0.09375431745578887,nr72.png,3.0,0.0,nr19.png,4.0,0.0,nr100.png,7.0,0.0,nr58.png,16
1278,14.0,109.0,28.0,10.0,4020.0,7.0,0.1983822026577388,nr91.png,4.0,0.0,nr29.png,7.0,0.0,nr42.png,4.0,0.0,nr2.png,7.0,0.07104064260825238,nr107.png,3.0,0.23825195106032945,nr7.png,1.0,0.0,nr101.png,5.0,0.0,nr52.png,7.0,0.1299995432763258,nr60.png,7.0,0.0,nr51.png,7.0,0.0,nr98.png,4.0,0.0,nr111.png,1.0,0.09375431745578887,nr72.png,3.0,0.0,nr19.png,4.0,0.0,nr100.png,7.0,0.0,nr58.png,16
1279,14.0,109.0,29.0,0.0,6250.0,7.0,0.1983822026577388,nr91.png,4.0,0.0,nr29.png,7.0,0.0,nr42.png,4.0,0.0,nr2.png,7.0,0.07104064260825238,nr107.png,3.0,0.23825195106032945,nr7.png,1.0,0.0,nr101.png,5.0,0.0,nr52.png,7.0,0.1299995432763258,nr60.png,7.0,0.0,nr51.png,7.0,0.0,nr98.png,4.0,0.0,nr111.png,1.0,0.09375431745578887,nr72.png,3.0,0.0,nr19.png,4.0,0.0,nr100.png,7.0,0.0,nr58.png,16
1280,14.0,109.0,30.0,15.0,3905.0,7.0,0.1983822026577388,nr91.png,4.0,0.0,nr29.png,7.0,0.0,nr42.png,4.0,0.0,nr2.png,7.0,0.07104064260825238,nr107.png,3.0,0.23825195106032945,nr7.png,1.0,0.0,nr101.png,5.0,0.0,nr52.png,7.0,0.1299995432763258,nr60.png,7.0,0.0,nr51.png,7.0,0.0,nr98.png,4.0,0.0,nr111.png,1.0,0.09375431745578887,nr72.png,3.0,0.0,nr19.png,4.0,0.0,nr100.png,7.0,0.0,nr58.png,16
1281,14.0,109.0,31.0,0.0,3575.0,7.0,0.1983822026577388,nr91.png,4.0,0.0,nr29.png,7.0,0.0,nr42.png,4.0,0.0,nr2.png,7.0,0.07104064260825238,nr107.png,3.0,0.23825195106032945,nr7.png,1.0,0.0,nr101.png,5.0,0.0,nr52.png,7.0,0.1299995432763258,nr60.png,7.0,0.0,nr51.png,7.0,0.0,nr98.png,4.0,0.0,nr111.png,1.0,0.09375431745578887,nr72.png,3.0,0.0,nr19.png,4.0,0.0,nr100.png,7.0,0.0,nr58.png,16
1282,14.0,109.0,32.0,10.0,4941.0,7.0,0.1983822026577388,nr91.png,4.0,0.0,nr29.png,7.0,0.0,nr42.png,4.0,0.0,nr2.png,7.0,0.07104064260825238,nr107.png,3.0,0.23825195106032945,nr7.png,1.0,0.0,nr101.png,5.0,0.0,nr52.png,7.0,0.1299995432763258,nr60.png,7.0,0.0,nr51.png,7.0,0.0,nr98.png,4.0,0.0,nr111.png,1.0,0.09375431745578887,nr72.png,3.0,0.0,nr19.png,4.0,0.0,nr100.png,7.0,0.0,nr58.png,16
1283,14.0,109.0,33.0,2.0,5549.0,7.0,0.1983822026577388,nr91.png,4.0,0.0,nr29.png,7.0,0.0,nr42.png,4.0,0.0,nr2.png,7.0,0.07104064260825238,nr107.png,3.0,0.23825195106032945,nr7.png,1.0,0.0,nr101.png,5.0,0.0,nr52.png,7.0,0.1299995432763258,nr60.png,7.0,0.0,nr51.png,7.0,0.0,nr98.png,4.0,0.0,nr111.png,1.0,0.09375431745578887,nr72.png,3.0,0.0,nr19.png,4.0,0.0,nr100.png,7.0,0.0,nr58.png,16
1284,14.0,109.0,34.0,8.0,4650.0,7.0,0.1983822026577388,nr91.png,4.0,0.0,nr29.png,7.0,0.0,nr42.png,4.0,0.0,nr2.png,7.0,0.07104064260825238,nr107.png,3.0,0.23825195106032945,nr7.png,1.0,0.0,nr101.png,5.0,0.0,nr52.png,7.0,0.1299995432763258,nr60.png,7.0,0.0,nr51.png,7.0,0.0,nr98.png,4.0,0.0,nr111.png,1.0,0.09375431745578887,nr72.png,3.0,0.0,nr19.png,4.0,0.0,nr100.png,7.0,0.0,nr58.png,16
1285,14.0,109.0,35.0,5.0,5083.0,7.0,0.1983822026577388,nr91.png,4.0,0.0,nr29.png,7.0,0.0,nr42.png,4.0,0.0,nr2.png,7.0,0.07104064260825238,nr107.png,3.0,0.23825195106032945,nr7.png,1.0,0.0,nr101.png,5.0,0.0,nr52.png,7.0,0.1299995432763258,nr60.png,7.0,0.0,nr51.png,7.0,0.0,nr98.png,4.0,0.0,nr111.png,1.0,0.09375431745578887,nr72.png,3.0,0.0,nr19.png,4.0,0.0,nr100.png,7.0,0.0,nr58.png,16
1286,14.0,109.0,36.0,15.0,6080.0,7.0,0.1983822026577388,nr91.png,4.0,0.0,nr29.png,7.0,0.0,nr42.png,4.0,0.0,nr2.png,7.0,0.07104064260825238,nr107.png,3.0,0.23825195106032945,nr7.png,1.0,0.0,nr101.png,5.0,0.0,nr52.png,7.0,0.1299995432763258,nr60.png,7.0,0.0,nr51.png,7.0,0.0,nr98.png,4.0,0.0,nr111.png,1.0,0.09375431745578887,nr72.png,3.0,0.0,nr19.png,4.0,0.0,nr100.png,7.0,0.0,nr58.png,16
1287,14.0,109.0,37.0,11.0,2712.0,7.0,0.1983822026577388,nr91.png,4.0,0.0,nr29.png,7.0,0.0,nr42.png,4.0,0.0,nr2.png,7.0,0.07104064260825238,nr107.png,3.0,0.23825195106032945,nr7.png,1.0,0.0,nr101.png,5.0,0.0,nr52.png,7.0,0.1299995432763258,nr60.png,7.0,0.0,nr51.png,7.0,0.0,nr98.png,4.0,0.0,nr111.png,1.0,0.09375431745578887,nr72.png,3.0,0.0,nr19.png,4.0,0.0,nr100.png,7.0,0.0,nr58.png,16
1288,14.0,109.0,38.0,15.0,4227.0,7.0,0.1983822026577388,nr91.png,4.0,0.0,nr29.png,7.0,0.0,nr42.png,4.0,0.0,nr2.png,7.0,0.07104064260825238,nr107.png,3.0,0.23825195106032945,nr7.png,1.0,0.0,nr101.png,5.0,0.0,nr52.png,7.0,0.1299995432763258,nr60.png,7.0,0.0,nr51.png,7.0,0.0,nr98.png,4.0,0.0,nr111.png,1.0,0.09375431745578887,nr72.png,3.0,0.0,nr19.png,4.0,0.0,nr100.png,7.0,0.0,nr58.png,16
1289,14.0,109.0,39.0,2.0,4020.0,7.0,0.1983822026577388,nr91.png,4.0,0.0,nr29.png,7.0,0.0,nr42.png,4.0,0.0,nr2.png,7.0,0.07104064260825238,nr107.png,3.0,0.23825195106032945,nr7.png,1.0,0.0,nr101.png,5.0,0.0,nr52.png,7.0,0.1299995432763258,nr60.png,7.0,0.0,nr51.png,7.0,0.0,nr98.png,4.0,0.0,nr111.png,1.0,0.09375431745578887,nr72.png,3.0,0.0,nr19.png,4.0,0.0,nr100.png,7.0,0.0,nr58.png,16
1290,14.0,109.0,40.0,0.0,4012.0,7.0,0.1983822026577388,nr91.png,4.0,0.0,nr29.png,7.0,0.0,nr42.png,4.0,0.0,nr2.png,7.0,0.07104064260825238,nr107.png,3.0,0.23825195106032945,nr7.png,1.0,0.0,nr101.png,5.0,0.0,nr52.png,7.0,0.1299995432763258,nr60.png,7.0,0.0,nr51.png,7.0,0.0,nr98.png,4.0,0.0,nr111.png,1.0,0.09375431745578887,nr72.png,3.0,0.0,nr19.png,4.0,0.0,nr100.png,7.0,0.0,nr58.png,16
1291,14.0,109.0,41.0,2.0,4850.0,7.0,0.1983822026577388,nr91.png,4.0,0.0,nr29.png,7.0,0.0,nr42.png,4.0,0.0,nr2.png,7.0,0.07104064260825238,nr107.png,3.0,0.23825195106032945,nr7.png,1.0,0.0,nr101.png,5.0,0.0,nr52.png,7.0,0.1299995432763258,nr60.png,7.0,0.0,nr51.png,7.0,0.0,nr98.png,4.0,0.0,nr111.png,1.0,0.09375431745578887,nr72.png,3.0,0.0,nr19.png,4.0,0.0,nr100.png,7.0,0.0,nr58.png,16
1292,14.0,109.0,42.0,0.0,4120.0,7.0,0.1983822026577388,nr91.png,4.0,0.0,nr29.png,7.0,0.0,nr42.png,4.0,0.0,nr2.png,7.0,0.07104064260825238,nr107.png,3.0,0.23825195106032945,nr7.png,1.0,0.0,nr101.png,5.0,0.0,nr52.png,7.0,0.1299995432763258,nr60.png,7.0,0.0,nr51.png,7.0,0.0,nr98.png,4.0,0.0,nr111.png,1.0,0.09375431745578887,nr72.png,3.0,0.0,nr19.png,4.0,0.0,nr100.png,7.0,0.0,nr58.png,16
1293,14.0,109.0,43.0,4.0,3327.0,7.0,0.1983822026577388,nr91.png,4.0,0.0,nr29.png,7.0,0.0,nr42.png,4.0,0.0,nr2.png,7.0,0.07104064260825238,nr107.png,3.0,0.23825195106032945,nr7.png,1.0,0.0,nr101.png,5.0,0.0,nr52.png,7.0,0.1299995432763258,nr60.png,7.0,0.0,nr51.png,7.0,0.0,nr98.png,4.0,0.0,nr111.png,1.0,0.09375431745578887,nr72.png,3.0,0.0,nr19.png,4.0,0.0,nr100.png,7.0,0.0,nr58.png,16
1294,14.0,109.0,44.0,0.0,4992.0,7.0,0.1983822026577388,nr91.png,4.0,0.0,nr29.png,7.0,0.0,nr42.png,4.0,0.0,nr2.png,7.0,0.07104064260825238,nr107.png,3.0,0.23825195106032945,nr7.png,1.0,0.0,nr101.png,5.0,0.0,nr52.png,7.0,0.1299995432763258,nr60.png,7.0,0.0,nr51.png,7.0,0.0,nr98.png,4.0,0.0,nr111.png,1.0,0.09375431745578887,nr72.png,3.0,0.0,nr19.png,4.0,0.0,nr100.png,7.0,0.0,nr58.png,16
1295,14.0,109.0,45.0,8.0,5635.0,7.0,0.1983822026577388,nr91.png,4.0,0.0,nr29.png,7.0,0.0,nr42.png,4.0,0.0,nr2.png,7.0,0.07104064260825238,nr107.png,3.0,0.23825195106032945,nr7.png,1.0,0.0,nr101.png,5.0,0.0,nr52.png,7.0,0.1299995432763258,nr60.png,7.0,0.0,nr51.png,7.0,0.0,nr98.png,4.0,0.0,nr111.png,1.0,0.09375431745578887,nr72.png,3.0,0.0,nr19.png,4.0,0.0,nr100.png,7.0,0.0,nr58.png,16
1296,14.0,109.0,46.0,10.0,5291.0,7.0,0.1983822026577388,nr91.png,4.0,0.0,nr29.png,7.0,0.0,nr42.png,4.0,0.0,nr2.png,7.0,0.07104064260825238,nr107.png,3.0,0.23825195106032945,nr7.png,1.0,0.0,nr101.png,5.0,0.0,nr52.png,7.0,0.1299995432763258,nr60.png,7.0,0.0,nr51.png,7.0,0.0,nr98.png,4.0,0.0,nr111.png,1.0,0.09375431745578887,nr72.png,3.0,0.0,nr19.png,4.0,0.0,nr100.png,7.0,0.0,nr58.png,16
1297,14.0,109.0,47.0,14.0,5228.0,7.0,0.1983822026577388,nr91.png,4.0,0.0,nr29.png,7.0,0.0,nr42.png,4.0,0.0,nr2.png,7.0,0.07104064260825238,nr107.png,3.0,0.23825195106032945,nr7.png,1.0,0.0,nr101.png,5.0,0.0,nr52.png,7.0,0.1299995432763258,nr60.png,7.0,0.0,nr51.png,7.0,0.0,nr98.png,4.0,0.0,nr111.png,1.0,0.09375431745578887,nr72.png,3.0,0.0,nr19.png,4.0,0.0,nr100.png,7.0,0.0,nr58.png,16
1298,14.0,109.0,48.0,10.0,5382.0,7.0,0.1983822026577388,nr91.png,4.0,0.0,nr29.png,7.0,0.0,nr42.png,4.0,0.0,nr2.png,7.0,0.07104064260825238,nr107.png,3.0,0.23825195106032945,nr7.png,1.0,0.0,nr101.png,5.0,0.0,nr52.png,7.0,0.1299995432763258,nr60.png,7.0,0.0,nr51.png,7.0,0.0,nr98.png,4.0,0.0,nr111.png,1.0,0.09375431745578887,nr72.png,3.0,0.0,nr19.png,4.0,0.0,nr100.png,7.0,0.0,nr58.png,16
1299,14.0,109.0,49.0,15.0,4905.0,7.0,0.1983822026577388,nr91.png,4.0,0.0,nr29.png,7.0,0.0,nr42.png,4.0,0.0,nr2.png,7.0,0.07104064260825238,nr107.png,3.0,0.23825195106032945,nr7.png,1.0,0.0,nr101.png,5.0,0.0,nr52.png,7.0,0.1299995432763258,nr60.png,7.0,0.0,nr51.png,7.0,0.0,nr98.png,4.0,0.0,nr111.png,1.0,0.09375431745578887,nr72.png,3.0,0.0,nr19.png,4.0,0.0,nr100.png,7.0,0.0,nr58.png,16
1300,14.0,111.0,0.0,1.0,5908.0,1.0,0.04557784889652698,nr120.png,7.0,0.10884709966736378,nr10.png,7.0,0.0,nr54.png,7.0,0.0,nr8.png,4.0,0.09955161732662472,nr2.png,5.0,0.0,nr125.png,6.0,0.0839591953357076,nr87.png,7.0,0.053374059891985536,nr28.png,7.0,0.0,nr30.png,5.0,0.07136531603535146,nr80.png,1.0,0.0,nr55.png,1.0,0.12174083323677602,nr92.png,7.0,0.0,nr75.png,7.0,0.0,nr49.png,3.0,0.011394462224131744,nr69.png,3.0,0.09415424048361497,nr1.png,16
1301,14.0,111.0,1.0,5.0,3139.0,1.0,0.04557784889652698,nr120.png,7.0,0.10884709966736378,nr10.png,7.0,0.0,nr54.png,7.0,0.0,nr8.png,4.0,0.09955161732662472,nr2.png,5.0,0.0,nr125.png,6.0,0.0839591953357076,nr87.png,7.0,0.053374059891985536,nr28.png,7.0,0.0,nr30.png,5.0,0.07136531603535146,nr80.png,1.0,0.0,nr55.png,1.0,0.12174083323677602,nr92.png,7.0,0.0,nr75.png,7.0,0.0,nr49.png,3.0,0.011394462224131744,nr69.png,3.0,0.09415424048361497,nr1.png,16
1302,14.0,111.0,2.0,12.0,3637.0,1.0,0.04557784889652698,nr120.png,7.0,0.10884709966736378,nr10.png,7.0,0.0,nr54.png,7.0,0.0,nr8.png,4.0,0.09955161732662472,nr2.png,5.0,0.0,nr125.png,6.0,0.0839591953357076,nr87.png,7.0,0.053374059891985536,nr28.png,7.0,0.0,nr30.png,5.0,0.07136531603535146,nr80.png,1.0,0.0,nr55.png,1.0,0.12174083323677602,nr92.png,7.0,0.0,nr75.png,7.0,0.0,nr49.png,3.0,0.011394462224131744,nr69.png,3.0,0.09415424048361497,nr1.png,16
1303,14.0,111.0,3.0,12.0,4981.0,1.0,0.04557784889652698,nr120.png,7.0,0.10884709966736378,nr10.png,7.0,0.0,nr54.png,7.0,0.0,nr8.png,4.0,0.09955161732662472,nr2.png,5.0,0.0,nr125.png,6.0,0.0839591953357076,nr87.png,7.0,0.053374059891985536,nr28.png,7.0,0.0,nr30.png,5.0,0.07136531603535146,nr80.png,1.0,0.0,nr55.png,1.0,0.12174083323677602,nr92.png,7.0,0.0,nr75.png,7.0,0.0,nr49.png,3.0,0.011394462224131744,nr69.png,3.0,0.09415424048361497,nr1.png,16
1304,14.0,111.0,4.0,6.0,4059.0,1.0,0.04557784889652698,nr120.png,7.0,0.10884709966736378,nr10.png,7.0,0.0,nr54.png,7.0,0.0,nr8.png,4.0,0.09955161732662472,nr2.png,5.0,0.0,nr125.png,6.0,0.0839591953357076,nr87.png,7.0,0.053374059891985536,nr28.png,7.0,0.0,nr30.png,5.0,0.07136531603535146,nr80.png,1.0,0.0,nr55.png,1.0,0.12174083323677602,nr92.png,7.0,0.0,nr75.png,7.0,0.0,nr49.png,3.0,0.011394462224131744,nr69.png,3.0,0.09415424048361497,nr1.png,16
1305,14.0,111.0,5.0,13.0,3523.0,1.0,0.04557784889652698,nr120.png,7.0,0.10884709966736378,nr10.png,7.0,0.0,nr54.png,7.0,0.0,nr8.png,4.0,0.09955161732662472,nr2.png,5.0,0.0,nr125.png,6.0,0.0839591953357076,nr87.png,7.0,0.053374059891985536,nr28.png,7.0,0.0,nr30.png,5.0,0.07136531603535146,nr80.png,1.0,0.0,nr55.png,1.0,0.12174083323677602,nr92.png,7.0,0.0,nr75.png,7.0,0.0,nr49.png,3.0,0.011394462224131744,nr69.png,3.0,0.09415424048361497,nr1.png,16
1306,14.0,111.0,6.0,1.0,4089.0,1.0,0.04557784889652698,nr120.png,7.0,0.10884709966736378,nr10.png,7.0,0.0,nr54.png,7.0,0.0,nr8.png,4.0,0.09955161732662472,nr2.png,5.0,0.0,nr125.png,6.0,0.0839591953357076,nr87.png,7.0,0.053374059891985536,nr28.png,7.0,0.0,nr30.png,5.0,0.07136531603535146,nr80.png,1.0,0.0,nr55.png,1.0,0.12174083323677602,nr92.png,7.0,0.0,nr75.png,7.0,0.0,nr49.png,3.0,0.011394462224131744,nr69.png,3.0,0.09415424048361497,nr1.png,16
1307,14.0,111.0,7.0,8.0,4801.0,1.0,0.04557784889652698,nr120.png,7.0,0.10884709966736378,nr10.png,7.0,0.0,nr54.png,7.0,0.0,nr8.png,4.0,0.09955161732662472,nr2.png,5.0,0.0,nr125.png,6.0,0.0839591953357076,nr87.png,7.0,0.053374059891985536,nr28.png,7.0,0.0,nr30.png,5.0,0.07136531603535146,nr80.png,1.0,0.0,nr55.png,1.0,0.12174083323677602,nr92.png,7.0,0.0,nr75.png,7.0,0.0,nr49.png,3.0,0.011394462224131744,nr69.png,3.0,0.09415424048361497,nr1.png,16
1308,14.0,111.0,8.0,6.0,3052.0,1.0,0.04557784889652698,nr120.png,7.0,0.10884709966736378,nr10.png,7.0,0.0,nr54.png,7.0,0.0,nr8.png,4.0,0.09955161732662472,nr2.png,5.0,0.0,nr125.png,6.0,0.0839591953357076,nr87.png,7.0,0.053374059891985536,nr28.png,7.0,0.0,nr30.png,5.0,0.07136531603535146,nr80.png,1.0,0.0,nr55.png,1.0,0.12174083323677602,nr92.png,7.0,0.0,nr75.png,7.0,0.0,nr49.png,3.0,0.011394462224131744,nr69.png,3.0,0.09415424048361497,nr1.png,16
1309,14.0,111.0,9.0,1.0,3267.0,1.0,0.04557784889652698,nr120.png,7.0,0.10884709966736378,nr10.png,7.0,0.0,nr54.png,7.0,0.0,nr8.png,4.0,0.09955161732662472,nr2.png,5.0,0.0,nr125.png,6.0,0.0839591953357076,nr87.png,7.0,0.053374059891985536,nr28.png,7.0,0.0,nr30.png,5.0,0.07136531603535146,nr80.png,1.0,0.0,nr55.png,1.0,0.12174083323677602,nr92.png,7.0,0.0,nr75.png,7.0,0.0,nr49.png,3.0,0.011394462224131744,nr69.png,3.0,0.09415424048361497,nr1.png,16
1310,14.0,111.0,10.0,7.0,5794.0,1.0,0.04557784889652698,nr120.png,7.0,0.10884709966736378,nr10.png,7.0,0.0,nr54.png,7.0,0.0,nr8.png,4.0,0.09955161732662472,nr2.png,5.0,0.0,nr125.png,6.0,0.0839591953357076,nr87.png,7.0,0.053374059891985536,nr28.png,7.0,0.0,nr30.png,5.0,0.07136531603535146,nr80.png,1.0,0.0,nr55.png,1.0,0.12174083323677602,nr92.png,7.0,0.0,nr75.png,7.0,0.0,nr49.png,3.0,0.011394462224131744,nr69.png,3.0,0.09415424048361497,nr1.png,16
1311,14.0,111.0,11.0,7.0,5368.0,1.0,0.04557784889652698,nr120.png,7.0,0.10884709966736378,nr10.png,7.0,0.0,nr54.png,7.0,0.0,nr8.png,4.0,0.09955161732662472,nr2.png,5.0,0.0,nr125.png,6.0,0.0839591953357076,nr87.png,7.0,0.053374059891985536,nr28.png,7.0,0.0,nr30.png,5.0,0.07136531603535146,nr80.png,1.0,0.0,nr55.png,1.0,0.12174083323677602,nr92.png,7.0,0.0,nr75.png,7.0,0.0,nr49.png,3.0,0.011394462224131744,nr69.png,3.0,0.09415424048361497,nr1.png,16
1312,14.0,111.0,12.0,1.0,3861.0,1.0,0.04557784889652698,nr120.png,7.0,0.10884709966736378,nr10.png,7.0,0.0,nr54.png,7.0,0.0,nr8.png,4.0,0.09955161732662472,nr2.png,5.0,0.0,nr125.png,6.0,0.0839591953357076,nr87.png,7.0,0.053374059891985536,nr28.png,7.0,0.0,nr30.png,5.0,0.07136531603535146,nr80.png,1.0,0.0,nr55.png,1.0,0.12174083323677602,nr92.png,7.0,0.0,nr75.png,7.0,0.0,nr49.png,3.0,0.011394462224131744,nr69.png,3.0,0.09415424048361497,nr1.png,16
1313,14.0,111.0,13.0,1.0,5025.0,1.0,0.04557784889652698,nr120.png,7.0,0.10884709966736378,nr10.png,7.0,0.0,nr54.png,7.0,0.0,nr8.png,4.0,0.09955161732662472,nr2.png,5.0,0.0,nr125.png,6.0,0.0839591953357076,nr87.png,7.0,0.053374059891985536,nr28.png,7.0,0.0,nr30.png,5.0,0.07136531603535146,nr80.png,1.0,0.0,nr55.png,1.0,0.12174083323677602,nr92.png,7.0,0.0,nr75.png,7.0,0.0,nr49.png,3.0,0.011394462224131744,nr69.png,3.0,0.09415424048361497,nr1.png,16
1314,14.0,111.0,14.0,1.0,4328.0,1.0,0.04557784889652698,nr120.png,7.0,0.10884709966736378,nr10.png,7.0,0.0,nr54.png,7.0,0.0,nr8.png,4.0,0.09955161732662472,nr2.png,5.0,0.0,nr125.png,6.0,0.0839591953357076,nr87.png,7.0,0.053374059891985536,nr28.png,7.0,0.0,nr30.png,5.0,0.07136531603535146,nr80.png,1.0,0.0,nr55.png,1.0,0.12174083323677602,nr92.png,7.0,0.0,nr75.png,7.0,0.0,nr49.png,3.0,0.011394462224131744,nr69.png,3.0,0.09415424048361497,nr1.png,16
1315,14.0,111.0,15.0,6.0,8189.0,1.0,0.04557784889652698,nr120.png,7.0,0.10884709966736378,nr10.png,7.0,0.0,nr54.png,7.0,0.0,nr8.png,4.0,0.09955161732662472,nr2.png,5.0,0.0,nr125.png,6.0,0.0839591953357076,nr87.png,7.0,0.053374059891985536,nr28.png,7.0,0.0,nr30.png,5.0,0.07136531603535146,nr80.png,1.0,0.0,nr55.png,1.0,0.12174083323677602,nr92.png,7.0,0.0,nr75.png,7.0,0.0,nr49.png,3.0,0.011394462224131744,nr69.png,3.0,0.09415424048361497,nr1.png,16
1316,14.0,111.0,16.0,2.0,4996.0,1.0,0.04557784889652698,nr120.png,7.0,0.10884709966736378,nr10.png,7.0,0.0,nr54.png,7.0,0.0,nr8.png,4.0,0.09955161732662472,nr2.png,5.0,0.0,nr125.png,6.0,0.0839591953357076,nr87.png,7.0,0.053374059891985536,nr28.png,7.0,0.0,nr30.png,5.0,0.07136531603535146,nr80.png,1.0,0.0,nr55.png,1.0,0.12174083323677602,nr92.png,7.0,0.0,nr75.png,7.0,0.0,nr49.png,3.0,0.011394462224131744,nr69.png,3.0,0.09415424048361497,nr1.png,16
1317,14.0,111.0,17.0,12.0,4075.0,1.0,0.04557784889652698,nr120.png,7.0,0.10884709966736378,nr10.png,7.0,0.0,nr54.png,7.0,0.0,nr8.png,4.0,0.09955161732662472,nr2.png,5.0,0.0,nr125.png,6.0,0.0839591953357076,nr87.png,7.0,0.053374059891985536,nr28.png,7.0,0.0,nr30.png,5.0,0.07136531603535146,nr80.png,1.0,0.0,nr55.png,1.0,0.12174083323677602,nr92.png,7.0,0.0,nr75.png,7.0,0.0,nr49.png,3.0,0.011394462224131744,nr69.png,3.0,0.09415424048361497,nr1.png,16
1318,14.0,111.0,18.0,6.0,4326.0,1.0,0.04557784889652698,nr120.png,7.0,0.10884709966736378,nr10.png,7.0,0.0,nr54.png,7.0,0.0,nr8.png,4.0,0.09955161732662472,nr2.png,5.0,0.0,nr125.png,6.0,0.0839591953357076,nr87.png,7.0,0.053374059891985536,nr28.png,7.0,0.0,nr30.png,5.0,0.07136531603535146,nr80.png,1.0,0.0,nr55.png,1.0,0.12174083323677602,nr92.png,7.0,0.0,nr75.png,7.0,0.0,nr49.png,3.0,0.011394462224131744,nr69.png,3.0,0.09415424048361497,nr1.png,16
1319,14.0,111.0,19.0,2.0,5552.0,1.0,0.04557784889652698,nr120.png,7.0,0.10884709966736378,nr10.png,7.0,0.0,nr54.png,7.0,0.0,nr8.png,4.0,0.09955161732662472,nr2.png,5.0,0.0,nr125.png,6.0,0.0839591953357076,nr87.png,7.0,0.053374059891985536,nr28.png,7.0,0.0,nr30.png,5.0,0.07136531603535146,nr80.png,1.0,0.0,nr55.png,1.0,0.12174083323677602,nr92.png,7.0,0.0,nr75.png,7.0,0.0,nr49.png,3.0,0.011394462224131744,nr69.png,3.0,0.09415424048361497,nr1.png,16
1320,14.0,111.0,20.0,1.0,5203.0,1.0,0.04557784889652698,nr120.png,7.0,0.10884709966736378,nr10.png,7.0,0.0,nr54.png,7.0,0.0,nr8.png,4.0,0.09955161732662472,nr2.png,5.0,0.0,nr125.png,6.0,0.0839591953357076,nr87.png,7.0,0.053374059891985536,nr28.png,7.0,0.0,nr30.png,5.0,0.07136531603535146,nr80.png,1.0,0.0,nr55.png,1.0,0.12174083323677602,nr92.png,7.0,0.0,nr75.png,7.0,0.0,nr49.png,3.0,0.011394462224131744,nr69.png,3.0,0.09415424048361497,nr1.png,16
1321,14.0,111.0,21.0,7.0,3666.0,1.0,0.04557784889652698,nr120.png,7.0,0.10884709966736378,nr10.png,7.0,0.0,nr54.png,7.0,0.0,nr8.png,4.0,0.09955161732662472,nr2.png,5.0,0.0,nr125.png,6.0,0.0839591953357076,nr87.png,7.0,0.053374059891985536,nr28.png,7.0,0.0,nr30.png,5.0,0.07136531603535146,nr80.png,1.0,0.0,nr55.png,1.0,0.12174083323677602,nr92.png,7.0,0.0,nr75.png,7.0,0.0,nr49.png,3.0,0.011394462224131744,nr69.png,3.0,0.09415424048361497,nr1.png,16
1322,14.0,111.0,22.0,1.0,4376.0,1.0,0.04557784889652698,nr120.png,7.0,0.10884709966736378,nr10.png,7.0,0.0,nr54.png,7.0,0.0,nr8.png,4.0,0.09955161732662472,nr2.png,5.0,0.0,nr125.png,6.0,0.0839591953357076,nr87.png,7.0,0.053374059891985536,nr28.png,7.0,0.0,nr30.png,5.0,0.07136531603535146,nr80.png,1.0,0.0,nr55.png,1.0,0.12174083323677602,nr92.png,7.0,0.0,nr75.png,7.0,0.0,nr49.png,3.0,0.011394462224131744,nr69.png,3.0,0.09415424048361497,nr1.png,16
1323,14.0,111.0,23.0,3.0,5391.0,1.0,0.04557784889652698,nr120.png,7.0,0.10884709966736378,nr10.png,7.0,0.0,nr54.png,7.0,0.0,nr8.png,4.0,0.09955161732662472,nr2.png,5.0,0.0,nr125.png,6.0,0.0839591953357076,nr87.png,7.0,0.053374059891985536,nr28.png,7.0,0.0,nr30.png,5.0,0.07136531603535146,nr80.png,1.0,0.0,nr55.png,1.0,0.12174083323677602,nr92.png,7.0,0.0,nr75.png,7.0,0.0,nr49.png,3.0,0.011394462224131744,nr69.png,3.0,0.09415424048361497,nr1.png,16
1324,14.0,111.0,24.0,2.0,3689.0,1.0,0.04557784889652698,nr120.png,7.0,0.10884709966736378,nr10.png,7.0,0.0,nr54.png,7.0,0.0,nr8.png,4.0,0.09955161732662472,nr2.png,5.0,0.0,nr125.png,6.0,0.0839591953357076,nr87.png,7.0,0.053374059891985536,nr28.png,7.0,0.0,nr30.png,5.0,0.07136531603535146,nr80.png,1.0,0.0,nr55.png,1.0,0.12174083323677602,nr92.png,7.0,0.0,nr75.png,7.0,0.0,nr49.png,3.0,0.011394462224131744,nr69.png,3.0,0.09415424048361497,nr1.png,16
1325,14.0,111.0,25.0,1.0,3665.0,1.0,0.04557784889652698,nr120.png,7.0,0.10884709966736378,nr10.png,7.0,0.0,nr54.png,7.0,0.0,nr8.png,4.0,0.09955161732662472,nr2.png,5.0,0.0,nr125.png,6.0,0.0839591953357076,nr87.png,7.0,0.053374059891985536,nr28.png,7.0,0.0,nr30.png,5.0,0.07136531603535146,nr80.png,1.0,0.0,nr55.png,1.0,0.12174083323677602,nr92.png,7.0,0.0,nr75.png,7.0,0.0,nr49.png,3.0,0.011394462224131744,nr69.png,3.0,0.09415424048361497,nr1.png,16
1326,14.0,111.0,26.0,1.0,4207.0,1.0,0.04557784889652698,nr120.png,7.0,0.10884709966736378,nr10.png,7.0,0.0,nr54.png,7.0,0.0,nr8.png,4.0,0.09955161732662472,nr2.png,5.0,0.0,nr125.png,6.0,0.0839591953357076,nr87.png,7.0,0.053374059891985536,nr28.png,7.0,0.0,nr30.png,5.0,0.07136531603535146,nr80.png,1.0,0.0,nr55.png,1.0,0.12174083323677602,nr92.png,7.0,0.0,nr75.png,7.0,0.0,nr49.png,3.0,0.011394462224131744,nr69.png,3.0,0.09415424048361497,nr1.png,16
1327,14.0,111.0,27.0,3.0,4330.0,1.0,0.04557784889652698,nr120.png,7.0,0.10884709966736378,nr10.png,7.0,0.0,nr54.png,7.0,0.0,nr8.png,4.0,0.09955161732662472,nr2.png,5.0,0.0,nr125.png,6.0,0.0839591953357076,nr87.png,7.0,0.053374059891985536,nr28.png,7.0,0.0,nr30.png,5.0,0.07136531603535146,nr80.png,1.0,0.0,nr55.png,1.0,0.12174083323677602,nr92.png,7.0,0.0,nr75.png,7.0,0.0,nr49.png,3.0,0.011394462224131744,nr69.png,3.0,0.09415424048361497,nr1.png,16
1328,14.0,111.0,28.0,1.0,4054.0,1.0,0.04557784889652698,nr120.png,7.0,0.10884709966736378,nr10.png,7.0,0.0,nr54.png,7.0,0.0,nr8.png,4.0,0.09955161732662472,nr2.png,5.0,0.0,nr125.png,6.0,0.0839591953357076,nr87.png,7.0,0.053374059891985536,nr28.png,7.0,0.0,nr30.png,5.0,0.07136531603535146,nr80.png,1.0,0.0,nr55.png,1.0,0.12174083323677602,nr92.png,7.0,0.0,nr75.png,7.0,0.0,nr49.png,3.0,0.011394462224131744,nr69.png,3.0,0.09415424048361497,nr1.png,16
1329,14.0,111.0,29.0,13.0,5331.0,1.0,0.04557784889652698,nr120.png,7.0,0.10884709966736378,nr10.png,7.0,0.0,nr54.png,7.0,0.0,nr8.png,4.0,0.09955161732662472,nr2.png,5.0,0.0,nr125.png,6.0,0.0839591953357076,nr87.png,7.0,0.053374059891985536,nr28.png,7.0,0.0,nr30.png,5.0,0.07136531603535146,nr80.png,1.0,0.0,nr55.png,1.0,0.12174083323677602,nr92.png,7.0,0.0,nr75.png,7.0,0.0,nr49.png,3.0,0.011394462224131744,nr69.png,3.0,0.09415424048361497,nr1.png,16
1330,14.0,111.0,30.0,3.0,4235.0,1.0,0.04557784889652698,nr120.png,7.0,0.10884709966736378,nr10.png,7.0,0.0,nr54.png,7.0,0.0,nr8.png,4.0,0.09955161732662472,nr2.png,5.0,0.0,nr125.png,6.0,0.0839591953357076,nr87.png,7.0,0.053374059891985536,nr28.png,7.0,0.0,nr30.png,5.0,0.07136531603535146,nr80.png,1.0,0.0,nr55.png,1.0,0.12174083323677602,nr92.png,7.0,0.0,nr75.png,7.0,0.0,nr49.png,3.0,0.011394462224131744,nr69.png,3.0,0.09415424048361497,nr1.png,16
1331,14.0,111.0,31.0,6.0,2406.0,1.0,0.04557784889652698,nr120.png,7.0,0.10884709966736378,nr10.png,7.0,0.0,nr54.png,7.0,0.0,nr8.png,4.0,0.09955161732662472,nr2.png,5.0,0.0,nr125.png,6.0,0.0839591953357076,nr87.png,7.0,0.053374059891985536,nr28.png,7.0,0.0,nr30.png,5.0,0.07136531603535146,nr80.png,1.0,0.0,nr55.png,1.0,0.12174083323677602,nr92.png,7.0,0.0,nr75.png,7.0,0.0,nr49.png,3.0,0.011394462224131744,nr69.png,3.0,0.09415424048361497,nr1.png,16
1332,14.0,111.0,32.0,6.0,6271.0,1.0,0.04557784889652698,nr120.png,7.0,0.10884709966736378,nr10.png,7.0,0.0,nr54.png,7.0,0.0,nr8.png,4.0,0.09955161732662472,nr2.png,5.0,0.0,nr125.png,6.0,0.0839591953357076,nr87.png,7.0,0.053374059891985536,nr28.png,7.0,0.0,nr30.png,5.0,0.07136531603535146,nr80.png,1.0,0.0,nr55.png,1.0,0.12174083323677602,nr92.png,7.0,0.0,nr75.png,7.0,0.0,nr49.png,3.0,0.011394462224131744,nr69.png,3.0,0.09415424048361497,nr1.png,16
1333,14.0,111.0,33.0,12.0,4747.0,1.0,0.04557784889652698,nr120.png,7.0,0.10884709966736378,nr10.png,7.0,0.0,nr54.png,7.0,0.0,nr8.png,4.0,0.09955161732662472,nr2.png,5.0,0.0,nr125.png,6.0,0.0839591953357076,nr87.png,7.0,0.053374059891985536,nr28.png,7.0,0.0,nr30.png,5.0,0.07136531603535146,nr80.png,1.0,0.0,nr55.png,1.0,0.12174083323677602,nr92.png,7.0,0.0,nr75.png,7.0,0.0,nr49.png,3.0,0.011394462224131744,nr69.png,3.0,0.09415424048361497,nr1.png,16
1334,14.0,111.0,34.0,7.0,4996.0,1.0,0.04557784889652698,nr120.png,7.0,0.10884709966736378,nr10.png,7.0,0.0,nr54.png,7.0,0.0,nr8.png,4.0,0.09955161732662472,nr2.png,5.0,0.0,nr125.png,6.0,0.0839591953357076,nr87.png,7.0,0.053374059891985536,nr28.png,7.0,0.0,nr30.png,5.0,0.07136531603535146,nr80.png,1.0,0.0,nr55.png,1.0,0.12174083323677602,nr92.png,7.0,0.0,nr75.png,7.0,0.0,nr49.png,3.0,0.011394462224131744,nr69.png,3.0,0.09415424048361497,nr1.png,16
1335,14.0,111.0,35.0,7.0,4079.0,1.0,0.04557784889652698,nr120.png,7.0,0.10884709966736378,nr10.png,7.0,0.0,nr54.png,7.0,0.0,nr8.png,4.0,0.09955161732662472,nr2.png,5.0,0.0,nr125.png,6.0,0.0839591953357076,nr87.png,7.0,0.053374059891985536,nr28.png,7.0,0.0,nr30.png,5.0,0.07136531603535146,nr80.png,1.0,0.0,nr55.png,1.0,0.12174083323677602,nr92.png,7.0,0.0,nr75.png,7.0,0.0,nr49.png,3.0,0.011394462224131744,nr69.png,3.0,0.09415424048361497,nr1.png,16
1336,14.0,111.0,36.0,1.0,4102.0,1.0,0.04557784889652698,nr120.png,7.0,0.10884709966736378,nr10.png,7.0,0.0,nr54.png,7.0,0.0,nr8.png,4.0,0.09955161732662472,nr2.png,5.0,0.0,nr125.png,6.0,0.0839591953357076,nr87.png,7.0,0.053374059891985536,nr28.png,7.0,0.0,nr30.png,5.0,0.07136531603535146,nr80.png,1.0,0.0,nr55.png,1.0,0.12174083323677602,nr92.png,7.0,0.0,nr75.png,7.0,0.0,nr49.png,3.0,0.011394462224131744,nr69.png,3.0,0.09415424048361497,nr1.png,16
1337,14.0,111.0,37.0,12.0,3687.0,1.0,0.04557784889652698,nr120.png,7.0,0.10884709966736378,nr10.png,7.0,0.0,nr54.png,7.0,0.0,nr8.png,4.0,0.09955161732662472,nr2.png,5.0,0.0,nr125.png,6.0,0.0839591953357076,nr87.png,7.0,0.053374059891985536,nr28.png,7.0,0.0,nr30.png,5.0,0.07136531603535146,nr80.png,1.0,0.0,nr55.png,1.0,0.12174083323677602,nr92.png,7.0,0.0,nr75.png,7.0,0.0,nr49.png,3.0,0.011394462224131744,nr69.png,3.0,0.09415424048361497,nr1.png,16
1338,14.0,111.0,38.0,3.0,5319.0,1.0,0.04557784889652698,nr120.png,7.0,0.10884709966736378,nr10.png,7.0,0.0,nr54.png,7.0,0.0,nr8.png,4.0,0.09955161732662472,nr2.png,5.0,0.0,nr125.png,6.0,0.0839591953357076,nr87.png,7.0,0.053374059891985536,nr28.png,7.0,0.0,nr30.png,5.0,0.07136531603535146,nr80.png,1.0,0.0,nr55.png,1.0,0.12174083323677602,nr92.png,7.0,0.0,nr75.png,7.0,0.0,nr49.png,3.0,0.011394462224131744,nr69.png,3.0,0.09415424048361497,nr1.png,16
1339,14.0,111.0,39.0,8.0,3462.0,1.0,0.04557784889652698,nr120.png,7.0,0.10884709966736378,nr10.png,7.0,0.0,nr54.png,7.0,0.0,nr8.png,4.0,0.09955161732662472,nr2.png,5.0,0.0,nr125.png,6.0,0.0839591953357076,nr87.png,7.0,0.053374059891985536,nr28.png,7.0,0.0,nr30.png,5.0,0.07136531603535146,nr80.png,1.0,0.0,nr55.png,1.0,0.12174083323677602,nr92.png,7.0,0.0,nr75.png,7.0,0.0,nr49.png,3.0,0.011394462224131744,nr69.png,3.0,0.09415424048361497,nr1.png,16
1340,14.0,111.0,40.0,1.0,3079.0,1.0,0.04557784889652698,nr120.png,7.0,0.10884709966736378,nr10.png,7.0,0.0,nr54.png,7.0,0.0,nr8.png,4.0,0.09955161732662472,nr2.png,5.0,0.0,nr125.png,6.0,0.0839591953357076,nr87.png,7.0,0.053374059891985536,nr28.png,7.0,0.0,nr30.png,5.0,0.07136531603535146,nr80.png,1.0,0.0,nr55.png,1.0,0.12174083323677602,nr92.png,7.0,0.0,nr75.png,7.0,0.0,nr49.png,3.0,0.011394462224131744,nr69.png,3.0,0.09415424048361497,nr1.png,16
1341,14.0,111.0,41.0,1.0,4033.0,1.0,0.04557784889652698,nr120.png,7.0,0.10884709966736378,nr10.png,7.0,0.0,nr54.png,7.0,0.0,nr8.png,4.0,0.09955161732662472,nr2.png,5.0,0.0,nr125.png,6.0,0.0839591953357076,nr87.png,7.0,0.053374059891985536,nr28.png,7.0,0.0,nr30.png,5.0,0.07136531603535146,nr80.png,1.0,0.0,nr55.png,1.0,0.12174083323677602,nr92.png,7.0,0.0,nr75.png,7.0,0.0,nr49.png,3.0,0.011394462224131744,nr69.png,3.0,0.09415424048361497,nr1.png,16
1342,14.0,111.0,42.0,6.0,4070.0,1.0,0.04557784889652698,nr120.png,7.0,0.10884709966736378,nr10.png,7.0,0.0,nr54.png,7.0,0.0,nr8.png,4.0,0.09955161732662472,nr2.png,5.0,0.0,nr125.png,6.0,0.0839591953357076,nr87.png,7.0,0.053374059891985536,nr28.png,7.0,0.0,nr30.png,5.0,0.07136531603535146,nr80.png,1.0,0.0,nr55.png,1.0,0.12174083323677602,nr92.png,7.0,0.0,nr75.png,7.0,0.0,nr49.png,3.0,0.011394462224131744,nr69.png,3.0,0.09415424048361497,nr1.png,16
1343,14.0,111.0,43.0,9.0,6361.0,1.0,0.04557784889652698,nr120.png,7.0,0.10884709966736378,nr10.png,7.0,0.0,nr54.png,7.0,0.0,nr8.png,4.0,0.09955161732662472,nr2.png,5.0,0.0,nr125.png,6.0,0.0839591953357076,nr87.png,7.0,0.053374059891985536,nr28.png,7.0,0.0,nr30.png,5.0,0.07136531603535146,nr80.png,1.0,0.0,nr55.png,1.0,0.12174083323677602,nr92.png,7.0,0.0,nr75.png,7.0,0.0,nr49.png,3.0,0.011394462224131744,nr69.png,3.0,0.09415424048361497,nr1.png,16
1344,14.0,111.0,44.0,11.0,4098.0,1.0,0.04557784889652698,nr120.png,7.0,0.10884709966736378,nr10.png,7.0,0.0,nr54.png,7.0,0.0,nr8.png,4.0,0.09955161732662472,nr2.png,5.0,0.0,nr125.png,6.0,0.0839591953357076,nr87.png,7.0,0.053374059891985536,nr28.png,7.0,0.0,nr30.png,5.0,0.07136531603535146,nr80.png,1.0,0.0,nr55.png,1.0,0.12174083323677602,nr92.png,7.0,0.0,nr75.png,7.0,0.0,nr49.png,3.0,0.011394462224131744,nr69.png,3.0,0.09415424048361497,nr1.png,16
1345,14.0,111.0,45.0,8.0,4809.0,1.0,0.04557784889652698,nr120.png,7.0,0.10884709966736378,nr10.png,7.0,0.0,nr54.png,7.0,0.0,nr8.png,4.0,0.09955161732662472,nr2.png,5.0,0.0,nr125.png,6.0,0.0839591953357076,nr87.png,7.0,0.053374059891985536,nr28.png,7.0,0.0,nr30.png,5.0,0.07136531603535146,nr80.png,1.0,0.0,nr55.png,1.0,0.12174083323677602,nr92.png,7.0,0.0,nr75.png,7.0,0.0,nr49.png,3.0,0.011394462224131744,nr69.png,3.0,0.09415424048361497,nr1.png,16
1346,14.0,111.0,46.0,2.0,4364.0,1.0,0.04557784889652698,nr120.png,7.0,0.10884709966736378,nr10.png,7.0,0.0,nr54.png,7.0,0.0,nr8.png,4.0,0.09955161732662472,nr2.png,5.0,0.0,nr125.png,6.0,0.0839591953357076,nr87.png,7.0,0.053374059891985536,nr28.png,7.0,0.0,nr30.png,5.0,0.07136531603535146,nr80.png,1.0,0.0,nr55.png,1.0,0.12174083323677602,nr92.png,7.0,0.0,nr75.png,7.0,0.0,nr49.png,3.0,0.011394462224131744,nr69.png,3.0,0.09415424048361497,nr1.png,16
1347,14.0,111.0,47.0,1.0,5211.0,1.0,0.04557784889652698,nr120.png,7.0,0.10884709966736378,nr10.png,7.0,0.0,nr54.png,7.0,0.0,nr8.png,4.0,0.09955161732662472,nr2.png,5.0,0.0,nr125.png,6.0,0.0839591953357076,nr87.png,7.0,0.053374059891985536,nr28.png,7.0,0.0,nr30.png,5.0,0.07136531603535146,nr80.png,1.0,0.0,nr55.png,1.0,0.12174083323677602,nr92.png,7.0,0.0,nr75.png,7.0,0.0,nr49.png,3.0,0.011394462224131744,nr69.png,3.0,0.09415424048361497,nr1.png,16
1348,14.0,111.0,48.0,12.0,4016.0,1.0,0.04557784889652698,nr120.png,7.0,0.10884709966736378,nr10.png,7.0,0.0,nr54.png,7.0,0.0,nr8.png,4.0,0.09955161732662472,nr2.png,5.0,0.0,nr125.png,6.0,0.0839591953357076,nr87.png,7.0,0.053374059891985536,nr28.png,7.0,0.0,nr30.png,5.0,0.07136531603535146,nr80.png,1.0,0.0,nr55.png,1.0,0.12174083323677602,nr92.png,7.0,0.0,nr75.png,7.0,0.0,nr49.png,3.0,0.011394462224131744,nr69.png,3.0,0.09415424048361497,nr1.png,16
1349,14.0,111.0,49.0,2.0,7301.0,1.0,0.04557784889652698,nr120.png,7.0,0.10884709966736378,nr10.png,7.0,0.0,nr54.png,7.0,0.0,nr8.png,4.0,0.09955161732662472,nr2.png,5.0,0.0,nr125.png,6.0,0.0839591953357076,nr87.png,7.0,0.053374059891985536,nr28.png,7.0,0.0,nr30.png,5.0,0.07136531603535146,nr80.png,1.0,0.0,nr55.png,1.0,0.12174083323677602,nr92.png,7.0,0.0,nr75.png,7.0,0.0,nr49.png,3.0,0.011394462224131744,nr69.png,3.0,0.09415424048361497,nr1.png,16
1350,14.0,114.0,0.0,5.0,4652.0,7.0,0.0,nr58.png,7.0,0.13236847246756836,nr28.png,7.0,0.1019594990628567,nr109.png,5.0,0.047849414033884506,nr76.png,7.0,0.0,nr46.png,7.0,0.07244490722887187,nr89.png,5.0,0.0,nr106.png,3.0,0.0952516372824056,nr90.png,7.0,0.033539308902255496,nr42.png,6.0,0.0,nr44.png,5.0,0.0,nr15.png,4.0,0.06439547309233055,nr2.png,5.0,0.0,nr96.png,7.0,0.036222453614435934,nr79.png,2.0,0.10598421613112737,nr4.png,7.0,0.0809415321507766,nr97.png,16
1351,14.0,114.0,1.0,8.0,4977.0,7.0,0.0,nr58.png,7.0,0.13236847246756836,nr28.png,7.0,0.1019594990628567,nr109.png,5.0,0.047849414033884506,nr76.png,7.0,0.0,nr46.png,7.0,0.07244490722887187,nr89.png,5.0,0.0,nr106.png,3.0,0.0952516372824056,nr90.png,7.0,0.033539308902255496,nr42.png,6.0,0.0,nr44.png,5.0,0.0,nr15.png,4.0,0.06439547309233055,nr2.png,5.0,0.0,nr96.png,7.0,0.036222453614435934,nr79.png,2.0,0.10598421613112737,nr4.png,7.0,0.0809415321507766,nr97.png,16
1352,14.0,114.0,2.0,0.0,5165.0,7.0,0.0,nr58.png,7.0,0.13236847246756836,nr28.png,7.0,0.1019594990628567,nr109.png,5.0,0.047849414033884506,nr76.png,7.0,0.0,nr46.png,7.0,0.07244490722887187,nr89.png,5.0,0.0,nr106.png,3.0,0.0952516372824056,nr90.png,7.0,0.033539308902255496,nr42.png,6.0,0.0,nr44.png,5.0,0.0,nr15.png,4.0,0.06439547309233055,nr2.png,5.0,0.0,nr96.png,7.0,0.036222453614435934,nr79.png,2.0,0.10598421613112737,nr4.png,7.0,0.0809415321507766,nr97.png,16
1353,14.0,114.0,3.0,8.0,4974.0,7.0,0.0,nr58.png,7.0,0.13236847246756836,nr28.png,7.0,0.1019594990628567,nr109.png,5.0,0.047849414033884506,nr76.png,7.0,0.0,nr46.png,7.0,0.07244490722887187,nr89.png,5.0,0.0,nr106.png,3.0,0.0952516372824056,nr90.png,7.0,0.033539308902255496,nr42.png,6.0,0.0,nr44.png,5.0,0.0,nr15.png,4.0,0.06439547309233055,nr2.png,5.0,0.0,nr96.png,7.0,0.036222453614435934,nr79.png,2.0,0.10598421613112737,nr4.png,7.0,0.0809415321507766,nr97.png,16
1354,14.0,114.0,4.0,0.0,4292.0,7.0,0.0,nr58.png,7.0,0.13236847246756836,nr28.png,7.0,0.1019594990628567,nr109.png,5.0,0.047849414033884506,nr76.png,7.0,0.0,nr46.png,7.0,0.07244490722887187,nr89.png,5.0,0.0,nr106.png,3.0,0.0952516372824056,nr90.png,7.0,0.033539308902255496,nr42.png,6.0,0.0,nr44.png,5.0,0.0,nr15.png,4.0,0.06439547309233055,nr2.png,5.0,0.0,nr96.png,7.0,0.036222453614435934,nr79.png,2.0,0.10598421613112737,nr4.png,7.0,0.0809415321507766,nr97.png,16
1355,14.0,114.0,5.0,1.0,4472.0,7.0,0.0,nr58.png,7.0,0.13236847246756836,nr28.png,7.0,0.1019594990628567,nr109.png,5.0,0.047849414033884506,nr76.png,7.0,0.0,nr46.png,7.0,0.07244490722887187,nr89.png,5.0,0.0,nr106.png,3.0,0.0952516372824056,nr90.png,7.0,0.033539308902255496,nr42.png,6.0,0.0,nr44.png,5.0,0.0,nr15.png,4.0,0.06439547309233055,nr2.png,5.0,0.0,nr96.png,7.0,0.036222453614435934,nr79.png,2.0,0.10598421613112737,nr4.png,7.0,0.0809415321507766,nr97.png,16
1356,14.0,114.0,6.0,15.0,4182.0,7.0,0.0,nr58.png,7.0,0.13236847246756836,nr28.png,7.0,0.1019594990628567,nr109.png,5.0,0.047849414033884506,nr76.png,7.0,0.0,nr46.png,7.0,0.07244490722887187,nr89.png,5.0,0.0,nr106.png,3.0,0.0952516372824056,nr90.png,7.0,0.033539308902255496,nr42.png,6.0,0.0,nr44.png,5.0,0.0,nr15.png,4.0,0.06439547309233055,nr2.png,5.0,0.0,nr96.png,7.0,0.036222453614435934,nr79.png,2.0,0.10598421613112737,nr4.png,7.0,0.0809415321507766,nr97.png,16
1357,14.0,114.0,7.0,2.0,2950.0,7.0,0.0,nr58.png,7.0,0.13236847246756836,nr28.png,7.0,0.1019594990628567,nr109.png,5.0,0.047849414033884506,nr76.png,7.0,0.0,nr46.png,7.0,0.07244490722887187,nr89.png,5.0,0.0,nr106.png,3.0,0.0952516372824056,nr90.png,7.0,0.033539308902255496,nr42.png,6.0,0.0,nr44.png,5.0,0.0,nr15.png,4.0,0.06439547309233055,nr2.png,5.0,0.0,nr96.png,7.0,0.036222453614435934,nr79.png,2.0,0.10598421613112737,nr4.png,7.0,0.0809415321507766,nr97.png,16
1358,14.0,114.0,8.0,13.0,3412.0,7.0,0.0,nr58.png,7.0,0.13236847246756836,nr28.png,7.0,0.1019594990628567,nr109.png,5.0,0.047849414033884506,nr76.png,7.0,0.0,nr46.png,7.0,0.07244490722887187,nr89.png,5.0,0.0,nr106.png,3.0,0.0952516372824056,nr90.png,7.0,0.033539308902255496,nr42.png,6.0,0.0,nr44.png,5.0,0.0,nr15.png,4.0,0.06439547309233055,nr2.png,5.0,0.0,nr96.png,7.0,0.036222453614435934,nr79.png,2.0,0.10598421613112737,nr4.png,7.0,0.0809415321507766,nr97.png,16
1359,14.0,114.0,9.0,2.0,5654.0,7.0,0.0,nr58.png,7.0,0.13236847246756836,nr28.png,7.0,0.1019594990628567,nr109.png,5.0,0.047849414033884506,nr76.png,7.0,0.0,nr46.png,7.0,0.07244490722887187,nr89.png,5.0,0.0,nr106.png,3.0,0.0952516372824056,nr90.png,7.0,0.033539308902255496,nr42.png,6.0,0.0,nr44.png,5.0,0.0,nr15.png,4.0,0.06439547309233055,nr2.png,5.0,0.0,nr96.png,7.0,0.036222453614435934,nr79.png,2.0,0.10598421613112737,nr4.png,7.0,0.0809415321507766,nr97.png,16
1360,14.0,114.0,10.0,2.0,4194.0,7.0,0.0,nr58.png,7.0,0.13236847246756836,nr28.png,7.0,0.1019594990628567,nr109.png,5.0,0.047849414033884506,nr76.png,7.0,0.0,nr46.png,7.0,0.07244490722887187,nr89.png,5.0,0.0,nr106.png,3.0,0.0952516372824056,nr90.png,7.0,0.033539308902255496,nr42.png,6.0,0.0,nr44.png,5.0,0.0,nr15.png,4.0,0.06439547309233055,nr2.png,5.0,0.0,nr96.png,7.0,0.036222453614435934,nr79.png,2.0,0.10598421613112737,nr4.png,7.0,0.0809415321507766,nr97.png,16
1361,14.0,114.0,11.0,5.0,4346.0,7.0,0.0,nr58.png,7.0,0.13236847246756836,nr28.png,7.0,0.1019594990628567,nr109.png,5.0,0.047849414033884506,nr76.png,7.0,0.0,nr46.png,7.0,0.07244490722887187,nr89.png,5.0,0.0,nr106.png,3.0,0.0952516372824056,nr90.png,7.0,0.033539308902255496,nr42.png,6.0,0.0,nr44.png,5.0,0.0,nr15.png,4.0,0.06439547309233055,nr2.png,5.0,0.0,nr96.png,7.0,0.036222453614435934,nr79.png,2.0,0.10598421613112737,nr4.png,7.0,0.0809415321507766,nr97.png,16
1362,14.0,114.0,12.0,15.0,4147.0,7.0,0.0,nr58.png,7.0,0.13236847246756836,nr28.png,7.0,0.1019594990628567,nr109.png,5.0,0.047849414033884506,nr76.png,7.0,0.0,nr46.png,7.0,0.07244490722887187,nr89.png,5.0,0.0,nr106.png,3.0,0.0952516372824056,nr90.png,7.0,0.033539308902255496,nr42.png,6.0,0.0,nr44.png,5.0,0.0,nr15.png,4.0,0.06439547309233055,nr2.png,5.0,0.0,nr96.png,7.0,0.036222453614435934,nr79.png,2.0,0.10598421613112737,nr4.png,7.0,0.0809415321507766,nr97.png,16
1363,14.0,114.0,13.0,13.0,4824.0,7.0,0.0,nr58.png,7.0,0.13236847246756836,nr28.png,7.0,0.1019594990628567,nr109.png,5.0,0.047849414033884506,nr76.png,7.0,0.0,nr46.png,7.0,0.07244490722887187,nr89.png,5.0,0.0,nr106.png,3.0,0.0952516372824056,nr90.png,7.0,0.033539308902255496,nr42.png,6.0,0.0,nr44.png,5.0,0.0,nr15.png,4.0,0.06439547309233055,nr2.png,5.0,0.0,nr96.png,7.0,0.036222453614435934,nr79.png,2.0,0.10598421613112737,nr4.png,7.0,0.0809415321507766,nr97.png,16
1364,14.0,114.0,14.0,0.0,4439.0,7.0,0.0,nr58.png,7.0,0.13236847246756836,nr28.png,7.0,0.1019594990628567,nr109.png,5.0,0.047849414033884506,nr76.png,7.0,0.0,nr46.png,7.0,0.07244490722887187,nr89.png,5.0,0.0,nr106.png,3.0,0.0952516372824056,nr90.png,7.0,0.033539308902255496,nr42.png,6.0,0.0,nr44.png,5.0,0.0,nr15.png,4.0,0.06439547309233055,nr2.png,5.0,0.0,nr96.png,7.0,0.036222453614435934,nr79.png,2.0,0.10598421613112737,nr4.png,7.0,0.0809415321507766,nr97.png,16
1365,14.0,114.0,15.0,2.0,3421.0,7.0,0.0,nr58.png,7.0,0.13236847246756836,nr28.png,7.0,0.1019594990628567,nr109.png,5.0,0.047849414033884506,nr76.png,7.0,0.0,nr46.png,7.0,0.07244490722887187,nr89.png,5.0,0.0,nr106.png,3.0,0.0952516372824056,nr90.png,7.0,0.033539308902255496,nr42.png,6.0,0.0,nr44.png,5.0,0.0,nr15.png,4.0,0.06439547309233055,nr2.png,5.0,0.0,nr96.png,7.0,0.036222453614435934,nr79.png,2.0,0.10598421613112737,nr4.png,7.0,0.0809415321507766,nr97.png,16
1366,14.0,114.0,16.0,5.0,3582.0,7.0,0.0,nr58.png,7.0,0.13236847246756836,nr28.png,7.0,0.1019594990628567,nr109.png,5.0,0.047849414033884506,nr76.png,7.0,0.0,nr46.png,7.0,0.07244490722887187,nr89.png,5.0,0.0,nr106.png,3.0,0.0952516372824056,nr90.png,7.0,0.033539308902255496,nr42.png,6.0,0.0,nr44.png,5.0,0.0,nr15.png,4.0,0.06439547309233055,nr2.png,5.0,0.0,nr96.png,7.0,0.036222453614435934,nr79.png,2.0,0.10598421613112737,nr4.png,7.0,0.0809415321507766,nr97.png,16
1367,14.0,114.0,17.0,2.0,4914.0,7.0,0.0,nr58.png,7.0,0.13236847246756836,nr28.png,7.0,0.1019594990628567,nr109.png,5.0,0.047849414033884506,nr76.png,7.0,0.0,nr46.png,7.0,0.07244490722887187,nr89.png,5.0,0.0,nr106.png,3.0,0.0952516372824056,nr90.png,7.0,0.033539308902255496,nr42.png,6.0,0.0,nr44.png,5.0,0.0,nr15.png,4.0,0.06439547309233055,nr2.png,5.0,0.0,nr96.png,7.0,0.036222453614435934,nr79.png,2.0,0.10598421613112737,nr4.png,7.0,0.0809415321507766,nr97.png,16
1368,14.0,114.0,18.0,15.0,2837.0,7.0,0.0,nr58.png,7.0,0.13236847246756836,nr28.png,7.0,0.1019594990628567,nr109.png,5.0,0.047849414033884506,nr76.png,7.0,0.0,nr46.png,7.0,0.07244490722887187,nr89.png,5.0,0.0,nr106.png,3.0,0.0952516372824056,nr90.png,7.0,0.033539308902255496,nr42.png,6.0,0.0,nr44.png,5.0,0.0,nr15.png,4.0,0.06439547309233055,nr2.png,5.0,0.0,nr96.png,7.0,0.036222453614435934,nr79.png,2.0,0.10598421613112737,nr4.png,7.0,0.0809415321507766,nr97.png,16
1369,14.0,114.0,19.0,15.0,4456.0,7.0,0.0,nr58.png,7.0,0.13236847246756836,nr28.png,7.0,0.1019594990628567,nr109.png,5.0,0.047849414033884506,nr76.png,7.0,0.0,nr46.png,7.0,0.07244490722887187,nr89.png,5.0,0.0,nr106.png,3.0,0.0952516372824056,nr90.png,7.0,0.033539308902255496,nr42.png,6.0,0.0,nr44.png,5.0,0.0,nr15.png,4.0,0.06439547309233055,nr2.png,5.0,0.0,nr96.png,7.0,0.036222453614435934,nr79.png,2.0,0.10598421613112737,nr4.png,7.0,0.0809415321507766,nr97.png,16
1370,14.0,114.0,20.0,8.0,3933.0,7.0,0.0,nr58.png,7.0,0.13236847246756836,nr28.png,7.0,0.1019594990628567,nr109.png,5.0,0.047849414033884506,nr76.png,7.0,0.0,nr46.png,7.0,0.07244490722887187,nr89.png,5.0,0.0,nr106.png,3.0,0.0952516372824056,nr90.png,7.0,0.033539308902255496,nr42.png,6.0,0.0,nr44.png,5.0,0.0,nr15.png,4.0,0.06439547309233055,nr2.png,5.0,0.0,nr96.png,7.0,0.036222453614435934,nr79.png,2.0,0.10598421613112737,nr4.png,7.0,0.0809415321507766,nr97.png,16
1371,14.0,114.0,21.0,1.0,5196.0,7.0,0.0,nr58.png,7.0,0.13236847246756836,nr28.png,7.0,0.1019594990628567,nr109.png,5.0,0.047849414033884506,nr76.png,7.0,0.0,nr46.png,7.0,0.07244490722887187,nr89.png,5.0,0.0,nr106.png,3.0,0.0952516372824056,nr90.png,7.0,0.033539308902255496,nr42.png,6.0,0.0,nr44.png,5.0,0.0,nr15.png,4.0,0.06439547309233055,nr2.png,5.0,0.0,nr96.png,7.0,0.036222453614435934,nr79.png,2.0,0.10598421613112737,nr4.png,7.0,0.0809415321507766,nr97.png,16
1372,14.0,114.0,22.0,15.0,3637.0,7.0,0.0,nr58.png,7.0,0.13236847246756836,nr28.png,7.0,0.1019594990628567,nr109.png,5.0,0.047849414033884506,nr76.png,7.0,0.0,nr46.png,7.0,0.07244490722887187,nr89.png,5.0,0.0,nr106.png,3.0,0.0952516372824056,nr90.png,7.0,0.033539308902255496,nr42.png,6.0,0.0,nr44.png,5.0,0.0,nr15.png,4.0,0.06439547309233055,nr2.png,5.0,0.0,nr96.png,7.0,0.036222453614435934,nr79.png,2.0,0.10598421613112737,nr4.png,7.0,0.0809415321507766,nr97.png,16
1373,14.0,114.0,23.0,0.0,4244.0,7.0,0.0,nr58.png,7.0,0.13236847246756836,nr28.png,7.0,0.1019594990628567,nr109.png,5.0,0.047849414033884506,nr76.png,7.0,0.0,nr46.png,7.0,0.07244490722887187,nr89.png,5.0,0.0,nr106.png,3.0,0.0952516372824056,nr90.png,7.0,0.033539308902255496,nr42.png,6.0,0.0,nr44.png,5.0,0.0,nr15.png,4.0,0.06439547309233055,nr2.png,5.0,0.0,nr96.png,7.0,0.036222453614435934,nr79.png,2.0,0.10598421613112737,nr4.png,7.0,0.0809415321507766,nr97.png,16
1374,14.0,114.0,24.0,4.0,6079.0,7.0,0.0,nr58.png,7.0,0.13236847246756836,nr28.png,7.0,0.1019594990628567,nr109.png,5.0,0.047849414033884506,nr76.png,7.0,0.0,nr46.png,7.0,0.07244490722887187,nr89.png,5.0,0.0,nr106.png,3.0,0.0952516372824056,nr90.png,7.0,0.033539308902255496,nr42.png,6.0,0.0,nr44.png,5.0,0.0,nr15.png,4.0,0.06439547309233055,nr2.png,5.0,0.0,nr96.png,7.0,0.036222453614435934,nr79.png,2.0,0.10598421613112737,nr4.png,7.0,0.0809415321507766,nr97.png,16
1375,14.0,114.0,25.0,8.0,4372.0,7.0,0.0,nr58.png,7.0,0.13236847246756836,nr28.png,7.0,0.1019594990628567,nr109.png,5.0,0.047849414033884506,nr76.png,7.0,0.0,nr46.png,7.0,0.07244490722887187,nr89.png,5.0,0.0,nr106.png,3.0,0.0952516372824056,nr90.png,7.0,0.033539308902255496,nr42.png,6.0,0.0,nr44.png,5.0,0.0,nr15.png,4.0,0.06439547309233055,nr2.png,5.0,0.0,nr96.png,7.0,0.036222453614435934,nr79.png,2.0,0.10598421613112737,nr4.png,7.0,0.0809415321507766,nr97.png,16
1376,14.0,114.0,26.0,1.0,4101.0,7.0,0.0,nr58.png,7.0,0.13236847246756836,nr28.png,7.0,0.1019594990628567,nr109.png,5.0,0.047849414033884506,nr76.png,7.0,0.0,nr46.png,7.0,0.07244490722887187,nr89.png,5.0,0.0,nr106.png,3.0,0.0952516372824056,nr90.png,7.0,0.033539308902255496,nr42.png,6.0,0.0,nr44.png,5.0,0.0,nr15.png,4.0,0.06439547309233055,nr2.png,5.0,0.0,nr96.png,7.0,0.036222453614435934,nr79.png,2.0,0.10598421613112737,nr4.png,7.0,0.0809415321507766,nr97.png,16
1377,14.0,114.0,27.0,5.0,7474.0,7.0,0.0,nr58.png,7.0,0.13236847246756836,nr28.png,7.0,0.1019594990628567,nr109.png,5.0,0.047849414033884506,nr76.png,7.0,0.0,nr46.png,7.0,0.07244490722887187,nr89.png,5.0,0.0,nr106.png,3.0,0.0952516372824056,nr90.png,7.0,0.033539308902255496,nr42.png,6.0,0.0,nr44.png,5.0,0.0,nr15.png,4.0,0.06439547309233055,nr2.png,5.0,0.0,nr96.png,7.0,0.036222453614435934,nr79.png,2.0,0.10598421613112737,nr4.png,7.0,0.0809415321507766,nr97.png,16
1378,14.0,114.0,28.0,15.0,3970.0,7.0,0.0,nr58.png,7.0,0.13236847246756836,nr28.png,7.0,0.1019594990628567,nr109.png,5.0,0.047849414033884506,nr76.png,7.0,0.0,nr46.png,7.0,0.07244490722887187,nr89.png,5.0,0.0,nr106.png,3.0,0.0952516372824056,nr90.png,7.0,0.033539308902255496,nr42.png,6.0,0.0,nr44.png,5.0,0.0,nr15.png,4.0,0.06439547309233055,nr2.png,5.0,0.0,nr96.png,7.0,0.036222453614435934,nr79.png,2.0,0.10598421613112737,nr4.png,7.0,0.0809415321507766,nr97.png,16
1379,14.0,114.0,29.0,5.0,3472.0,7.0,0.0,nr58.png,7.0,0.13236847246756836,nr28.png,7.0,0.1019594990628567,nr109.png,5.0,0.047849414033884506,nr76.png,7.0,0.0,nr46.png,7.0,0.07244490722887187,nr89.png,5.0,0.0,nr106.png,3.0,0.0952516372824056,nr90.png,7.0,0.033539308902255496,nr42.png,6.0,0.0,nr44.png,5.0,0.0,nr15.png,4.0,0.06439547309233055,nr2.png,5.0,0.0,nr96.png,7.0,0.036222453614435934,nr79.png,2.0,0.10598421613112737,nr4.png,7.0,0.0809415321507766,nr97.png,16
1380,14.0,114.0,30.0,15.0,3109.0,7.0,0.0,nr58.png,7.0,0.13236847246756836,nr28.png,7.0,0.1019594990628567,nr109.png,5.0,0.047849414033884506,nr76.png,7.0,0.0,nr46.png,7.0,0.07244490722887187,nr89.png,5.0,0.0,nr106.png,3.0,0.0952516372824056,nr90.png,7.0,0.033539308902255496,nr42.png,6.0,0.0,nr44.png,5.0,0.0,nr15.png,4.0,0.06439547309233055,nr2.png,5.0,0.0,nr96.png,7.0,0.036222453614435934,nr79.png,2.0,0.10598421613112737,nr4.png,7.0,0.0809415321507766,nr97.png,16
1381,14.0,114.0,31.0,3.0,3906.0,7.0,0.0,nr58.png,7.0,0.13236847246756836,nr28.png,7.0,0.1019594990628567,nr109.png,5.0,0.047849414033884506,nr76.png,7.0,0.0,nr46.png,7.0,0.07244490722887187,nr89.png,5.0,0.0,nr106.png,3.0,0.0952516372824056,nr90.png,7.0,0.033539308902255496,nr42.png,6.0,0.0,nr44.png,5.0,0.0,nr15.png,4.0,0.06439547309233055,nr2.png,5.0,0.0,nr96.png,7.0,0.036222453614435934,nr79.png,2.0,0.10598421613112737,nr4.png,7.0,0.0809415321507766,nr97.png,16
1382,14.0,114.0,32.0,1.0,3943.0,7.0,0.0,nr58.png,7.0,0.13236847246756836,nr28.png,7.0,0.1019594990628567,nr109.png,5.0,0.047849414033884506,nr76.png,7.0,0.0,nr46.png,7.0,0.07244490722887187,nr89.png,5.0,0.0,nr106.png,3.0,0.0952516372824056,nr90.png,7.0,0.033539308902255496,nr42.png,6.0,0.0,nr44.png,5.0,0.0,nr15.png,4.0,0.06439547309233055,nr2.png,5.0,0.0,nr96.png,7.0,0.036222453614435934,nr79.png,2.0,0.10598421613112737,nr4.png,7.0,0.0809415321507766,nr97.png,16
1383,14.0,114.0,33.0,10.0,3668.0,7.0,0.0,nr58.png,7.0,0.13236847246756836,nr28.png,7.0,0.1019594990628567,nr109.png,5.0,0.047849414033884506,nr76.png,7.0,0.0,nr46.png,7.0,0.07244490722887187,nr89.png,5.0,0.0,nr106.png,3.0,0.0952516372824056,nr90.png,7.0,0.033539308902255496,nr42.png,6.0,0.0,nr44.png,5.0,0.0,nr15.png,4.0,0.06439547309233055,nr2.png,5.0,0.0,nr96.png,7.0,0.036222453614435934,nr79.png,2.0,0.10598421613112737,nr4.png,7.0,0.0809415321507766,nr97.png,16
1384,14.0,114.0,34.0,9.0,3590.0,7.0,0.0,nr58.png,7.0,0.13236847246756836,nr28.png,7.0,0.1019594990628567,nr109.png,5.0,0.047849414033884506,nr76.png,7.0,0.0,nr46.png,7.0,0.07244490722887187,nr89.png,5.0,0.0,nr106.png,3.0,0.0952516372824056,nr90.png,7.0,0.033539308902255496,nr42.png,6.0,0.0,nr44.png,5.0,0.0,nr15.png,4.0,0.06439547309233055,nr2.png,5.0,0.0,nr96.png,7.0,0.036222453614435934,nr79.png,2.0,0.10598421613112737,nr4.png,7.0,0.0809415321507766,nr97.png,16
1385,14.0,114.0,35.0,2.0,4105.0,7.0,0.0,nr58.png,7.0,0.13236847246756836,nr28.png,7.0,0.1019594990628567,nr109.png,5.0,0.047849414033884506,nr76.png,7.0,0.0,nr46.png,7.0,0.07244490722887187,nr89.png,5.0,0.0,nr106.png,3.0,0.0952516372824056,nr90.png,7.0,0.033539308902255496,nr42.png,6.0,0.0,nr44.png,5.0,0.0,nr15.png,4.0,0.06439547309233055,nr2.png,5.0,0.0,nr96.png,7.0,0.036222453614435934,nr79.png,2.0,0.10598421613112737,nr4.png,7.0,0.0809415321507766,nr97.png,16
1386,14.0,114.0,36.0,5.0,4936.0,7.0,0.0,nr58.png,7.0,0.13236847246756836,nr28.png,7.0,0.1019594990628567,nr109.png,5.0,0.047849414033884506,nr76.png,7.0,0.0,nr46.png,7.0,0.07244490722887187,nr89.png,5.0,0.0,nr106.png,3.0,0.0952516372824056,nr90.png,7.0,0.033539308902255496,nr42.png,6.0,0.0,nr44.png,5.0,0.0,nr15.png,4.0,0.06439547309233055,nr2.png,5.0,0.0,nr96.png,7.0,0.036222453614435934,nr79.png,2.0,0.10598421613112737,nr4.png,7.0,0.0809415321507766,nr97.png,16
1387,14.0,114.0,37.0,8.0,4467.0,7.0,0.0,nr58.png,7.0,0.13236847246756836,nr28.png,7.0,0.1019594990628567,nr109.png,5.0,0.047849414033884506,nr76.png,7.0,0.0,nr46.png,7.0,0.07244490722887187,nr89.png,5.0,0.0,nr106.png,3.0,0.0952516372824056,nr90.png,7.0,0.033539308902255496,nr42.png,6.0,0.0,nr44.png,5.0,0.0,nr15.png,4.0,0.06439547309233055,nr2.png,5.0,0.0,nr96.png,7.0,0.036222453614435934,nr79.png,2.0,0.10598421613112737,nr4.png,7.0,0.0809415321507766,nr97.png,16
1388,14.0,114.0,38.0,0.0,4169.0,7.0,0.0,nr58.png,7.0,0.13236847246756836,nr28.png,7.0,0.1019594990628567,nr109.png,5.0,0.047849414033884506,nr76.png,7.0,0.0,nr46.png,7.0,0.07244490722887187,nr89.png,5.0,0.0,nr106.png,3.0,0.0952516372824056,nr90.png,7.0,0.033539308902255496,nr42.png,6.0,0.0,nr44.png,5.0,0.0,nr15.png,4.0,0.06439547309233055,nr2.png,5.0,0.0,nr96.png,7.0,0.036222453614435934,nr79.png,2.0,0.10598421613112737,nr4.png,7.0,0.0809415321507766,nr97.png,16
1389,14.0,114.0,39.0,2.0,4532.0,7.0,0.0,nr58.png,7.0,0.13236847246756836,nr28.png,7.0,0.1019594990628567,nr109.png,5.0,0.047849414033884506,nr76.png,7.0,0.0,nr46.png,7.0,0.07244490722887187,nr89.png,5.0,0.0,nr106.png,3.0,0.0952516372824056,nr90.png,7.0,0.033539308902255496,nr42.png,6.0,0.0,nr44.png,5.0,0.0,nr15.png,4.0,0.06439547309233055,nr2.png,5.0,0.0,nr96.png,7.0,0.036222453614435934,nr79.png,2.0,0.10598421613112737,nr4.png,7.0,0.0809415321507766,nr97.png,16
1390,14.0,114.0,40.0,10.0,4438.0,7.0,0.0,nr58.png,7.0,0.13236847246756836,nr28.png,7.0,0.1019594990628567,nr109.png,5.0,0.047849414033884506,nr76.png,7.0,0.0,nr46.png,7.0,0.07244490722887187,nr89.png,5.0,0.0,nr106.png,3.0,0.0952516372824056,nr90.png,7.0,0.033539308902255496,nr42.png,6.0,0.0,nr44.png,5.0,0.0,nr15.png,4.0,0.06439547309233055,nr2.png,5.0,0.0,nr96.png,7.0,0.036222453614435934,nr79.png,2.0,0.10598421613112737,nr4.png,7.0,0.0809415321507766,nr97.png,16
1391,14.0,114.0,41.0,1.0,3512.0,7.0,0.0,nr58.png,7.0,0.13236847246756836,nr28.png,7.0,0.1019594990628567,nr109.png,5.0,0.047849414033884506,nr76.png,7.0,0.0,nr46.png,7.0,0.07244490722887187,nr89.png,5.0,0.0,nr106.png,3.0,0.0952516372824056,nr90.png,7.0,0.033539308902255496,nr42.png,6.0,0.0,nr44.png,5.0,0.0,nr15.png,4.0,0.06439547309233055,nr2.png,5.0,0.0,nr96.png,7.0,0.036222453614435934,nr79.png,2.0,0.10598421613112737,nr4.png,7.0,0.0809415321507766,nr97.png,16
1392,14.0,114.0,42.0,8.0,5544.0,7.0,0.0,nr58.png,7.0,0.13236847246756836,nr28.png,7.0,0.1019594990628567,nr109.png,5.0,0.047849414033884506,nr76.png,7.0,0.0,nr46.png,7.0,0.07244490722887187,nr89.png,5.0,0.0,nr106.png,3.0,0.0952516372824056,nr90.png,7.0,0.033539308902255496,nr42.png,6.0,0.0,nr44.png,5.0,0.0,nr15.png,4.0,0.06439547309233055,nr2.png,5.0,0.0,nr96.png,7.0,0.036222453614435934,nr79.png,2.0,0.10598421613112737,nr4.png,7.0,0.0809415321507766,nr97.png,16
1393,14.0,114.0,43.0,1.0,3469.0,7.0,0.0,nr58.png,7.0,0.13236847246756836,nr28.png,7.0,0.1019594990628567,nr109.png,5.0,0.047849414033884506,nr76.png,7.0,0.0,nr46.png,7.0,0.07244490722887187,nr89.png,5.0,0.0,nr106.png,3.0,0.0952516372824056,nr90.png,7.0,0.033539308902255496,nr42.png,6.0,0.0,nr44.png,5.0,0.0,nr15.png,4.0,0.06439547309233055,nr2.png,5.0,0.0,nr96.png,7.0,0.036222453614435934,nr79.png,2.0,0.10598421613112737,nr4.png,7.0,0.0809415321507766,nr97.png,16
1394,14.0,114.0,44.0,1.0,4295.0,7.0,0.0,nr58.png,7.0,0.13236847246756836,nr28.png,7.0,0.1019594990628567,nr109.png,5.0,0.047849414033884506,nr76.png,7.0,0.0,nr46.png,7.0,0.07244490722887187,nr89.png,5.0,0.0,nr106.png,3.0,0.0952516372824056,nr90.png,7.0,0.033539308902255496,nr42.png,6.0,0.0,nr44.png,5.0,0.0,nr15.png,4.0,0.06439547309233055,nr2.png,5.0,0.0,nr96.png,7.0,0.036222453614435934,nr79.png,2.0,0.10598421613112737,nr4.png,7.0,0.0809415321507766,nr97.png,16
1395,14.0,114.0,45.0,0.0,3964.0,7.0,0.0,nr58.png,7.0,0.13236847246756836,nr28.png,7.0,0.1019594990628567,nr109.png,5.0,0.047849414033884506,nr76.png,7.0,0.0,nr46.png,7.0,0.07244490722887187,nr89.png,5.0,0.0,nr106.png,3.0,0.0952516372824056,nr90.png,7.0,0.033539308902255496,nr42.png,6.0,0.0,nr44.png,5.0,0.0,nr15.png,4.0,0.06439547309233055,nr2.png,5.0,0.0,nr96.png,7.0,0.036222453614435934,nr79.png,2.0,0.10598421613112737,nr4.png,7.0,0.0809415321507766,nr97.png,16
1396,14.0,114.0,46.0,2.0,3883.0,7.0,0.0,nr58.png,7.0,0.13236847246756836,nr28.png,7.0,0.1019594990628567,nr109.png,5.0,0.047849414033884506,nr76.png,7.0,0.0,nr46.png,7.0,0.07244490722887187,nr89.png,5.0,0.0,nr106.png,3.0,0.0952516372824056,nr90.png,7.0,0.033539308902255496,nr42.png,6.0,0.0,nr44.png,5.0,0.0,nr15.png,4.0,0.06439547309233055,nr2.png,5.0,0.0,nr96.png,7.0,0.036222453614435934,nr79.png,2.0,0.10598421613112737,nr4.png,7.0,0.0809415321507766,nr97.png,16
1397,14.0,114.0,47.0,3.0,4829.0,7.0,0.0,nr58.png,7.0,0.13236847246756836,nr28.png,7.0,0.1019594990628567,nr109.png,5.0,0.047849414033884506,nr76.png,7.0,0.0,nr46.png,7.0,0.07244490722887187,nr89.png,5.0,0.0,nr106.png,3.0,0.0952516372824056,nr90.png,7.0,0.033539308902255496,nr42.png,6.0,0.0,nr44.png,5.0,0.0,nr15.png,4.0,0.06439547309233055,nr2.png,5.0,0.0,nr96.png,7.0,0.036222453614435934,nr79.png,2.0,0.10598421613112737,nr4.png,7.0,0.0809415321507766,nr97.png,16
1398,14.0,114.0,48.0,1.0,4070.0,7.0,0.0,nr58.png,7.0,0.13236847246756836,nr28.png,7.0,0.1019594990628567,nr109.png,5.0,0.047849414033884506,nr76.png,7.0,0.0,nr46.png,7.0,0.07244490722887187,nr89.png,5.0,0.0,nr106.png,3.0,0.0952516372824056,nr90.png,7.0,0.033539308902255496,nr42.png,6.0,0.0,nr44.png,5.0,0.0,nr15.png,4.0,0.06439547309233055,nr2.png,5.0,0.0,nr96.png,7.0,0.036222453614435934,nr79.png,2.0,0.10598421613112737,nr4.png,7.0,0.0809415321507766,nr97.png,16
1399,14.0,114.0,49.0,13.0,4602.0,7.0,0.0,nr58.png,7.0,0.13236847246756836,nr28.png,7.0,0.1019594990628567,nr109.png,5.0,0.047849414033884506,nr76.png,7.0,0.0,nr46.png,7.0,0.07244490722887187,nr89.png,5.0,0.0,nr106.png,3.0,0.0952516372824056,nr90.png,7.0,0.033539308902255496,nr42.png,6.0,0.0,nr44.png,5.0,0.0,nr15.png,4.0,0.06439547309233055,nr2.png,5.0,0.0,nr96.png,7.0,0.036222453614435934,nr79.png,2.0,0.10598421613112737,nr4.png,7.0,0.0809415321507766,nr97.png,16
1400,14.0,115.0,0.0,3.0,5252.0,6.0,0.032237329217140044,nr20.png,7.0,0.08381705596456411,nr8.png,1.0,0.040526928158690335,nr55.png,7.0,0.05330672652691372,nr49.png,6.0,0.025329330099181462,nr31.png,1.0,0.04674412736485307,nr41.png,3.0,0.11582411854443887,nr7.png,5.0,0.08519865578815583,nr3.png,6.0,0.07437612383668739,nr99.png,7.0,0.03592159541338462,nr65.png,7.0,0.021645063902936888,nr107.png,2.0,0.0,nr121.png,7.0,0.05894825913991322,nr30.png,4.0,0.04582306081579192,nr112.png,3.0,0.013585731598651877,nr19.png,3.0,0.0,nr69.png,16
1401,14.0,115.0,1.0,12.0,4127.0,6.0,0.032237329217140044,nr20.png,7.0,0.08381705596456411,nr8.png,1.0,0.040526928158690335,nr55.png,7.0,0.05330672652691372,nr49.png,6.0,0.025329330099181462,nr31.png,1.0,0.04674412736485307,nr41.png,3.0,0.11582411854443887,nr7.png,5.0,0.08519865578815583,nr3.png,6.0,0.07437612383668739,nr99.png,7.0,0.03592159541338462,nr65.png,7.0,0.021645063902936888,nr107.png,2.0,0.0,nr121.png,7.0,0.05894825913991322,nr30.png,4.0,0.04582306081579192,nr112.png,3.0,0.013585731598651877,nr19.png,3.0,0.0,nr69.png,16
1402,14.0,115.0,2.0,9.0,4033.0,6.0,0.032237329217140044,nr20.png,7.0,0.08381705596456411,nr8.png,1.0,0.040526928158690335,nr55.png,7.0,0.05330672652691372,nr49.png,6.0,0.025329330099181462,nr31.png,1.0,0.04674412736485307,nr41.png,3.0,0.11582411854443887,nr7.png,5.0,0.08519865578815583,nr3.png,6.0,0.07437612383668739,nr99.png,7.0,0.03592159541338462,nr65.png,7.0,0.021645063902936888,nr107.png,2.0,0.0,nr121.png,7.0,0.05894825913991322,nr30.png,4.0,0.04582306081579192,nr112.png,3.0,0.013585731598651877,nr19.png,3.0,0.0,nr69.png,16
1403,14.0,115.0,3.0,4.0,3733.0,6.0,0.032237329217140044,nr20.png,7.0,0.08381705596456411,nr8.png,1.0,0.040526928158690335,nr55.png,7.0,0.05330672652691372,nr49.png,6.0,0.025329330099181462,nr31.png,1.0,0.04674412736485307,nr41.png,3.0,0.11582411854443887,nr7.png,5.0,0.08519865578815583,nr3.png,6.0,0.07437612383668739,nr99.png,7.0,0.03592159541338462,nr65.png,7.0,0.021645063902936888,nr107.png,2.0,0.0,nr121.png,7.0,0.05894825913991322,nr30.png,4.0,0.04582306081579192,nr112.png,3.0,0.013585731598651877,nr19.png,3.0,0.0,nr69.png,16
1404,14.0,115.0,4.0,1.0,3604.0,6.0,0.032237329217140044,nr20.png,7.0,0.08381705596456411,nr8.png,1.0,0.040526928158690335,nr55.png,7.0,0.05330672652691372,nr49.png,6.0,0.025329330099181462,nr31.png,1.0,0.04674412736485307,nr41.png,3.0,0.11582411854443887,nr7.png,5.0,0.08519865578815583,nr3.png,6.0,0.07437612383668739,nr99.png,7.0,0.03592159541338462,nr65.png,7.0,0.021645063902936888,nr107.png,2.0,0.0,nr121.png,7.0,0.05894825913991322,nr30.png,4.0,0.04582306081579192,nr112.png,3.0,0.013585731598651877,nr19.png,3.0,0.0,nr69.png,16
1405,14.0,115.0,5.0,4.0,4228.0,6.0,0.032237329217140044,nr20.png,7.0,0.08381705596456411,nr8.png,1.0,0.040526928158690335,nr55.png,7.0,0.05330672652691372,nr49.png,6.0,0.025329330099181462,nr31.png,1.0,0.04674412736485307,nr41.png,3.0,0.11582411854443887,nr7.png,5.0,0.08519865578815583,nr3.png,6.0,0.07437612383668739,nr99.png,7.0,0.03592159541338462,nr65.png,7.0,0.021645063902936888,nr107.png,2.0,0.0,nr121.png,7.0,0.05894825913991322,nr30.png,4.0,0.04582306081579192,nr112.png,3.0,0.013585731598651877,nr19.png,3.0,0.0,nr69.png,16
1406,14.0,115.0,6.0,12.0,5081.0,6.0,0.032237329217140044,nr20.png,7.0,0.08381705596456411,nr8.png,1.0,0.040526928158690335,nr55.png,7.0,0.05330672652691372,nr49.png,6.0,0.025329330099181462,nr31.png,1.0,0.04674412736485307,nr41.png,3.0,0.11582411854443887,nr7.png,5.0,0.08519865578815583,nr3.png,6.0,0.07437612383668739,nr99.png,7.0,0.03592159541338462,nr65.png,7.0,0.021645063902936888,nr107.png,2.0,0.0,nr121.png,7.0,0.05894825913991322,nr30.png,4.0,0.04582306081579192,nr112.png,3.0,0.013585731598651877,nr19.png,3.0,0.0,nr69.png,16
1407,14.0,115.0,7.0,4.0,5057.0,6.0,0.032237329217140044,nr20.png,7.0,0.08381705596456411,nr8.png,1.0,0.040526928158690335,nr55.png,7.0,0.05330672652691372,nr49.png,6.0,0.025329330099181462,nr31.png,1.0,0.04674412736485307,nr41.png,3.0,0.11582411854443887,nr7.png,5.0,0.08519865578815583,nr3.png,6.0,0.07437612383668739,nr99.png,7.0,0.03592159541338462,nr65.png,7.0,0.021645063902936888,nr107.png,2.0,0.0,nr121.png,7.0,0.05894825913991322,nr30.png,4.0,0.04582306081579192,nr112.png,3.0,0.013585731598651877,nr19.png,3.0,0.0,nr69.png,16
1408,14.0,115.0,8.0,3.0,4922.0,6.0,0.032237329217140044,nr20.png,7.0,0.08381705596456411,nr8.png,1.0,0.040526928158690335,nr55.png,7.0,0.05330672652691372,nr49.png,6.0,0.025329330099181462,nr31.png,1.0,0.04674412736485307,nr41.png,3.0,0.11582411854443887,nr7.png,5.0,0.08519865578815583,nr3.png,6.0,0.07437612383668739,nr99.png,7.0,0.03592159541338462,nr65.png,7.0,0.021645063902936888,nr107.png,2.0,0.0,nr121.png,7.0,0.05894825913991322,nr30.png,4.0,0.04582306081579192,nr112.png,3.0,0.013585731598651877,nr19.png,3.0,0.0,nr69.png,16
1409,14.0,115.0,9.0,3.0,4882.0,6.0,0.032237329217140044,nr20.png,7.0,0.08381705596456411,nr8.png,1.0,0.040526928158690335,nr55.png,7.0,0.05330672652691372,nr49.png,6.0,0.025329330099181462,nr31.png,1.0,0.04674412736485307,nr41.png,3.0,0.11582411854443887,nr7.png,5.0,0.08519865578815583,nr3.png,6.0,0.07437612383668739,nr99.png,7.0,0.03592159541338462,nr65.png,7.0,0.021645063902936888,nr107.png,2.0,0.0,nr121.png,7.0,0.05894825913991322,nr30.png,4.0,0.04582306081579192,nr112.png,3.0,0.013585731598651877,nr19.png,3.0,0.0,nr69.png,16
1410,14.0,115.0,10.0,9.0,5583.0,6.0,0.032237329217140044,nr20.png,7.0,0.08381705596456411,nr8.png,1.0,0.040526928158690335,nr55.png,7.0,0.05330672652691372,nr49.png,6.0,0.025329330099181462,nr31.png,1.0,0.04674412736485307,nr41.png,3.0,0.11582411854443887,nr7.png,5.0,0.08519865578815583,nr3.png,6.0,0.07437612383668739,nr99.png,7.0,0.03592159541338462,nr65.png,7.0,0.021645063902936888,nr107.png,2.0,0.0,nr121.png,7.0,0.05894825913991322,nr30.png,4.0,0.04582306081579192,nr112.png,3.0,0.013585731598651877,nr19.png,3.0,0.0,nr69.png,16
1411,14.0,115.0,11.0,0.0,4680.0,6.0,0.032237329217140044,nr20.png,7.0,0.08381705596456411,nr8.png,1.0,0.040526928158690335,nr55.png,7.0,0.05330672652691372,nr49.png,6.0,0.025329330099181462,nr31.png,1.0,0.04674412736485307,nr41.png,3.0,0.11582411854443887,nr7.png,5.0,0.08519865578815583,nr3.png,6.0,0.07437612383668739,nr99.png,7.0,0.03592159541338462,nr65.png,7.0,0.021645063902936888,nr107.png,2.0,0.0,nr121.png,7.0,0.05894825913991322,nr30.png,4.0,0.04582306081579192,nr112.png,3.0,0.013585731598651877,nr19.png,3.0,0.0,nr69.png,16
1412,14.0,115.0,12.0,12.0,3339.0,6.0,0.032237329217140044,nr20.png,7.0,0.08381705596456411,nr8.png,1.0,0.040526928158690335,nr55.png,7.0,0.05330672652691372,nr49.png,6.0,0.025329330099181462,nr31.png,1.0,0.04674412736485307,nr41.png,3.0,0.11582411854443887,nr7.png,5.0,0.08519865578815583,nr3.png,6.0,0.07437612383668739,nr99.png,7.0,0.03592159541338462,nr65.png,7.0,0.021645063902936888,nr107.png,2.0,0.0,nr121.png,7.0,0.05894825913991322,nr30.png,4.0,0.04582306081579192,nr112.png,3.0,0.013585731598651877,nr19.png,3.0,0.0,nr69.png,16
1413,14.0,115.0,13.0,1.0,4909.0,6.0,0.032237329217140044,nr20.png,7.0,0.08381705596456411,nr8.png,1.0,0.040526928158690335,nr55.png,7.0,0.05330672652691372,nr49.png,6.0,0.025329330099181462,nr31.png,1.0,0.04674412736485307,nr41.png,3.0,0.11582411854443887,nr7.png,5.0,0.08519865578815583,nr3.png,6.0,0.07437612383668739,nr99.png,7.0,0.03592159541338462,nr65.png,7.0,0.021645063902936888,nr107.png,2.0,0.0,nr121.png,7.0,0.05894825913991322,nr30.png,4.0,0.04582306081579192,nr112.png,3.0,0.013585731598651877,nr19.png,3.0,0.0,nr69.png,16
1414,14.0,115.0,14.0,12.0,4467.0,6.0,0.032237329217140044,nr20.png,7.0,0.08381705596456411,nr8.png,1.0,0.040526928158690335,nr55.png,7.0,0.05330672652691372,nr49.png,6.0,0.025329330099181462,nr31.png,1.0,0.04674412736485307,nr41.png,3.0,0.11582411854443887,nr7.png,5.0,0.08519865578815583,nr3.png,6.0,0.07437612383668739,nr99.png,7.0,0.03592159541338462,nr65.png,7.0,0.021645063902936888,nr107.png,2.0,0.0,nr121.png,7.0,0.05894825913991322,nr30.png,4.0,0.04582306081579192,nr112.png,3.0,0.013585731598651877,nr19.png,3.0,0.0,nr69.png,16
1415,14.0,115.0,15.0,3.0,4121.0,6.0,0.032237329217140044,nr20.png,7.0,0.08381705596456411,nr8.png,1.0,0.040526928158690335,nr55.png,7.0,0.05330672652691372,nr49.png,6.0,0.025329330099181462,nr31.png,1.0,0.04674412736485307,nr41.png,3.0,0.11582411854443887,nr7.png,5.0,0.08519865578815583,nr3.png,6.0,0.07437612383668739,nr99.png,7.0,0.03592159541338462,nr65.png,7.0,0.021645063902936888,nr107.png,2.0,0.0,nr121.png,7.0,0.05894825913991322,nr30.png,4.0,0.04582306081579192,nr112.png,3.0,0.013585731598651877,nr19.png,3.0,0.0,nr69.png,16
1416,14.0,115.0,16.0,0.0,4578.0,6.0,0.032237329217140044,nr20.png,7.0,0.08381705596456411,nr8.png,1.0,0.040526928158690335,nr55.png,7.0,0.05330672652691372,nr49.png,6.0,0.025329330099181462,nr31.png,1.0,0.04674412736485307,nr41.png,3.0,0.11582411854443887,nr7.png,5.0,0.08519865578815583,nr3.png,6.0,0.07437612383668739,nr99.png,7.0,0.03592159541338462,nr65.png,7.0,0.021645063902936888,nr107.png,2.0,0.0,nr121.png,7.0,0.05894825913991322,nr30.png,4.0,0.04582306081579192,nr112.png,3.0,0.013585731598651877,nr19.png,3.0,0.0,nr69.png,16
1417,14.0,115.0,17.0,4.0,4749.0,6.0,0.032237329217140044,nr20.png,7.0,0.08381705596456411,nr8.png,1.0,0.040526928158690335,nr55.png,7.0,0.05330672652691372,nr49.png,6.0,0.025329330099181462,nr31.png,1.0,0.04674412736485307,nr41.png,3.0,0.11582411854443887,nr7.png,5.0,0.08519865578815583,nr3.png,6.0,0.07437612383668739,nr99.png,7.0,0.03592159541338462,nr65.png,7.0,0.021645063902936888,nr107.png,2.0,0.0,nr121.png,7.0,0.05894825913991322,nr30.png,4.0,0.04582306081579192,nr112.png,3.0,0.013585731598651877,nr19.png,3.0,0.0,nr69.png,16
1418,14.0,115.0,18.0,9.0,4883.0,6.0,0.032237329217140044,nr20.png,7.0,0.08381705596456411,nr8.png,1.0,0.040526928158690335,nr55.png,7.0,0.05330672652691372,nr49.png,6.0,0.025329330099181462,nr31.png,1.0,0.04674412736485307,nr41.png,3.0,0.11582411854443887,nr7.png,5.0,0.08519865578815583,nr3.png,6.0,0.07437612383668739,nr99.png,7.0,0.03592159541338462,nr65.png,7.0,0.021645063902936888,nr107.png,2.0,0.0,nr121.png,7.0,0.05894825913991322,nr30.png,4.0,0.04582306081579192,nr112.png,3.0,0.013585731598651877,nr19.png,3.0,0.0,nr69.png,16
1419,14.0,115.0,19.0,4.0,5890.0,6.0,0.032237329217140044,nr20.png,7.0,0.08381705596456411,nr8.png,1.0,0.040526928158690335,nr55.png,7.0,0.05330672652691372,nr49.png,6.0,0.025329330099181462,nr31.png,1.0,0.04674412736485307,nr41.png,3.0,0.11582411854443887,nr7.png,5.0,0.08519865578815583,nr3.png,6.0,0.07437612383668739,nr99.png,7.0,0.03592159541338462,nr65.png,7.0,0.021645063902936888,nr107.png,2.0,0.0,nr121.png,7.0,0.05894825913991322,nr30.png,4.0,0.04582306081579192,nr112.png,3.0,0.013585731598651877,nr19.png,3.0,0.0,nr69.png,16
1420,14.0,115.0,20.0,3.0,4403.0,6.0,0.032237329217140044,nr20.png,7.0,0.08381705596456411,nr8.png,1.0,0.040526928158690335,nr55.png,7.0,0.05330672652691372,nr49.png,6.0,0.025329330099181462,nr31.png,1.0,0.04674412736485307,nr41.png,3.0,0.11582411854443887,nr7.png,5.0,0.08519865578815583,nr3.png,6.0,0.07437612383668739,nr99.png,7.0,0.03592159541338462,nr65.png,7.0,0.021645063902936888,nr107.png,2.0,0.0,nr121.png,7.0,0.05894825913991322,nr30.png,4.0,0.04582306081579192,nr112.png,3.0,0.013585731598651877,nr19.png,3.0,0.0,nr69.png,16
1421,14.0,115.0,21.0,0.0,3767.0,6.0,0.032237329217140044,nr20.png,7.0,0.08381705596456411,nr8.png,1.0,0.040526928158690335,nr55.png,7.0,0.05330672652691372,nr49.png,6.0,0.025329330099181462,nr31.png,1.0,0.04674412736485307,nr41.png,3.0,0.11582411854443887,nr7.png,5.0,0.08519865578815583,nr3.png,6.0,0.07437612383668739,nr99.png,7.0,0.03592159541338462,nr65.png,7.0,0.021645063902936888,nr107.png,2.0,0.0,nr121.png,7.0,0.05894825913991322,nr30.png,4.0,0.04582306081579192,nr112.png,3.0,0.013585731598651877,nr19.png,3.0,0.0,nr69.png,16
1422,14.0,115.0,22.0,12.0,4581.0,6.0,0.032237329217140044,nr20.png,7.0,0.08381705596456411,nr8.png,1.0,0.040526928158690335,nr55.png,7.0,0.05330672652691372,nr49.png,6.0,0.025329330099181462,nr31.png,1.0,0.04674412736485307,nr41.png,3.0,0.11582411854443887,nr7.png,5.0,0.08519865578815583,nr3.png,6.0,0.07437612383668739,nr99.png,7.0,0.03592159541338462,nr65.png,7.0,0.021645063902936888,nr107.png,2.0,0.0,nr121.png,7.0,0.05894825913991322,nr30.png,4.0,0.04582306081579192,nr112.png,3.0,0.013585731598651877,nr19.png,3.0,0.0,nr69.png,16
1423,14.0,115.0,23.0,3.0,3879.0,6.0,0.032237329217140044,nr20.png,7.0,0.08381705596456411,nr8.png,1.0,0.040526928158690335,nr55.png,7.0,0.05330672652691372,nr49.png,6.0,0.025329330099181462,nr31.png,1.0,0.04674412736485307,nr41.png,3.0,0.11582411854443887,nr7.png,5.0,0.08519865578815583,nr3.png,6.0,0.07437612383668739,nr99.png,7.0,0.03592159541338462,nr65.png,7.0,0.021645063902936888,nr107.png,2.0,0.0,nr121.png,7.0,0.05894825913991322,nr30.png,4.0,0.04582306081579192,nr112.png,3.0,0.013585731598651877,nr19.png,3.0,0.0,nr69.png,16
1424,14.0,115.0,24.0,3.0,3763.0,6.0,0.032237329217140044,nr20.png,7.0,0.08381705596456411,nr8.png,1.0,0.040526928158690335,nr55.png,7.0,0.05330672652691372,nr49.png,6.0,0.025329330099181462,nr31.png,1.0,0.04674412736485307,nr41.png,3.0,0.11582411854443887,nr7.png,5.0,0.08519865578815583,nr3.png,6.0,0.07437612383668739,nr99.png,7.0,0.03592159541338462,nr65.png,7.0,0.021645063902936888,nr107.png,2.0,0.0,nr121.png,7.0,0.05894825913991322,nr30.png,4.0,0.04582306081579192,nr112.png,3.0,0.013585731598651877,nr19.png,3.0,0.0,nr69.png,16
1425,14.0,115.0,25.0,9.0,3111.0,6.0,0.032237329217140044,nr20.png,7.0,0.08381705596456411,nr8.png,1.0,0.040526928158690335,nr55.png,7.0,0.05330672652691372,nr49.png,6.0,0.025329330099181462,nr31.png,1.0,0.04674412736485307,nr41.png,3.0,0.11582411854443887,nr7.png,5.0,0.08519865578815583,nr3.png,6.0,0.07437612383668739,nr99.png,7.0,0.03592159541338462,nr65.png,7.0,0.021645063902936888,nr107.png,2.0,0.0,nr121.png,7.0,0.05894825913991322,nr30.png,4.0,0.04582306081579192,nr112.png,3.0,0.013585731598651877,nr19.png,3.0,0.0,nr69.png,16
1426,14.0,115.0,26.0,10.0,5937.0,6.0,0.032237329217140044,nr20.png,7.0,0.08381705596456411,nr8.png,1.0,0.040526928158690335,nr55.png,7.0,0.05330672652691372,nr49.png,6.0,0.025329330099181462,nr31.png,1.0,0.04674412736485307,nr41.png,3.0,0.11582411854443887,nr7.png,5.0,0.08519865578815583,nr3.png,6.0,0.07437612383668739,nr99.png,7.0,0.03592159541338462,nr65.png,7.0,0.021645063902936888,nr107.png,2.0,0.0,nr121.png,7.0,0.05894825913991322,nr30.png,4.0,0.04582306081579192,nr112.png,3.0,0.013585731598651877,nr19.png,3.0,0.0,nr69.png,16
1427,14.0,115.0,27.0,9.0,4200.0,6.0,0.032237329217140044,nr20.png,7.0,0.08381705596456411,nr8.png,1.0,0.040526928158690335,nr55.png,7.0,0.05330672652691372,nr49.png,6.0,0.025329330099181462,nr31.png,1.0,0.04674412736485307,nr41.png,3.0,0.11582411854443887,nr7.png,5.0,0.08519865578815583,nr3.png,6.0,0.07437612383668739,nr99.png,7.0,0.03592159541338462,nr65.png,7.0,0.021645063902936888,nr107.png,2.0,0.0,nr121.png,7.0,0.05894825913991322,nr30.png,4.0,0.04582306081579192,nr112.png,3.0,0.013585731598651877,nr19.png,3.0,0.0,nr69.png,16
1428,14.0,115.0,28.0,10.0,4284.0,6.0,0.032237329217140044,nr20.png,7.0,0.08381705596456411,nr8.png,1.0,0.040526928158690335,nr55.png,7.0,0.05330672652691372,nr49.png,6.0,0.025329330099181462,nr31.png,1.0,0.04674412736485307,nr41.png,3.0,0.11582411854443887,nr7.png,5.0,0.08519865578815583,nr3.png,6.0,0.07437612383668739,nr99.png,7.0,0.03592159541338462,nr65.png,7.0,0.021645063902936888,nr107.png,2.0,0.0,nr121.png,7.0,0.05894825913991322,nr30.png,4.0,0.04582306081579192,nr112.png,3.0,0.013585731598651877,nr19.png,3.0,0.0,nr69.png,16
1429,14.0,115.0,29.0,9.0,3464.0,6.0,0.032237329217140044,nr20.png,7.0,0.08381705596456411,nr8.png,1.0,0.040526928158690335,nr55.png,7.0,0.05330672652691372,nr49.png,6.0,0.025329330099181462,nr31.png,1.0,0.04674412736485307,nr41.png,3.0,0.11582411854443887,nr7.png,5.0,0.08519865578815583,nr3.png,6.0,0.07437612383668739,nr99.png,7.0,0.03592159541338462,nr65.png,7.0,0.021645063902936888,nr107.png,2.0,0.0,nr121.png,7.0,0.05894825913991322,nr30.png,4.0,0.04582306081579192,nr112.png,3.0,0.013585731598651877,nr19.png,3.0,0.0,nr69.png,16
1430,14.0,115.0,30.0,3.0,4273.0,6.0,0.032237329217140044,nr20.png,7.0,0.08381705596456411,nr8.png,1.0,0.040526928158690335,nr55.png,7.0,0.05330672652691372,nr49.png,6.0,0.025329330099181462,nr31.png,1.0,0.04674412736485307,nr41.png,3.0,0.11582411854443887,nr7.png,5.0,0.08519865578815583,nr3.png,6.0,0.07437612383668739,nr99.png,7.0,0.03592159541338462,nr65.png,7.0,0.021645063902936888,nr107.png,2.0,0.0,nr121.png,7.0,0.05894825913991322,nr30.png,4.0,0.04582306081579192,nr112.png,3.0,0.013585731598651877,nr19.png,3.0,0.0,nr69.png,16
1431,14.0,115.0,31.0,11.0,6076.0,6.0,0.032237329217140044,nr20.png,7.0,0.08381705596456411,nr8.png,1.0,0.040526928158690335,nr55.png,7.0,0.05330672652691372,nr49.png,6.0,0.025329330099181462,nr31.png,1.0,0.04674412736485307,nr41.png,3.0,0.11582411854443887,nr7.png,5.0,0.08519865578815583,nr3.png,6.0,0.07437612383668739,nr99.png,7.0,0.03592159541338462,nr65.png,7.0,0.021645063902936888,nr107.png,2.0,0.0,nr121.png,7.0,0.05894825913991322,nr30.png,4.0,0.04582306081579192,nr112.png,3.0,0.013585731598651877,nr19.png,3.0,0.0,nr69.png,16
1432,14.0,115.0,32.0,1.0,3591.0,6.0,0.032237329217140044,nr20.png,7.0,0.08381705596456411,nr8.png,1.0,0.040526928158690335,nr55.png,7.0,0.05330672652691372,nr49.png,6.0,0.025329330099181462,nr31.png,1.0,0.04674412736485307,nr41.png,3.0,0.11582411854443887,nr7.png,5.0,0.08519865578815583,nr3.png,6.0,0.07437612383668739,nr99.png,7.0,0.03592159541338462,nr65.png,7.0,0.021645063902936888,nr107.png,2.0,0.0,nr121.png,7.0,0.05894825913991322,nr30.png,4.0,0.04582306081579192,nr112.png,3.0,0.013585731598651877,nr19.png,3.0,0.0,nr69.png,16
1433,14.0,115.0,33.0,3.0,4213.0,6.0,0.032237329217140044,nr20.png,7.0,0.08381705596456411,nr8.png,1.0,0.040526928158690335,nr55.png,7.0,0.05330672652691372,nr49.png,6.0,0.025329330099181462,nr31.png,1.0,0.04674412736485307,nr41.png,3.0,0.11582411854443887,nr7.png,5.0,0.08519865578815583,nr3.png,6.0,0.07437612383668739,nr99.png,7.0,0.03592159541338462,nr65.png,7.0,0.021645063902936888,nr107.png,2.0,0.0,nr121.png,7.0,0.05894825913991322,nr30.png,4.0,0.04582306081579192,nr112.png,3.0,0.013585731598651877,nr19.png,3.0,0.0,nr69.png,16
1434,14.0,115.0,34.0,0.0,4668.0,6.0,0.032237329217140044,nr20.png,7.0,0.08381705596456411,nr8.png,1.0,0.040526928158690335,nr55.png,7.0,0.05330672652691372,nr49.png,6.0,0.025329330099181462,nr31.png,1.0,0.04674412736485307,nr41.png,3.0,0.11582411854443887,nr7.png,5.0,0.08519865578815583,nr3.png,6.0,0.07437612383668739,nr99.png,7.0,0.03592159541338462,nr65.png,7.0,0.021645063902936888,nr107.png,2.0,0.0,nr121.png,7.0,0.05894825913991322,nr30.png,4.0,0.04582306081579192,nr112.png,3.0,0.013585731598651877,nr19.png,3.0,0.0,nr69.png,16
1435,14.0,115.0,35.0,8.0,4862.0,6.0,0.032237329217140044,nr20.png,7.0,0.08381705596456411,nr8.png,1.0,0.040526928158690335,nr55.png,7.0,0.05330672652691372,nr49.png,6.0,0.025329330099181462,nr31.png,1.0,0.04674412736485307,nr41.png,3.0,0.11582411854443887,nr7.png,5.0,0.08519865578815583,nr3.png,6.0,0.07437612383668739,nr99.png,7.0,0.03592159541338462,nr65.png,7.0,0.021645063902936888,nr107.png,2.0,0.0,nr121.png,7.0,0.05894825913991322,nr30.png,4.0,0.04582306081579192,nr112.png,3.0,0.013585731598651877,nr19.png,3.0,0.0,nr69.png,16
1436,14.0,115.0,36.0,3.0,3185.0,6.0,0.032237329217140044,nr20.png,7.0,0.08381705596456411,nr8.png,1.0,0.040526928158690335,nr55.png,7.0,0.05330672652691372,nr49.png,6.0,0.025329330099181462,nr31.png,1.0,0.04674412736485307,nr41.png,3.0,0.11582411854443887,nr7.png,5.0,0.08519865578815583,nr3.png,6.0,0.07437612383668739,nr99.png,7.0,0.03592159541338462,nr65.png,7.0,0.021645063902936888,nr107.png,2.0,0.0,nr121.png,7.0,0.05894825913991322,nr30.png,4.0,0.04582306081579192,nr112.png,3.0,0.013585731598651877,nr19.png,3.0,0.0,nr69.png,16
1437,14.0,115.0,37.0,1.0,5967.0,6.0,0.032237329217140044,nr20.png,7.0,0.08381705596456411,nr8.png,1.0,0.040526928158690335,nr55.png,7.0,0.05330672652691372,nr49.png,6.0,0.025329330099181462,nr31.png,1.0,0.04674412736485307,nr41.png,3.0,0.11582411854443887,nr7.png,5.0,0.08519865578815583,nr3.png,6.0,0.07437612383668739,nr99.png,7.0,0.03592159541338462,nr65.png,7.0,0.021645063902936888,nr107.png,2.0,0.0,nr121.png,7.0,0.05894825913991322,nr30.png,4.0,0.04582306081579192,nr112.png,3.0,0.013585731598651877,nr19.png,3.0,0.0,nr69.png,16
1438,14.0,115.0,38.0,3.0,5288.0,6.0,0.032237329217140044,nr20.png,7.0,0.08381705596456411,nr8.png,1.0,0.040526928158690335,nr55.png,7.0,0.05330672652691372,nr49.png,6.0,0.025329330099181462,nr31.png,1.0,0.04674412736485307,nr41.png,3.0,0.11582411854443887,nr7.png,5.0,0.08519865578815583,nr3.png,6.0,0.07437612383668739,nr99.png,7.0,0.03592159541338462,nr65.png,7.0,0.021645063902936888,nr107.png,2.0,0.0,nr121.png,7.0,0.05894825913991322,nr30.png,4.0,0.04582306081579192,nr112.png,3.0,0.013585731598651877,nr19.png,3.0,0.0,nr69.png,16
1439,14.0,115.0,39.0,1.0,4295.0,6.0,0.032237329217140044,nr20.png,7.0,0.08381705596456411,nr8.png,1.0,0.040526928158690335,nr55.png,7.0,0.05330672652691372,nr49.png,6.0,0.025329330099181462,nr31.png,1.0,0.04674412736485307,nr41.png,3.0,0.11582411854443887,nr7.png,5.0,0.08519865578815583,nr3.png,6.0,0.07437612383668739,nr99.png,7.0,0.03592159541338462,nr65.png,7.0,0.021645063902936888,nr107.png,2.0,0.0,nr121.png,7.0,0.05894825913991322,nr30.png,4.0,0.04582306081579192,nr112.png,3.0,0.013585731598651877,nr19.png,3.0,0.0,nr69.png,16
1440,14.0,115.0,40.0,9.0,4375.0,6.0,0.032237329217140044,nr20.png,7.0,0.08381705596456411,nr8.png,1.0,0.040526928158690335,nr55.png,7.0,0.05330672652691372,nr49.png,6.0,0.025329330099181462,nr31.png,1.0,0.04674412736485307,nr41.png,3.0,0.11582411854443887,nr7.png,5.0,0.08519865578815583,nr3.png,6.0,0.07437612383668739,nr99.png,7.0,0.03592159541338462,nr65.png,7.0,0.021645063902936888,nr107.png,2.0,0.0,nr121.png,7.0,0.05894825913991322,nr30.png,4.0,0.04582306081579192,nr112.png,3.0,0.013585731598651877,nr19.png,3.0,0.0,nr69.png,16
1441,14.0,115.0,41.0,3.0,3562.0,6.0,0.032237329217140044,nr20.png,7.0,0.08381705596456411,nr8.png,1.0,0.040526928158690335,nr55.png,7.0,0.05330672652691372,nr49.png,6.0,0.025329330099181462,nr31.png,1.0,0.04674412736485307,nr41.png,3.0,0.11582411854443887,nr7.png,5.0,0.08519865578815583,nr3.png,6.0,0.07437612383668739,nr99.png,7.0,0.03592159541338462,nr65.png,7.0,0.021645063902936888,nr107.png,2.0,0.0,nr121.png,7.0,0.05894825913991322,nr30.png,4.0,0.04582306081579192,nr112.png,3.0,0.013585731598651877,nr19.png,3.0,0.0,nr69.png,16
1442,14.0,115.0,42.0,10.0,4079.0,6.0,0.032237329217140044,nr20.png,7.0,0.08381705596456411,nr8.png,1.0,0.040526928158690335,nr55.png,7.0,0.05330672652691372,nr49.png,6.0,0.025329330099181462,nr31.png,1.0,0.04674412736485307,nr41.png,3.0,0.11582411854443887,nr7.png,5.0,0.08519865578815583,nr3.png,6.0,0.07437612383668739,nr99.png,7.0,0.03592159541338462,nr65.png,7.0,0.021645063902936888,nr107.png,2.0,0.0,nr121.png,7.0,0.05894825913991322,nr30.png,4.0,0.04582306081579192,nr112.png,3.0,0.013585731598651877,nr19.png,3.0,0.0,nr69.png,16
1443,14.0,115.0,43.0,10.0,4884.0,6.0,0.032237329217140044,nr20.png,7.0,0.08381705596456411,nr8.png,1.0,0.040526928158690335,nr55.png,7.0,0.05330672652691372,nr49.png,6.0,0.025329330099181462,nr31.png,1.0,0.04674412736485307,nr41.png,3.0,0.11582411854443887,nr7.png,5.0,0.08519865578815583,nr3.png,6.0,0.07437612383668739,nr99.png,7.0,0.03592159541338462,nr65.png,7.0,0.021645063902936888,nr107.png,2.0,0.0,nr121.png,7.0,0.05894825913991322,nr30.png,4.0,0.04582306081579192,nr112.png,3.0,0.013585731598651877,nr19.png,3.0,0.0,nr69.png,16
1444,14.0,115.0,44.0,0.0,5184.0,6.0,0.032237329217140044,nr20.png,7.0,0.08381705596456411,nr8.png,1.0,0.040526928158690335,nr55.png,7.0,0.05330672652691372,nr49.png,6.0,0.025329330099181462,nr31.png,1.0,0.04674412736485307,nr41.png,3.0,0.11582411854443887,nr7.png,5.0,0.08519865578815583,nr3.png,6.0,0.07437612383668739,nr99.png,7.0,0.03592159541338462,nr65.png,7.0,0.021645063902936888,nr107.png,2.0,0.0,nr121.png,7.0,0.05894825913991322,nr30.png,4.0,0.04582306081579192,nr112.png,3.0,0.013585731598651877,nr19.png,3.0,0.0,nr69.png,16
1445,14.0,115.0,45.0,1.0,4710.0,6.0,0.032237329217140044,nr20.png,7.0,0.08381705596456411,nr8.png,1.0,0.040526928158690335,nr55.png,7.0,0.05330672652691372,nr49.png,6.0,0.025329330099181462,nr31.png,1.0,0.04674412736485307,nr41.png,3.0,0.11582411854443887,nr7.png,5.0,0.08519865578815583,nr3.png,6.0,0.07437612383668739,nr99.png,7.0,0.03592159541338462,nr65.png,7.0,0.021645063902936888,nr107.png,2.0,0.0,nr121.png,7.0,0.05894825913991322,nr30.png,4.0,0.04582306081579192,nr112.png,3.0,0.013585731598651877,nr19.png,3.0,0.0,nr69.png,16
1446,14.0,115.0,46.0,3.0,3893.0,6.0,0.032237329217140044,nr20.png,7.0,0.08381705596456411,nr8.png,1.0,0.040526928158690335,nr55.png,7.0,0.05330672652691372,nr49.png,6.0,0.025329330099181462,nr31.png,1.0,0.04674412736485307,nr41.png,3.0,0.11582411854443887,nr7.png,5.0,0.08519865578815583,nr3.png,6.0,0.07437612383668739,nr99.png,7.0,0.03592159541338462,nr65.png,7.0,0.021645063902936888,nr107.png,2.0,0.0,nr121.png,7.0,0.05894825913991322,nr30.png,4.0,0.04582306081579192,nr112.png,3.0,0.013585731598651877,nr19.png,3.0,0.0,nr69.png,16
1447,14.0,115.0,47.0,9.0,3457.0,6.0,0.032237329217140044,nr20.png,7.0,0.08381705596456411,nr8.png,1.0,0.040526928158690335,nr55.png,7.0,0.05330672652691372,nr49.png,6.0,0.025329330099181462,nr31.png,1.0,0.04674412736485307,nr41.png,3.0,0.11582411854443887,nr7.png,5.0,0.08519865578815583,nr3.png,6.0,0.07437612383668739,nr99.png,7.0,0.03592159541338462,nr65.png,7.0,0.021645063902936888,nr107.png,2.0,0.0,nr121.png,7.0,0.05894825913991322,nr30.png,4.0,0.04582306081579192,nr112.png,3.0,0.013585731598651877,nr19.png,3.0,0.0,nr69.png,16
1448,14.0,115.0,48.0,9.0,4521.0,6.0,0.032237329217140044,nr20.png,7.0,0.08381705596456411,nr8.png,1.0,0.040526928158690335,nr55.png,7.0,0.05330672652691372,nr49.png,6.0,0.025329330099181462,nr31.png,1.0,0.04674412736485307,nr41.png,3.0,0.11582411854443887,nr7.png,5.0,0.08519865578815583,nr3.png,6.0,0.07437612383668739,nr99.png,7.0,0.03592159541338462,nr65.png,7.0,0.021645063902936888,nr107.png,2.0,0.0,nr121.png,7.0,0.05894825913991322,nr30.png,4.0,0.04582306081579192,nr112.png,3.0,0.013585731598651877,nr19.png,3.0,0.0,nr69.png,16
1449,14.0,115.0,49.0,9.0,3605.0,6.0,0.032237329217140044,nr20.png,7.0,0.08381705596456411,nr8.png,1.0,0.040526928158690335,nr55.png,7.0,0.05330672652691372,nr49.png,6.0,0.025329330099181462,nr31.png,1.0,0.04674412736485307,nr41.png,3.0,0.11582411854443887,nr7.png,5.0,0.08519865578815583,nr3.png,6.0,0.07437612383668739,nr99.png,7.0,0.03592159541338462,nr65.png,7.0,0.021645063902936888,nr107.png,2.0,0.0,nr121.png,7.0,0.05894825913991322,nr30.png,4.0,0.04582306081579192,nr112.png,3.0,0.013585731598651877,nr19.png,3.0,0.0,nr69.png,16
1450,14.0,118.0,0.0,10.0,5240.0,3.0,0.0,nr19.png,7.0,0.30153491847061514,nr109.png,4.0,0.0264504314447908,nr113.png,1.0,0.0,nr124.png,4.0,0.0,nr100.png,7.0,0.06877112175645607,nr8.png,3.0,0.026781061837850687,nr7.png,7.0,0.12530891896969645,nr39.png,7.0,0.09356840123594748,nr49.png,7.0,0.07174679529399505,nr10.png,7.0,0.062489144288318275,nr27.png,7.0,0.0,nr63.png,7.0,0.0,nr58.png,4.0,0.0,nr111.png,7.0,0.0,nr60.png,7.0,0.0,nr28.png,16
1451,14.0,118.0,1.0,12.0,3664.0,3.0,0.0,nr19.png,7.0,0.30153491847061514,nr109.png,4.0,0.0264504314447908,nr113.png,1.0,0.0,nr124.png,4.0,0.0,nr100.png,7.0,0.06877112175645607,nr8.png,3.0,0.026781061837850687,nr7.png,7.0,0.12530891896969645,nr39.png,7.0,0.09356840123594748,nr49.png,7.0,0.07174679529399505,nr10.png,7.0,0.062489144288318275,nr27.png,7.0,0.0,nr63.png,7.0,0.0,nr58.png,4.0,0.0,nr111.png,7.0,0.0,nr60.png,7.0,0.0,nr28.png,16
1452,14.0,118.0,2.0,1.0,3155.0,3.0,0.0,nr19.png,7.0,0.30153491847061514,nr109.png,4.0,0.0264504314447908,nr113.png,1.0,0.0,nr124.png,4.0,0.0,nr100.png,7.0,0.06877112175645607,nr8.png,3.0,0.026781061837850687,nr7.png,7.0,0.12530891896969645,nr39.png,7.0,0.09356840123594748,nr49.png,7.0,0.07174679529399505,nr10.png,7.0,0.062489144288318275,nr27.png,7.0,0.0,nr63.png,7.0,0.0,nr58.png,4.0,0.0,nr111.png,7.0,0.0,nr60.png,7.0,0.0,nr28.png,16
1453,14.0,118.0,3.0,1.0,4627.0,3.0,0.0,nr19.png,7.0,0.30153491847061514,nr109.png,4.0,0.0264504314447908,nr113.png,1.0,0.0,nr124.png,4.0,0.0,nr100.png,7.0,0.06877112175645607,nr8.png,3.0,0.026781061837850687,nr7.png,7.0,0.12530891896969645,nr39.png,7.0,0.09356840123594748,nr49.png,7.0,0.07174679529399505,nr10.png,7.0,0.062489144288318275,nr27.png,7.0,0.0,nr63.png,7.0,0.0,nr58.png,4.0,0.0,nr111.png,7.0,0.0,nr60.png,7.0,0.0,nr28.png,16
1454,14.0,118.0,4.0,1.0,3056.0,3.0,0.0,nr19.png,7.0,0.30153491847061514,nr109.png,4.0,0.0264504314447908,nr113.png,1.0,0.0,nr124.png,4.0,0.0,nr100.png,7.0,0.06877112175645607,nr8.png,3.0,0.026781061837850687,nr7.png,7.0,0.12530891896969645,nr39.png,7.0,0.09356840123594748,nr49.png,7.0,0.07174679529399505,nr10.png,7.0,0.062489144288318275,nr27.png,7.0,0.0,nr63.png,7.0,0.0,nr58.png,4.0,0.0,nr111.png,7.0,0.0,nr60.png,7.0,0.0,nr28.png,16
1455,14.0,118.0,5.0,15.0,3646.0,3.0,0.0,nr19.png,7.0,0.30153491847061514,nr109.png,4.0,0.0264504314447908,nr113.png,1.0,0.0,nr124.png,4.0,0.0,nr100.png,7.0,0.06877112175645607,nr8.png,3.0,0.026781061837850687,nr7.png,7.0,0.12530891896969645,nr39.png,7.0,0.09356840123594748,nr49.png,7.0,0.07174679529399505,nr10.png,7.0,0.062489144288318275,nr27.png,7.0,0.0,nr63.png,7.0,0.0,nr58.png,4.0,0.0,nr111.png,7.0,0.0,nr60.png,7.0,0.0,nr28.png,16
1456,14.0,118.0,6.0,1.0,3167.0,3.0,0.0,nr19.png,7.0,0.30153491847061514,nr109.png,4.0,0.0264504314447908,nr113.png,1.0,0.0,nr124.png,4.0,0.0,nr100.png,7.0,0.06877112175645607,nr8.png,3.0,0.026781061837850687,nr7.png,7.0,0.12530891896969645,nr39.png,7.0,0.09356840123594748,nr49.png,7.0,0.07174679529399505,nr10.png,7.0,0.062489144288318275,nr27.png,7.0,0.0,nr63.png,7.0,0.0,nr58.png,4.0,0.0,nr111.png,7.0,0.0,nr60.png,7.0,0.0,nr28.png,16
1457,14.0,118.0,7.0,7.0,5269.0,3.0,0.0,nr19.png,7.0,0.30153491847061514,nr109.png,4.0,0.0264504314447908,nr113.png,1.0,0.0,nr124.png,4.0,0.0,nr100.png,7.0,0.06877112175645607,nr8.png,3.0,0.026781061837850687,nr7.png,7.0,0.12530891896969645,nr39.png,7.0,0.09356840123594748,nr49.png,7.0,0.07174679529399505,nr10.png,7.0,0.062489144288318275,nr27.png,7.0,0.0,nr63.png,7.0,0.0,nr58.png,4.0,0.0,nr111.png,7.0,0.0,nr60.png,7.0,0.0,nr28.png,16
1458,14.0,118.0,8.0,1.0,4068.0,3.0,0.0,nr19.png,7.0,0.30153491847061514,nr109.png,4.0,0.0264504314447908,nr113.png,1.0,0.0,nr124.png,4.0,0.0,nr100.png,7.0,0.06877112175645607,nr8.png,3.0,0.026781061837850687,nr7.png,7.0,0.12530891896969645,nr39.png,7.0,0.09356840123594748,nr49.png,7.0,0.07174679529399505,nr10.png,7.0,0.062489144288318275,nr27.png,7.0,0.0,nr63.png,7.0,0.0,nr58.png,4.0,0.0,nr111.png,7.0,0.0,nr60.png,7.0,0.0,nr28.png,16
1459,14.0,118.0,9.0,1.0,3226.0,3.0,0.0,nr19.png,7.0,0.30153491847061514,nr109.png,4.0,0.0264504314447908,nr113.png,1.0,0.0,nr124.png,4.0,0.0,nr100.png,7.0,0.06877112175645607,nr8.png,3.0,0.026781061837850687,nr7.png,7.0,0.12530891896969645,nr39.png,7.0,0.09356840123594748,nr49.png,7.0,0.07174679529399505,nr10.png,7.0,0.062489144288318275,nr27.png,7.0,0.0,nr63.png,7.0,0.0,nr58.png,4.0,0.0,nr111.png,7.0,0.0,nr60.png,7.0,0.0,nr28.png,16
1460,14.0,118.0,10.0,1.0,4050.0,3.0,0.0,nr19.png,7.0,0.30153491847061514,nr109.png,4.0,0.0264504314447908,nr113.png,1.0,0.0,nr124.png,4.0,0.0,nr100.png,7.0,0.06877112175645607,nr8.png,3.0,0.026781061837850687,nr7.png,7.0,0.12530891896969645,nr39.png,7.0,0.09356840123594748,nr49.png,7.0,0.07174679529399505,nr10.png,7.0,0.062489144288318275,nr27.png,7.0,0.0,nr63.png,7.0,0.0,nr58.png,4.0,0.0,nr111.png,7.0,0.0,nr60.png,7.0,0.0,nr28.png,16
1461,14.0,118.0,11.0,11.0,5051.0,3.0,0.0,nr19.png,7.0,0.30153491847061514,nr109.png,4.0,0.0264504314447908,nr113.png,1.0,0.0,nr124.png,4.0,0.0,nr100.png,7.0,0.06877112175645607,nr8.png,3.0,0.026781061837850687,nr7.png,7.0,0.12530891896969645,nr39.png,7.0,0.09356840123594748,nr49.png,7.0,0.07174679529399505,nr10.png,7.0,0.062489144288318275,nr27.png,7.0,0.0,nr63.png,7.0,0.0,nr58.png,4.0,0.0,nr111.png,7.0,0.0,nr60.png,7.0,0.0,nr28.png,16
1462,14.0,118.0,12.0,8.0,4573.0,3.0,0.0,nr19.png,7.0,0.30153491847061514,nr109.png,4.0,0.0264504314447908,nr113.png,1.0,0.0,nr124.png,4.0,0.0,nr100.png,7.0,0.06877112175645607,nr8.png,3.0,0.026781061837850687,nr7.png,7.0,0.12530891896969645,nr39.png,7.0,0.09356840123594748,nr49.png,7.0,0.07174679529399505,nr10.png,7.0,0.062489144288318275,nr27.png,7.0,0.0,nr63.png,7.0,0.0,nr58.png,4.0,0.0,nr111.png,7.0,0.0,nr60.png,7.0,0.0,nr28.png,16
1463,14.0,118.0,13.0,1.0,5313.0,3.0,0.0,nr19.png,7.0,0.30153491847061514,nr109.png,4.0,0.0264504314447908,nr113.png,1.0,0.0,nr124.png,4.0,0.0,nr100.png,7.0,0.06877112175645607,nr8.png,3.0,0.026781061837850687,nr7.png,7.0,0.12530891896969645,nr39.png,7.0,0.09356840123594748,nr49.png,7.0,0.07174679529399505,nr10.png,7.0,0.062489144288318275,nr27.png,7.0,0.0,nr63.png,7.0,0.0,nr58.png,4.0,0.0,nr111.png,7.0,0.0,nr60.png,7.0,0.0,nr28.png,16
1464,14.0,118.0,14.0,1.0,5365.0,3.0,0.0,nr19.png,7.0,0.30153491847061514,nr109.png,4.0,0.0264504314447908,nr113.png,1.0,0.0,nr124.png,4.0,0.0,nr100.png,7.0,0.06877112175645607,nr8.png,3.0,0.026781061837850687,nr7.png,7.0,0.12530891896969645,nr39.png,7.0,0.09356840123594748,nr49.png,7.0,0.07174679529399505,nr10.png,7.0,0.062489144288318275,nr27.png,7.0,0.0,nr63.png,7.0,0.0,nr58.png,4.0,0.0,nr111.png,7.0,0.0,nr60.png,7.0,0.0,nr28.png,16
1465,14.0,118.0,15.0,1.0,4539.0,3.0,0.0,nr19.png,7.0,0.30153491847061514,nr109.png,4.0,0.0264504314447908,nr113.png,1.0,0.0,nr124.png,4.0,0.0,nr100.png,7.0,0.06877112175645607,nr8.png,3.0,0.026781061837850687,nr7.png,7.0,0.12530891896969645,nr39.png,7.0,0.09356840123594748,nr49.png,7.0,0.07174679529399505,nr10.png,7.0,0.062489144288318275,nr27.png,7.0,0.0,nr63.png,7.0,0.0,nr58.png,4.0,0.0,nr111.png,7.0,0.0,nr60.png,7.0,0.0,nr28.png,16
1466,14.0,118.0,16.0,1.0,3823.0,3.0,0.0,nr19.png,7.0,0.30153491847061514,nr109.png,4.0,0.0264504314447908,nr113.png,1.0,0.0,nr124.png,4.0,0.0,nr100.png,7.0,0.06877112175645607,nr8.png,3.0,0.026781061837850687,nr7.png,7.0,0.12530891896969645,nr39.png,7.0,0.09356840123594748,nr49.png,7.0,0.07174679529399505,nr10.png,7.0,0.062489144288318275,nr27.png,7.0,0.0,nr63.png,7.0,0.0,nr58.png,4.0,0.0,nr111.png,7.0,0.0,nr60.png,7.0,0.0,nr28.png,16
1467,14.0,118.0,17.0,1.0,4939.0,3.0,0.0,nr19.png,7.0,0.30153491847061514,nr109.png,4.0,0.0264504314447908,nr113.png,1.0,0.0,nr124.png,4.0,0.0,nr100.png,7.0,0.06877112175645607,nr8.png,3.0,0.026781061837850687,nr7.png,7.0,0.12530891896969645,nr39.png,7.0,0.09356840123594748,nr49.png,7.0,0.07174679529399505,nr10.png,7.0,0.062489144288318275,nr27.png,7.0,0.0,nr63.png,7.0,0.0,nr58.png,4.0,0.0,nr111.png,7.0,0.0,nr60.png,7.0,0.0,nr28.png,16
1468,14.0,118.0,18.0,1.0,4119.0,3.0,0.0,nr19.png,7.0,0.30153491847061514,nr109.png,4.0,0.0264504314447908,nr113.png,1.0,0.0,nr124.png,4.0,0.0,nr100.png,7.0,0.06877112175645607,nr8.png,3.0,0.026781061837850687,nr7.png,7.0,0.12530891896969645,nr39.png,7.0,0.09356840123594748,nr49.png,7.0,0.07174679529399505,nr10.png,7.0,0.062489144288318275,nr27.png,7.0,0.0,nr63.png,7.0,0.0,nr58.png,4.0,0.0,nr111.png,7.0,0.0,nr60.png,7.0,0.0,nr28.png,16
1469,14.0,118.0,19.0,1.0,4760.0,3.0,0.0,nr19.png,7.0,0.30153491847061514,nr109.png,4.0,0.0264504314447908,nr113.png,1.0,0.0,nr124.png,4.0,0.0,nr100.png,7.0,0.06877112175645607,nr8.png,3.0,0.026781061837850687,nr7.png,7.0,0.12530891896969645,nr39.png,7.0,0.09356840123594748,nr49.png,7.0,0.07174679529399505,nr10.png,7.0,0.062489144288318275,nr27.png,7.0,0.0,nr63.png,7.0,0.0,nr58.png,4.0,0.0,nr111.png,7.0,0.0,nr60.png,7.0,0.0,nr28.png,16
1470,14.0,118.0,20.0,7.0,3886.0,3.0,0.0,nr19.png,7.0,0.30153491847061514,nr109.png,4.0,0.0264504314447908,nr113.png,1.0,0.0,nr124.png,4.0,0.0,nr100.png,7.0,0.06877112175645607,nr8.png,3.0,0.026781061837850687,nr7.png,7.0,0.12530891896969645,nr39.png,7.0,0.09356840123594748,nr49.png,7.0,0.07174679529399505,nr10.png,7.0,0.062489144288318275,nr27.png,7.0,0.0,nr63.png,7.0,0.0,nr58.png,4.0,0.0,nr111.png,7.0,0.0,nr60.png,7.0,0.0,nr28.png,16
1471,14.0,118.0,21.0,7.0,3990.0,3.0,0.0,nr19.png,7.0,0.30153491847061514,nr109.png,4.0,0.0264504314447908,nr113.png,1.0,0.0,nr124.png,4.0,0.0,nr100.png,7.0,0.06877112175645607,nr8.png,3.0,0.026781061837850687,nr7.png,7.0,0.12530891896969645,nr39.png,7.0,0.09356840123594748,nr49.png,7.0,0.07174679529399505,nr10.png,7.0,0.062489144288318275,nr27.png,7.0,0.0,nr63.png,7.0,0.0,nr58.png,4.0,0.0,nr111.png,7.0,0.0,nr60.png,7.0,0.0,nr28.png,16
1472,14.0,118.0,22.0,15.0,6791.0,3.0,0.0,nr19.png,7.0,0.30153491847061514,nr109.png,4.0,0.0264504314447908,nr113.png,1.0,0.0,nr124.png,4.0,0.0,nr100.png,7.0,0.06877112175645607,nr8.png,3.0,0.026781061837850687,nr7.png,7.0,0.12530891896969645,nr39.png,7.0,0.09356840123594748,nr49.png,7.0,0.07174679529399505,nr10.png,7.0,0.062489144288318275,nr27.png,7.0,0.0,nr63.png,7.0,0.0,nr58.png,4.0,0.0,nr111.png,7.0,0.0,nr60.png,7.0,0.0,nr28.png,16
1473,14.0,118.0,23.0,14.0,4732.0,3.0,0.0,nr19.png,7.0,0.30153491847061514,nr109.png,4.0,0.0264504314447908,nr113.png,1.0,0.0,nr124.png,4.0,0.0,nr100.png,7.0,0.06877112175645607,nr8.png,3.0,0.026781061837850687,nr7.png,7.0,0.12530891896969645,nr39.png,7.0,0.09356840123594748,nr49.png,7.0,0.07174679529399505,nr10.png,7.0,0.062489144288318275,nr27.png,7.0,0.0,nr63.png,7.0,0.0,nr58.png,4.0,0.0,nr111.png,7.0,0.0,nr60.png,7.0,0.0,nr28.png,16
1474,14.0,118.0,24.0,8.0,4603.0,3.0,0.0,nr19.png,7.0,0.30153491847061514,nr109.png,4.0,0.0264504314447908,nr113.png,1.0,0.0,nr124.png,4.0,0.0,nr100.png,7.0,0.06877112175645607,nr8.png,3.0,0.026781061837850687,nr7.png,7.0,0.12530891896969645,nr39.png,7.0,0.09356840123594748,nr49.png,7.0,0.07174679529399505,nr10.png,7.0,0.062489144288318275,nr27.png,7.0,0.0,nr63.png,7.0,0.0,nr58.png,4.0,0.0,nr111.png,7.0,0.0,nr60.png,7.0,0.0,nr28.png,16
1475,14.0,118.0,25.0,11.0,4943.0,3.0,0.0,nr19.png,7.0,0.30153491847061514,nr109.png,4.0,0.0264504314447908,nr113.png,1.0,0.0,nr124.png,4.0,0.0,nr100.png,7.0,0.06877112175645607,nr8.png,3.0,0.026781061837850687,nr7.png,7.0,0.12530891896969645,nr39.png,7.0,0.09356840123594748,nr49.png,7.0,0.07174679529399505,nr10.png,7.0,0.062489144288318275,nr27.png,7.0,0.0,nr63.png,7.0,0.0,nr58.png,4.0,0.0,nr111.png,7.0,0.0,nr60.png,7.0,0.0,nr28.png,16
1476,14.0,118.0,26.0,1.0,3004.0,3.0,0.0,nr19.png,7.0,0.30153491847061514,nr109.png,4.0,0.0264504314447908,nr113.png,1.0,0.0,nr124.png,4.0,0.0,nr100.png,7.0,0.06877112175645607,nr8.png,3.0,0.026781061837850687,nr7.png,7.0,0.12530891896969645,nr39.png,7.0,0.09356840123594748,nr49.png,7.0,0.07174679529399505,nr10.png,7.0,0.062489144288318275,nr27.png,7.0,0.0,nr63.png,7.0,0.0,nr58.png,4.0,0.0,nr111.png,7.0,0.0,nr60.png,7.0,0.0,nr28.png,16
1477,14.0,118.0,27.0,1.0,3880.0,3.0,0.0,nr19.png,7.0,0.30153491847061514,nr109.png,4.0,0.0264504314447908,nr113.png,1.0,0.0,nr124.png,4.0,0.0,nr100.png,7.0,0.06877112175645607,nr8.png,3.0,0.026781061837850687,nr7.png,7.0,0.12530891896969645,nr39.png,7.0,0.09356840123594748,nr49.png,7.0,0.07174679529399505,nr10.png,7.0,0.062489144288318275,nr27.png,7.0,0.0,nr63.png,7.0,0.0,nr58.png,4.0,0.0,nr111.png,7.0,0.0,nr60.png,7.0,0.0,nr28.png,16
1478,14.0,118.0,28.0,1.0,3937.0,3.0,0.0,nr19.png,7.0,0.30153491847061514,nr109.png,4.0,0.0264504314447908,nr113.png,1.0,0.0,nr124.png,4.0,0.0,nr100.png,7.0,0.06877112175645607,nr8.png,3.0,0.026781061837850687,nr7.png,7.0,0.12530891896969645,nr39.png,7.0,0.09356840123594748,nr49.png,7.0,0.07174679529399505,nr10.png,7.0,0.062489144288318275,nr27.png,7.0,0.0,nr63.png,7.0,0.0,nr58.png,4.0,0.0,nr111.png,7.0,0.0,nr60.png,7.0,0.0,nr28.png,16
1479,14.0,118.0,29.0,1.0,3651.0,3.0,0.0,nr19.png,7.0,0.30153491847061514,nr109.png,4.0,0.0264504314447908,nr113.png,1.0,0.0,nr124.png,4.0,0.0,nr100.png,7.0,0.06877112175645607,nr8.png,3.0,0.026781061837850687,nr7.png,7.0,0.12530891896969645,nr39.png,7.0,0.09356840123594748,nr49.png,7.0,0.07174679529399505,nr10.png,7.0,0.062489144288318275,nr27.png,7.0,0.0,nr63.png,7.0,0.0,nr58.png,4.0,0.0,nr111.png,7.0,0.0,nr60.png,7.0,0.0,nr28.png,16
1480,14.0,118.0,30.0,1.0,5242.0,3.0,0.0,nr19.png,7.0,0.30153491847061514,nr109.png,4.0,0.0264504314447908,nr113.png,1.0,0.0,nr124.png,4.0,0.0,nr100.png,7.0,0.06877112175645607,nr8.png,3.0,0.026781061837850687,nr7.png,7.0,0.12530891896969645,nr39.png,7.0,0.09356840123594748,nr49.png,7.0,0.07174679529399505,nr10.png,7.0,0.062489144288318275,nr27.png,7.0,0.0,nr63.png,7.0,0.0,nr58.png,4.0,0.0,nr111.png,7.0,0.0,nr60.png,7.0,0.0,nr28.png,16
1481,14.0,118.0,31.0,1.0,5353.0,3.0,0.0,nr19.png,7.0,0.30153491847061514,nr109.png,4.0,0.0264504314447908,nr113.png,1.0,0.0,nr124.png,4.0,0.0,nr100.png,7.0,0.06877112175645607,nr8.png,3.0,0.026781061837850687,nr7.png,7.0,0.12530891896969645,nr39.png,7.0,0.09356840123594748,nr49.png,7.0,0.07174679529399505,nr10.png,7.0,0.062489144288318275,nr27.png,7.0,0.0,nr63.png,7.0,0.0,nr58.png,4.0,0.0,nr111.png,7.0,0.0,nr60.png,7.0,0.0,nr28.png,16
1482,14.0,118.0,32.0,8.0,3958.0,3.0,0.0,nr19.png,7.0,0.30153491847061514,nr109.png,4.0,0.0264504314447908,nr113.png,1.0,0.0,nr124.png,4.0,0.0,nr100.png,7.0,0.06877112175645607,nr8.png,3.0,0.026781061837850687,nr7.png,7.0,0.12530891896969645,nr39.png,7.0,0.09356840123594748,nr49.png,7.0,0.07174679529399505,nr10.png,7.0,0.062489144288318275,nr27.png,7.0,0.0,nr63.png,7.0,0.0,nr58.png,4.0,0.0,nr111.png,7.0,0.0,nr60.png,7.0,0.0,nr28.png,16
1483,14.0,118.0,33.0,1.0,3777.0,3.0,0.0,nr19.png,7.0,0.30153491847061514,nr109.png,4.0,0.0264504314447908,nr113.png,1.0,0.0,nr124.png,4.0,0.0,nr100.png,7.0,0.06877112175645607,nr8.png,3.0,0.026781061837850687,nr7.png,7.0,0.12530891896969645,nr39.png,7.0,0.09356840123594748,nr49.png,7.0,0.07174679529399505,nr10.png,7.0,0.062489144288318275,nr27.png,7.0,0.0,nr63.png,7.0,0.0,nr58.png,4.0,0.0,nr111.png,7.0,0.0,nr60.png,7.0,0.0,nr28.png,16
1484,14.0,118.0,34.0,10.0,2904.0,3.0,0.0,nr19.png,7.0,0.30153491847061514,nr109.png,4.0,0.0264504314447908,nr113.png,1.0,0.0,nr124.png,4.0,0.0,nr100.png,7.0,0.06877112175645607,nr8.png,3.0,0.026781061837850687,nr7.png,7.0,0.12530891896969645,nr39.png,7.0,0.09356840123594748,nr49.png,7.0,0.07174679529399505,nr10.png,7.0,0.062489144288318275,nr27.png,7.0,0.0,nr63.png,7.0,0.0,nr58.png,4.0,0.0,nr111.png,7.0,0.0,nr60.png,7.0,0.0,nr28.png,16
1485,14.0,118.0,35.0,1.0,5452.0,3.0,0.0,nr19.png,7.0,0.30153491847061514,nr109.png,4.0,0.0264504314447908,nr113.png,1.0,0.0,nr124.png,4.0,0.0,nr100.png,7.0,0.06877112175645607,nr8.png,3.0,0.026781061837850687,nr7.png,7.0,0.12530891896969645,nr39.png,7.0,0.09356840123594748,nr49.png,7.0,0.07174679529399505,nr10.png,7.0,0.062489144288318275,nr27.png,7.0,0.0,nr63.png,7.0,0.0,nr58.png,4.0,0.0,nr111.png,7.0,0.0,nr60.png,7.0,0.0,nr28.png,16
1486,14.0,118.0,36.0,1.0,3800.0,3.0,0.0,nr19.png,7.0,0.30153491847061514,nr109.png,4.0,0.0264504314447908,nr113.png,1.0,0.0,nr124.png,4.0,0.0,nr100.png,7.0,0.06877112175645607,nr8.png,3.0,0.026781061837850687,nr7.png,7.0,0.12530891896969645,nr39.png,7.0,0.09356840123594748,nr49.png,7.0,0.07174679529399505,nr10.png,7.0,0.062489144288318275,nr27.png,7.0,0.0,nr63.png,7.0,0.0,nr58.png,4.0,0.0,nr111.png,7.0,0.0,nr60.png,7.0,0.0,nr28.png,16
1487,14.0,118.0,37.0,9.0,3304.0,3.0,0.0,nr19.png,7.0,0.30153491847061514,nr109.png,4.0,0.0264504314447908,nr113.png,1.0,0.0,nr124.png,4.0,0.0,nr100.png,7.0,0.06877112175645607,nr8.png,3.0,0.026781061837850687,nr7.png,7.0,0.12530891896969645,nr39.png,7.0,0.09356840123594748,nr49.png,7.0,0.07174679529399505,nr10.png,7.0,0.062489144288318275,nr27.png,7.0,0.0,nr63.png,7.0,0.0,nr58.png,4.0,0.0,nr111.png,7.0,0.0,nr60.png,7.0,0.0,nr28.png,16
1488,14.0,118.0,38.0,1.0,4658.0,3.0,0.0,nr19.png,7.0,0.30153491847061514,nr109.png,4.0,0.0264504314447908,nr113.png,1.0,0.0,nr124.png,4.0,0.0,nr100.png,7.0,0.06877112175645607,nr8.png,3.0,0.026781061837850687,nr7.png,7.0,0.12530891896969645,nr39.png,7.0,0.09356840123594748,nr49.png,7.0,0.07174679529399505,nr10.png,7.0,0.062489144288318275,nr27.png,7.0,0.0,nr63.png,7.0,0.0,nr58.png,4.0,0.0,nr111.png,7.0,0.0,nr60.png,7.0,0.0,nr28.png,16
1489,14.0,118.0,39.0,1.0,3163.0,3.0,0.0,nr19.png,7.0,0.30153491847061514,nr109.png,4.0,0.0264504314447908,nr113.png,1.0,0.0,nr124.png,4.0,0.0,nr100.png,7.0,0.06877112175645607,nr8.png,3.0,0.026781061837850687,nr7.png,7.0,0.12530891896969645,nr39.png,7.0,0.09356840123594748,nr49.png,7.0,0.07174679529399505,nr10.png,7.0,0.062489144288318275,nr27.png,7.0,0.0,nr63.png,7.0,0.0,nr58.png,4.0,0.0,nr111.png,7.0,0.0,nr60.png,7.0,0.0,nr28.png,16
1490,14.0,118.0,40.0,1.0,4741.0,3.0,0.0,nr19.png,7.0,0.30153491847061514,nr109.png,4.0,0.0264504314447908,nr113.png,1.0,0.0,nr124.png,4.0,0.0,nr100.png,7.0,0.06877112175645607,nr8.png,3.0,0.026781061837850687,nr7.png,7.0,0.12530891896969645,nr39.png,7.0,0.09356840123594748,nr49.png,7.0,0.07174679529399505,nr10.png,7.0,0.062489144288318275,nr27.png,7.0,0.0,nr63.png,7.0,0.0,nr58.png,4.0,0.0,nr111.png,7.0,0.0,nr60.png,7.0,0.0,nr28.png,16
1491,14.0,118.0,41.0,1.0,3632.0,3.0,0.0,nr19.png,7.0,0.30153491847061514,nr109.png,4.0,0.0264504314447908,nr113.png,1.0,0.0,nr124.png,4.0,0.0,nr100.png,7.0,0.06877112175645607,nr8.png,3.0,0.026781061837850687,nr7.png,7.0,0.12530891896969645,nr39.png,7.0,0.09356840123594748,nr49.png,7.0,0.07174679529399505,nr10.png,7.0,0.062489144288318275,nr27.png,7.0,0.0,nr63.png,7.0,0.0,nr58.png,4.0,0.0,nr111.png,7.0,0.0,nr60.png,7.0,0.0,nr28.png,16
1492,14.0,118.0,42.0,1.0,4920.0,3.0,0.0,nr19.png,7.0,0.30153491847061514,nr109.png,4.0,0.0264504314447908,nr113.png,1.0,0.0,nr124.png,4.0,0.0,nr100.png,7.0,0.06877112175645607,nr8.png,3.0,0.026781061837850687,nr7.png,7.0,0.12530891896969645,nr39.png,7.0,0.09356840123594748,nr49.png,7.0,0.07174679529399505,nr10.png,7.0,0.062489144288318275,nr27.png,7.0,0.0,nr63.png,7.0,0.0,nr58.png,4.0,0.0,nr111.png,7.0,0.0,nr60.png,7.0,0.0,nr28.png,16
1493,14.0,118.0,43.0,1.0,3521.0,3.0,0.0,nr19.png,7.0,0.30153491847061514,nr109.png,4.0,0.0264504314447908,nr113.png,1.0,0.0,nr124.png,4.0,0.0,nr100.png,7.0,0.06877112175645607,nr8.png,3.0,0.026781061837850687,nr7.png,7.0,0.12530891896969645,nr39.png,7.0,0.09356840123594748,nr49.png,7.0,0.07174679529399505,nr10.png,7.0,0.062489144288318275,nr27.png,7.0,0.0,nr63.png,7.0,0.0,nr58.png,4.0,0.0,nr111.png,7.0,0.0,nr60.png,7.0,0.0,nr28.png,16
1494,14.0,118.0,44.0,1.0,5211.0,3.0,0.0,nr19.png,7.0,0.30153491847061514,nr109.png,4.0,0.0264504314447908,nr113.png,1.0,0.0,nr124.png,4.0,0.0,nr100.png,7.0,0.06877112175645607,nr8.png,3.0,0.026781061837850687,nr7.png,7.0,0.12530891896969645,nr39.png,7.0,0.09356840123594748,nr49.png,7.0,0.07174679529399505,nr10.png,7.0,0.062489144288318275,nr27.png,7.0,0.0,nr63.png,7.0,0.0,nr58.png,4.0,0.0,nr111.png,7.0,0.0,nr60.png,7.0,0.0,nr28.png,16
1495,14.0,118.0,45.0,1.0,3888.0,3.0,0.0,nr19.png,7.0,0.30153491847061514,nr109.png,4.0,0.0264504314447908,nr113.png,1.0,0.0,nr124.png,4.0,0.0,nr100.png,7.0,0.06877112175645607,nr8.png,3.0,0.026781061837850687,nr7.png,7.0,0.12530891896969645,nr39.png,7.0,0.09356840123594748,nr49.png,7.0,0.07174679529399505,nr10.png,7.0,0.062489144288318275,nr27.png,7.0,0.0,nr63.png,7.0,0.0,nr58.png,4.0,0.0,nr111.png,7.0,0.0,nr60.png,7.0,0.0,nr28.png,16
1496,14.0,118.0,46.0,9.0,6737.0,3.0,0.0,nr19.png,7.0,0.30153491847061514,nr109.png,4.0,0.0264504314447908,nr113.png,1.0,0.0,nr124.png,4.0,0.0,nr100.png,7.0,0.06877112175645607,nr8.png,3.0,0.026781061837850687,nr7.png,7.0,0.12530891896969645,nr39.png,7.0,0.09356840123594748,nr49.png,7.0,0.07174679529399505,nr10.png,7.0,0.062489144288318275,nr27.png,7.0,0.0,nr63.png,7.0,0.0,nr58.png,4.0,0.0,nr111.png,7.0,0.0,nr60.png,7.0,0.0,nr28.png,16
1497,14.0,118.0,47.0,10.0,4783.0,3.0,0.0,nr19.png,7.0,0.30153491847061514,nr109.png,4.0,0.0264504314447908,nr113.png,1.0,0.0,nr124.png,4.0,0.0,nr100.png,7.0,0.06877112175645607,nr8.png,3.0,0.026781061837850687,nr7.png,7.0,0.12530891896969645,nr39.png,7.0,0.09356840123594748,nr49.png,7.0,0.07174679529399505,nr10.png,7.0,0.062489144288318275,nr27.png,7.0,0.0,nr63.png,7.0,0.0,nr58.png,4.0,0.0,nr111.png,7.0,0.0,nr60.png,7.0,0.0,nr28.png,16
1498,14.0,118.0,48.0,1.0,4468.0,3.0,0.0,nr19.png,7.0,0.30153491847061514,nr109.png,4.0,0.0264504314447908,nr113.png,1.0,0.0,nr124.png,4.0,0.0,nr100.png,7.0,0.06877112175645607,nr8.png,3.0,0.026781061837850687,nr7.png,7.0,0.12530891896969645,nr39.png,7.0,0.09356840123594748,nr49.png,7.0,0.07174679529399505,nr10.png,7.0,0.062489144288318275,nr27.png,7.0,0.0,nr63.png,7.0,0.0,nr58.png,4.0,0.0,nr111.png,7.0,0.0,nr60.png,7.0,0.0,nr28.png,16
1499,14.0,118.0,49.0,1.0,4761.0,3.0,0.0,nr19.png,7.0,0.30153491847061514,nr109.png,4.0,0.0264504314447908,nr113.png,1.0,0.0,nr124.png,4.0,0.0,nr100.png,7.0,0.06877112175645607,nr8.png,3.0,0.026781061837850687,nr7.png,7.0,0.12530891896969645,nr39.png,7.0,0.09356840123594748,nr49.png,7.0,0.07174679529399505,nr10.png,7.0,0.062489144288318275,nr27.png,7.0,0.0,nr63.png,7.0,0.0,nr58.png,4.0,0.0,nr111.png,7.0,0.0,nr60.png,7.0,0.0,nr28.png,16
1500,14.0,119.0,0.0,11.0,4187.0,5.0,0.050868640187102326,nr106.png,7.0,0.05454992335853737,nr8.png,1.0,0.03614350750136218,nr55.png,4.0,0.0645897865533602,nr100.png,7.0,0.05388059914554918,nr57.png,7.0,0.11746639937942707,nr12.png,3.0,0.04250208752474997,nr90.png,5.0,0.024095671667574783,nr3.png,6.0,0.0,nr18.png,6.0,0.10742653618460428,nr21.png,4.0,0.049195329654631866,nr2.png,7.0,0.037816818033832654,nr89.png,2.0,0.0,nr50.png,4.0,0.06291647602088972,nr112.png,5.0,0.046183370696185014,nr11.png,7.0,0.0,nr88.png,16
1501,14.0,119.0,1.0,5.0,3206.0,5.0,0.050868640187102326,nr106.png,7.0,0.05454992335853737,nr8.png,1.0,0.03614350750136218,nr55.png,4.0,0.0645897865533602,nr100.png,7.0,0.05388059914554918,nr57.png,7.0,0.11746639937942707,nr12.png,3.0,0.04250208752474997,nr90.png,5.0,0.024095671667574783,nr3.png,6.0,0.0,nr18.png,6.0,0.10742653618460428,nr21.png,4.0,0.049195329654631866,nr2.png,7.0,0.037816818033832654,nr89.png,2.0,0.0,nr50.png,4.0,0.06291647602088972,nr112.png,5.0,0.046183370696185014,nr11.png,7.0,0.0,nr88.png,16
1502,14.0,119.0,2.0,5.0,2867.0,5.0,0.050868640187102326,nr106.png,7.0,0.05454992335853737,nr8.png,1.0,0.03614350750136218,nr55.png,4.0,0.0645897865533602,nr100.png,7.0,0.05388059914554918,nr57.png,7.0,0.11746639937942707,nr12.png,3.0,0.04250208752474997,nr90.png,5.0,0.024095671667574783,nr3.png,6.0,0.0,nr18.png,6.0,0.10742653618460428,nr21.png,4.0,0.049195329654631866,nr2.png,7.0,0.037816818033832654,nr89.png,2.0,0.0,nr50.png,4.0,0.06291647602088972,nr112.png,5.0,0.046183370696185014,nr11.png,7.0,0.0,nr88.png,16
1503,14.0,119.0,3.0,9.0,4481.0,5.0,0.050868640187102326,nr106.png,7.0,0.05454992335853737,nr8.png,1.0,0.03614350750136218,nr55.png,4.0,0.0645897865533602,nr100.png,7.0,0.05388059914554918,nr57.png,7.0,0.11746639937942707,nr12.png,3.0,0.04250208752474997,nr90.png,5.0,0.024095671667574783,nr3.png,6.0,0.0,nr18.png,6.0,0.10742653618460428,nr21.png,4.0,0.049195329654631866,nr2.png,7.0,0.037816818033832654,nr89.png,2.0,0.0,nr50.png,4.0,0.06291647602088972,nr112.png,5.0,0.046183370696185014,nr11.png,7.0,0.0,nr88.png,16
1504,14.0,119.0,4.0,8.0,5779.0,5.0,0.050868640187102326,nr106.png,7.0,0.05454992335853737,nr8.png,1.0,0.03614350750136218,nr55.png,4.0,0.0645897865533602,nr100.png,7.0,0.05388059914554918,nr57.png,7.0,0.11746639937942707,nr12.png,3.0,0.04250208752474997,nr90.png,5.0,0.024095671667574783,nr3.png,6.0,0.0,nr18.png,6.0,0.10742653618460428,nr21.png,4.0,0.049195329654631866,nr2.png,7.0,0.037816818033832654,nr89.png,2.0,0.0,nr50.png,4.0,0.06291647602088972,nr112.png,5.0,0.046183370696185014,nr11.png,7.0,0.0,nr88.png,16
1505,14.0,119.0,5.0,1.0,5020.0,5.0,0.050868640187102326,nr106.png,7.0,0.05454992335853737,nr8.png,1.0,0.03614350750136218,nr55.png,4.0,0.0645897865533602,nr100.png,7.0,0.05388059914554918,nr57.png,7.0,0.11746639937942707,nr12.png,3.0,0.04250208752474997,nr90.png,5.0,0.024095671667574783,nr3.png,6.0,0.0,nr18.png,6.0,0.10742653618460428,nr21.png,4.0,0.049195329654631866,nr2.png,7.0,0.037816818033832654,nr89.png,2.0,0.0,nr50.png,4.0,0.06291647602088972,nr112.png,5.0,0.046183370696185014,nr11.png,7.0,0.0,nr88.png,16
1506,14.0,119.0,6.0,11.0,6208.0,5.0,0.050868640187102326,nr106.png,7.0,0.05454992335853737,nr8.png,1.0,0.03614350750136218,nr55.png,4.0,0.0645897865533602,nr100.png,7.0,0.05388059914554918,nr57.png,7.0,0.11746639937942707,nr12.png,3.0,0.04250208752474997,nr90.png,5.0,0.024095671667574783,nr3.png,6.0,0.0,nr18.png,6.0,0.10742653618460428,nr21.png,4.0,0.049195329654631866,nr2.png,7.0,0.037816818033832654,nr89.png,2.0,0.0,nr50.png,4.0,0.06291647602088972,nr112.png,5.0,0.046183370696185014,nr11.png,7.0,0.0,nr88.png,16
1507,14.0,119.0,7.0,3.0,3324.0,5.0,0.050868640187102326,nr106.png,7.0,0.05454992335853737,nr8.png,1.0,0.03614350750136218,nr55.png,4.0,0.0645897865533602,nr100.png,7.0,0.05388059914554918,nr57.png,7.0,0.11746639937942707,nr12.png,3.0,0.04250208752474997,nr90.png,5.0,0.024095671667574783,nr3.png,6.0,0.0,nr18.png,6.0,0.10742653618460428,nr21.png,4.0,0.049195329654631866,nr2.png,7.0,0.037816818033832654,nr89.png,2.0,0.0,nr50.png,4.0,0.06291647602088972,nr112.png,5.0,0.046183370696185014,nr11.png,7.0,0.0,nr88.png,16
1508,14.0,119.0,8.0,1.0,4605.0,5.0,0.050868640187102326,nr106.png,7.0,0.05454992335853737,nr8.png,1.0,0.03614350750136218,nr55.png,4.0,0.0645897865533602,nr100.png,7.0,0.05388059914554918,nr57.png,7.0,0.11746639937942707,nr12.png,3.0,0.04250208752474997,nr90.png,5.0,0.024095671667574783,nr3.png,6.0,0.0,nr18.png,6.0,0.10742653618460428,nr21.png,4.0,0.049195329654631866,nr2.png,7.0,0.037816818033832654,nr89.png,2.0,0.0,nr50.png,4.0,0.06291647602088972,nr112.png,5.0,0.046183370696185014,nr11.png,7.0,0.0,nr88.png,16
1509,14.0,119.0,9.0,5.0,5135.0,5.0,0.050868640187102326,nr106.png,7.0,0.05454992335853737,nr8.png,1.0,0.03614350750136218,nr55.png,4.0,0.0645897865533602,nr100.png,7.0,0.05388059914554918,nr57.png,7.0,0.11746639937942707,nr12.png,3.0,0.04250208752474997,nr90.png,5.0,0.024095671667574783,nr3.png,6.0,0.0,nr18.png,6.0,0.10742653618460428,nr21.png,4.0,0.049195329654631866,nr2.png,7.0,0.037816818033832654,nr89.png,2.0,0.0,nr50.png,4.0,0.06291647602088972,nr112.png,5.0,0.046183370696185014,nr11.png,7.0,0.0,nr88.png,16
1510,14.0,119.0,10.0,5.0,3482.0,5.0,0.050868640187102326,nr106.png,7.0,0.05454992335853737,nr8.png,1.0,0.03614350750136218,nr55.png,4.0,0.0645897865533602,nr100.png,7.0,0.05388059914554918,nr57.png,7.0,0.11746639937942707,nr12.png,3.0,0.04250208752474997,nr90.png,5.0,0.024095671667574783,nr3.png,6.0,0.0,nr18.png,6.0,0.10742653618460428,nr21.png,4.0,0.049195329654631866,nr2.png,7.0,0.037816818033832654,nr89.png,2.0,0.0,nr50.png,4.0,0.06291647602088972,nr112.png,5.0,0.046183370696185014,nr11.png,7.0,0.0,nr88.png,16
1511,14.0,119.0,11.0,1.0,5367.0,5.0,0.050868640187102326,nr106.png,7.0,0.05454992335853737,nr8.png,1.0,0.03614350750136218,nr55.png,4.0,0.0645897865533602,nr100.png,7.0,0.05388059914554918,nr57.png,7.0,0.11746639937942707,nr12.png,3.0,0.04250208752474997,nr90.png,5.0,0.024095671667574783,nr3.png,6.0,0.0,nr18.png,6.0,0.10742653618460428,nr21.png,4.0,0.049195329654631866,nr2.png,7.0,0.037816818033832654,nr89.png,2.0,0.0,nr50.png,4.0,0.06291647602088972,nr112.png,5.0,0.046183370696185014,nr11.png,7.0,0.0,nr88.png,16
1512,14.0,119.0,12.0,11.0,4862.0,5.0,0.050868640187102326,nr106.png,7.0,0.05454992335853737,nr8.png,1.0,0.03614350750136218,nr55.png,4.0,0.0645897865533602,nr100.png,7.0,0.05388059914554918,nr57.png,7.0,0.11746639937942707,nr12.png,3.0,0.04250208752474997,nr90.png,5.0,0.024095671667574783,nr3.png,6.0,0.0,nr18.png,6.0,0.10742653618460428,nr21.png,4.0,0.049195329654631866,nr2.png,7.0,0.037816818033832654,nr89.png,2.0,0.0,nr50.png,4.0,0.06291647602088972,nr112.png,5.0,0.046183370696185014,nr11.png,7.0,0.0,nr88.png,16
1513,14.0,119.0,13.0,11.0,3359.0,5.0,0.050868640187102326,nr106.png,7.0,0.05454992335853737,nr8.png,1.0,0.03614350750136218,nr55.png,4.0,0.0645897865533602,nr100.png,7.0,0.05388059914554918,nr57.png,7.0,0.11746639937942707,nr12.png,3.0,0.04250208752474997,nr90.png,5.0,0.024095671667574783,nr3.png,6.0,0.0,nr18.png,6.0,0.10742653618460428,nr21.png,4.0,0.049195329654631866,nr2.png,7.0,0.037816818033832654,nr89.png,2.0,0.0,nr50.png,4.0,0.06291647602088972,nr112.png,5.0,0.046183370696185014,nr11.png,7.0,0.0,nr88.png,16
1514,14.0,119.0,14.0,9.0,5109.0,5.0,0.050868640187102326,nr106.png,7.0,0.05454992335853737,nr8.png,1.0,0.03614350750136218,nr55.png,4.0,0.0645897865533602,nr100.png,7.0,0.05388059914554918,nr57.png,7.0,0.11746639937942707,nr12.png,3.0,0.04250208752474997,nr90.png,5.0,0.024095671667574783,nr3.png,6.0,0.0,nr18.png,6.0,0.10742653618460428,nr21.png,4.0,0.049195329654631866,nr2.png,7.0,0.037816818033832654,nr89.png,2.0,0.0,nr50.png,4.0,0.06291647602088972,nr112.png,5.0,0.046183370696185014,nr11.png,7.0,0.0,nr88.png,16
1515,14.0,119.0,15.0,15.0,5663.0,5.0,0.050868640187102326,nr106.png,7.0,0.05454992335853737,nr8.png,1.0,0.03614350750136218,nr55.png,4.0,0.0645897865533602,nr100.png,7.0,0.05388059914554918,nr57.png,7.0,0.11746639937942707,nr12.png,3.0,0.04250208752474997,nr90.png,5.0,0.024095671667574783,nr3.png,6.0,0.0,nr18.png,6.0,0.10742653618460428,nr21.png,4.0,0.049195329654631866,nr2.png,7.0,0.037816818033832654,nr89.png,2.0,0.0,nr50.png,4.0,0.06291647602088972,nr112.png,5.0,0.046183370696185014,nr11.png,7.0,0.0,nr88.png,16
1516,14.0,119.0,16.0,5.0,3231.0,5.0,0.050868640187102326,nr106.png,7.0,0.05454992335853737,nr8.png,1.0,0.03614350750136218,nr55.png,4.0,0.0645897865533602,nr100.png,7.0,0.05388059914554918,nr57.png,7.0,0.11746639937942707,nr12.png,3.0,0.04250208752474997,nr90.png,5.0,0.024095671667574783,nr3.png,6.0,0.0,nr18.png,6.0,0.10742653618460428,nr21.png,4.0,0.049195329654631866,nr2.png,7.0,0.037816818033832654,nr89.png,2.0,0.0,nr50.png,4.0,0.06291647602088972,nr112.png,5.0,0.046183370696185014,nr11.png,7.0,0.0,nr88.png,16
1517,14.0,119.0,17.0,8.0,5426.0,5.0,0.050868640187102326,nr106.png,7.0,0.05454992335853737,nr8.png,1.0,0.03614350750136218,nr55.png,4.0,0.0645897865533602,nr100.png,7.0,0.05388059914554918,nr57.png,7.0,0.11746639937942707,nr12.png,3.0,0.04250208752474997,nr90.png,5.0,0.024095671667574783,nr3.png,6.0,0.0,nr18.png,6.0,0.10742653618460428,nr21.png,4.0,0.049195329654631866,nr2.png,7.0,0.037816818033832654,nr89.png,2.0,0.0,nr50.png,4.0,0.06291647602088972,nr112.png,5.0,0.046183370696185014,nr11.png,7.0,0.0,nr88.png,16
1518,14.0,119.0,18.0,1.0,6684.0,5.0,0.050868640187102326,nr106.png,7.0,0.05454992335853737,nr8.png,1.0,0.03614350750136218,nr55.png,4.0,0.0645897865533602,nr100.png,7.0,0.05388059914554918,nr57.png,7.0,0.11746639937942707,nr12.png,3.0,0.04250208752474997,nr90.png,5.0,0.024095671667574783,nr3.png,6.0,0.0,nr18.png,6.0,0.10742653618460428,nr21.png,4.0,0.049195329654631866,nr2.png,7.0,0.037816818033832654,nr89.png,2.0,0.0,nr50.png,4.0,0.06291647602088972,nr112.png,5.0,0.046183370696185014,nr11.png,7.0,0.0,nr88.png,16
1519,14.0,119.0,19.0,9.0,4231.0,5.0,0.050868640187102326,nr106.png,7.0,0.05454992335853737,nr8.png,1.0,0.03614350750136218,nr55.png,4.0,0.0645897865533602,nr100.png,7.0,0.05388059914554918,nr57.png,7.0,0.11746639937942707,nr12.png,3.0,0.04250208752474997,nr90.png,5.0,0.024095671667574783,nr3.png,6.0,0.0,nr18.png,6.0,0.10742653618460428,nr21.png,4.0,0.049195329654631866,nr2.png,7.0,0.037816818033832654,nr89.png,2.0,0.0,nr50.png,4.0,0.06291647602088972,nr112.png,5.0,0.046183370696185014,nr11.png,7.0,0.0,nr88.png,16
1520,14.0,119.0,20.0,5.0,4877.0,5.0,0.050868640187102326,nr106.png,7.0,0.05454992335853737,nr8.png,1.0,0.03614350750136218,nr55.png,4.0,0.0645897865533602,nr100.png,7.0,0.05388059914554918,nr57.png,7.0,0.11746639937942707,nr12.png,3.0,0.04250208752474997,nr90.png,5.0,0.024095671667574783,nr3.png,6.0,0.0,nr18.png,6.0,0.10742653618460428,nr21.png,4.0,0.049195329654631866,nr2.png,7.0,0.037816818033832654,nr89.png,2.0,0.0,nr50.png,4.0,0.06291647602088972,nr112.png,5.0,0.046183370696185014,nr11.png,7.0,0.0,nr88.png,16
1521,14.0,119.0,21.0,11.0,3623.0,5.0,0.050868640187102326,nr106.png,7.0,0.05454992335853737,nr8.png,1.0,0.03614350750136218,nr55.png,4.0,0.0645897865533602,nr100.png,7.0,0.05388059914554918,nr57.png,7.0,0.11746639937942707,nr12.png,3.0,0.04250208752474997,nr90.png,5.0,0.024095671667574783,nr3.png,6.0,0.0,nr18.png,6.0,0.10742653618460428,nr21.png,4.0,0.049195329654631866,nr2.png,7.0,0.037816818033832654,nr89.png,2.0,0.0,nr50.png,4.0,0.06291647602088972,nr112.png,5.0,0.046183370696185014,nr11.png,7.0,0.0,nr88.png,16
1522,14.0,119.0,22.0,5.0,5873.0,5.0,0.050868640187102326,nr106.png,7.0,0.05454992335853737,nr8.png,1.0,0.03614350750136218,nr55.png,4.0,0.0645897865533602,nr100.png,7.0,0.05388059914554918,nr57.png,7.0,0.11746639937942707,nr12.png,3.0,0.04250208752474997,nr90.png,5.0,0.024095671667574783,nr3.png,6.0,0.0,nr18.png,6.0,0.10742653618460428,nr21.png,4.0,0.049195329654631866,nr2.png,7.0,0.037816818033832654,nr89.png,2.0,0.0,nr50.png,4.0,0.06291647602088972,nr112.png,5.0,0.046183370696185014,nr11.png,7.0,0.0,nr88.png,16
1523,14.0,119.0,23.0,9.0,2967.0,5.0,0.050868640187102326,nr106.png,7.0,0.05454992335853737,nr8.png,1.0,0.03614350750136218,nr55.png,4.0,0.0645897865533602,nr100.png,7.0,0.05388059914554918,nr57.png,7.0,0.11746639937942707,nr12.png,3.0,0.04250208752474997,nr90.png,5.0,0.024095671667574783,nr3.png,6.0,0.0,nr18.png,6.0,0.10742653618460428,nr21.png,4.0,0.049195329654631866,nr2.png,7.0,0.037816818033832654,nr89.png,2.0,0.0,nr50.png,4.0,0.06291647602088972,nr112.png,5.0,0.046183370696185014,nr11.png,7.0,0.0,nr88.png,16
1524,14.0,119.0,24.0,11.0,3497.0,5.0,0.050868640187102326,nr106.png,7.0,0.05454992335853737,nr8.png,1.0,0.03614350750136218,nr55.png,4.0,0.0645897865533602,nr100.png,7.0,0.05388059914554918,nr57.png,7.0,0.11746639937942707,nr12.png,3.0,0.04250208752474997,nr90.png,5.0,0.024095671667574783,nr3.png,6.0,0.0,nr18.png,6.0,0.10742653618460428,nr21.png,4.0,0.049195329654631866,nr2.png,7.0,0.037816818033832654,nr89.png,2.0,0.0,nr50.png,4.0,0.06291647602088972,nr112.png,5.0,0.046183370696185014,nr11.png,7.0,0.0,nr88.png,16
1525,14.0,119.0,25.0,5.0,4531.0,5.0,0.050868640187102326,nr106.png,7.0,0.05454992335853737,nr8.png,1.0,0.03614350750136218,nr55.png,4.0,0.0645897865533602,nr100.png,7.0,0.05388059914554918,nr57.png,7.0,0.11746639937942707,nr12.png,3.0,0.04250208752474997,nr90.png,5.0,0.024095671667574783,nr3.png,6.0,0.0,nr18.png,6.0,0.10742653618460428,nr21.png,4.0,0.049195329654631866,nr2.png,7.0,0.037816818033832654,nr89.png,2.0,0.0,nr50.png,4.0,0.06291647602088972,nr112.png,5.0,0.046183370696185014,nr11.png,7.0,0.0,nr88.png,16
1526,14.0,119.0,26.0,1.0,4112.0,5.0,0.050868640187102326,nr106.png,7.0,0.05454992335853737,nr8.png,1.0,0.03614350750136218,nr55.png,4.0,0.0645897865533602,nr100.png,7.0,0.05388059914554918,nr57.png,7.0,0.11746639937942707,nr12.png,3.0,0.04250208752474997,nr90.png,5.0,0.024095671667574783,nr3.png,6.0,0.0,nr18.png,6.0,0.10742653618460428,nr21.png,4.0,0.049195329654631866,nr2.png,7.0,0.037816818033832654,nr89.png,2.0,0.0,nr50.png,4.0,0.06291647602088972,nr112.png,5.0,0.046183370696185014,nr11.png,7.0,0.0,nr88.png,16
1527,14.0,119.0,27.0,0.0,5733.0,5.0,0.050868640187102326,nr106.png,7.0,0.05454992335853737,nr8.png,1.0,0.03614350750136218,nr55.png,4.0,0.0645897865533602,nr100.png,7.0,0.05388059914554918,nr57.png,7.0,0.11746639937942707,nr12.png,3.0,0.04250208752474997,nr90.png,5.0,0.024095671667574783,nr3.png,6.0,0.0,nr18.png,6.0,0.10742653618460428,nr21.png,4.0,0.049195329654631866,nr2.png,7.0,0.037816818033832654,nr89.png,2.0,0.0,nr50.png,4.0,0.06291647602088972,nr112.png,5.0,0.046183370696185014,nr11.png,7.0,0.0,nr88.png,16
1528,14.0,119.0,28.0,7.0,5826.0,5.0,0.050868640187102326,nr106.png,7.0,0.05454992335853737,nr8.png,1.0,0.03614350750136218,nr55.png,4.0,0.0645897865533602,nr100.png,7.0,0.05388059914554918,nr57.png,7.0,0.11746639937942707,nr12.png,3.0,0.04250208752474997,nr90.png,5.0,0.024095671667574783,nr3.png,6.0,0.0,nr18.png,6.0,0.10742653618460428,nr21.png,4.0,0.049195329654631866,nr2.png,7.0,0.037816818033832654,nr89.png,2.0,0.0,nr50.png,4.0,0.06291647602088972,nr112.png,5.0,0.046183370696185014,nr11.png,7.0,0.0,nr88.png,16
1529,14.0,119.0,29.0,5.0,3297.0,5.0,0.050868640187102326,nr106.png,7.0,0.05454992335853737,nr8.png,1.0,0.03614350750136218,nr55.png,4.0,0.0645897865533602,nr100.png,7.0,0.05388059914554918,nr57.png,7.0,0.11746639937942707,nr12.png,3.0,0.04250208752474997,nr90.png,5.0,0.024095671667574783,nr3.png,6.0,0.0,nr18.png,6.0,0.10742653618460428,nr21.png,4.0,0.049195329654631866,nr2.png,7.0,0.037816818033832654,nr89.png,2.0,0.0,nr50.png,4.0,0.06291647602088972,nr112.png,5.0,0.046183370696185014,nr11.png,7.0,0.0,nr88.png,16
1530,14.0,119.0,30.0,4.0,4926.0,5.0,0.050868640187102326,nr106.png,7.0,0.05454992335853737,nr8.png,1.0,0.03614350750136218,nr55.png,4.0,0.0645897865533602,nr100.png,7.0,0.05388059914554918,nr57.png,7.0,0.11746639937942707,nr12.png,3.0,0.04250208752474997,nr90.png,5.0,0.024095671667574783,nr3.png,6.0,0.0,nr18.png,6.0,0.10742653618460428,nr21.png,4.0,0.049195329654631866,nr2.png,7.0,0.037816818033832654,nr89.png,2.0,0.0,nr50.png,4.0,0.06291647602088972,nr112.png,5.0,0.046183370696185014,nr11.png,7.0,0.0,nr88.png,16
1531,14.0,119.0,31.0,11.0,4398.0,5.0,0.050868640187102326,nr106.png,7.0,0.05454992335853737,nr8.png,1.0,0.03614350750136218,nr55.png,4.0,0.0645897865533602,nr100.png,7.0,0.05388059914554918,nr57.png,7.0,0.11746639937942707,nr12.png,3.0,0.04250208752474997,nr90.png,5.0,0.024095671667574783,nr3.png,6.0,0.0,nr18.png,6.0,0.10742653618460428,nr21.png,4.0,0.049195329654631866,nr2.png,7.0,0.037816818033832654,nr89.png,2.0,0.0,nr50.png,4.0,0.06291647602088972,nr112.png,5.0,0.046183370696185014,nr11.png,7.0,0.0,nr88.png,16
1532,14.0,119.0,32.0,9.0,5382.0,5.0,0.050868640187102326,nr106.png,7.0,0.05454992335853737,nr8.png,1.0,0.03614350750136218,nr55.png,4.0,0.0645897865533602,nr100.png,7.0,0.05388059914554918,nr57.png,7.0,0.11746639937942707,nr12.png,3.0,0.04250208752474997,nr90.png,5.0,0.024095671667574783,nr3.png,6.0,0.0,nr18.png,6.0,0.10742653618460428,nr21.png,4.0,0.049195329654631866,nr2.png,7.0,0.037816818033832654,nr89.png,2.0,0.0,nr50.png,4.0,0.06291647602088972,nr112.png,5.0,0.046183370696185014,nr11.png,7.0,0.0,nr88.png,16
1533,14.0,119.0,33.0,1.0,2301.0,5.0,0.050868640187102326,nr106.png,7.0,0.05454992335853737,nr8.png,1.0,0.03614350750136218,nr55.png,4.0,0.0645897865533602,nr100.png,7.0,0.05388059914554918,nr57.png,7.0,0.11746639937942707,nr12.png,3.0,0.04250208752474997,nr90.png,5.0,0.024095671667574783,nr3.png,6.0,0.0,nr18.png,6.0,0.10742653618460428,nr21.png,4.0,0.049195329654631866,nr2.png,7.0,0.037816818033832654,nr89.png,2.0,0.0,nr50.png,4.0,0.06291647602088972,nr112.png,5.0,0.046183370696185014,nr11.png,7.0,0.0,nr88.png,16
1534,14.0,119.0,34.0,15.0,3920.0,5.0,0.050868640187102326,nr106.png,7.0,0.05454992335853737,nr8.png,1.0,0.03614350750136218,nr55.png,4.0,0.0645897865533602,nr100.png,7.0,0.05388059914554918,nr57.png,7.0,0.11746639937942707,nr12.png,3.0,0.04250208752474997,nr90.png,5.0,0.024095671667574783,nr3.png,6.0,0.0,nr18.png,6.0,0.10742653618460428,nr21.png,4.0,0.049195329654631866,nr2.png,7.0,0.037816818033832654,nr89.png,2.0,0.0,nr50.png,4.0,0.06291647602088972,nr112.png,5.0,0.046183370696185014,nr11.png,7.0,0.0,nr88.png,16
1535,14.0,119.0,35.0,4.0,3873.0,5.0,0.050868640187102326,nr106.png,7.0,0.05454992335853737,nr8.png,1.0,0.03614350750136218,nr55.png,4.0,0.0645897865533602,nr100.png,7.0,0.05388059914554918,nr57.png,7.0,0.11746639937942707,nr12.png,3.0,0.04250208752474997,nr90.png,5.0,0.024095671667574783,nr3.png,6.0,0.0,nr18.png,6.0,0.10742653618460428,nr21.png,4.0,0.049195329654631866,nr2.png,7.0,0.037816818033832654,nr89.png,2.0,0.0,nr50.png,4.0,0.06291647602088972,nr112.png,5.0,0.046183370696185014,nr11.png,7.0,0.0,nr88.png,16
1536,14.0,119.0,36.0,5.0,2843.0,5.0,0.050868640187102326,nr106.png,7.0,0.05454992335853737,nr8.png,1.0,0.03614350750136218,nr55.png,4.0,0.0645897865533602,nr100.png,7.0,0.05388059914554918,nr57.png,7.0,0.11746639937942707,nr12.png,3.0,0.04250208752474997,nr90.png,5.0,0.024095671667574783,nr3.png,6.0,0.0,nr18.png,6.0,0.10742653618460428,nr21.png,4.0,0.049195329654631866,nr2.png,7.0,0.037816818033832654,nr89.png,2.0,0.0,nr50.png,4.0,0.06291647602088972,nr112.png,5.0,0.046183370696185014,nr11.png,7.0,0.0,nr88.png,16
1537,14.0,119.0,37.0,1.0,4571.0,5.0,0.050868640187102326,nr106.png,7.0,0.05454992335853737,nr8.png,1.0,0.03614350750136218,nr55.png,4.0,0.0645897865533602,nr100.png,7.0,0.05388059914554918,nr57.png,7.0,0.11746639937942707,nr12.png,3.0,0.04250208752474997,nr90.png,5.0,0.024095671667574783,nr3.png,6.0,0.0,nr18.png,6.0,0.10742653618460428,nr21.png,4.0,0.049195329654631866,nr2.png,7.0,0.037816818033832654,nr89.png,2.0,0.0,nr50.png,4.0,0.06291647602088972,nr112.png,5.0,0.046183370696185014,nr11.png,7.0,0.0,nr88.png,16
1538,14.0,119.0,38.0,2.0,6466.0,5.0,0.050868640187102326,nr106.png,7.0,0.05454992335853737,nr8.png,1.0,0.03614350750136218,nr55.png,4.0,0.0645897865533602,nr100.png,7.0,0.05388059914554918,nr57.png,7.0,0.11746639937942707,nr12.png,3.0,0.04250208752474997,nr90.png,5.0,0.024095671667574783,nr3.png,6.0,0.0,nr18.png,6.0,0.10742653618460428,nr21.png,4.0,0.049195329654631866,nr2.png,7.0,0.037816818033832654,nr89.png,2.0,0.0,nr50.png,4.0,0.06291647602088972,nr112.png,5.0,0.046183370696185014,nr11.png,7.0,0.0,nr88.png,16
1539,14.0,119.0,39.0,5.0,4778.0,5.0,0.050868640187102326,nr106.png,7.0,0.05454992335853737,nr8.png,1.0,0.03614350750136218,nr55.png,4.0,0.0645897865533602,nr100.png,7.0,0.05388059914554918,nr57.png,7.0,0.11746639937942707,nr12.png,3.0,0.04250208752474997,nr90.png,5.0,0.024095671667574783,nr3.png,6.0,0.0,nr18.png,6.0,0.10742653618460428,nr21.png,4.0,0.049195329654631866,nr2.png,7.0,0.037816818033832654,nr89.png,2.0,0.0,nr50.png,4.0,0.06291647602088972,nr112.png,5.0,0.046183370696185014,nr11.png,7.0,0.0,nr88.png,16
1540,14.0,119.0,40.0,4.0,4205.0,5.0,0.050868640187102326,nr106.png,7.0,0.05454992335853737,nr8.png,1.0,0.03614350750136218,nr55.png,4.0,0.0645897865533602,nr100.png,7.0,0.05388059914554918,nr57.png,7.0,0.11746639937942707,nr12.png,3.0,0.04250208752474997,nr90.png,5.0,0.024095671667574783,nr3.png,6.0,0.0,nr18.png,6.0,0.10742653618460428,nr21.png,4.0,0.049195329654631866,nr2.png,7.0,0.037816818033832654,nr89.png,2.0,0.0,nr50.png,4.0,0.06291647602088972,nr112.png,5.0,0.046183370696185014,nr11.png,7.0,0.0,nr88.png,16
1541,14.0,119.0,41.0,7.0,5905.0,5.0,0.050868640187102326,nr106.png,7.0,0.05454992335853737,nr8.png,1.0,0.03614350750136218,nr55.png,4.0,0.0645897865533602,nr100.png,7.0,0.05388059914554918,nr57.png,7.0,0.11746639937942707,nr12.png,3.0,0.04250208752474997,nr90.png,5.0,0.024095671667574783,nr3.png,6.0,0.0,nr18.png,6.0,0.10742653618460428,nr21.png,4.0,0.049195329654631866,nr2.png,7.0,0.037816818033832654,nr89.png,2.0,0.0,nr50.png,4.0,0.06291647602088972,nr112.png,5.0,0.046183370696185014,nr11.png,7.0,0.0,nr88.png,16
1542,14.0,119.0,42.0,11.0,5389.0,5.0,0.050868640187102326,nr106.png,7.0,0.05454992335853737,nr8.png,1.0,0.03614350750136218,nr55.png,4.0,0.0645897865533602,nr100.png,7.0,0.05388059914554918,nr57.png,7.0,0.11746639937942707,nr12.png,3.0,0.04250208752474997,nr90.png,5.0,0.024095671667574783,nr3.png,6.0,0.0,nr18.png,6.0,0.10742653618460428,nr21.png,4.0,0.049195329654631866,nr2.png,7.0,0.037816818033832654,nr89.png,2.0,0.0,nr50.png,4.0,0.06291647602088972,nr112.png,5.0,0.046183370696185014,nr11.png,7.0,0.0,nr88.png,16
1543,14.0,119.0,43.0,7.0,4014.0,5.0,0.050868640187102326,nr106.png,7.0,0.05454992335853737,nr8.png,1.0,0.03614350750136218,nr55.png,4.0,0.0645897865533602,nr100.png,7.0,0.05388059914554918,nr57.png,7.0,0.11746639937942707,nr12.png,3.0,0.04250208752474997,nr90.png,5.0,0.024095671667574783,nr3.png,6.0,0.0,nr18.png,6.0,0.10742653618460428,nr21.png,4.0,0.049195329654631866,nr2.png,7.0,0.037816818033832654,nr89.png,2.0,0.0,nr50.png,4.0,0.06291647602088972,nr112.png,5.0,0.046183370696185014,nr11.png,7.0,0.0,nr88.png,16
1544,14.0,119.0,44.0,9.0,4628.0,5.0,0.050868640187102326,nr106.png,7.0,0.05454992335853737,nr8.png,1.0,0.03614350750136218,nr55.png,4.0,0.0645897865533602,nr100.png,7.0,0.05388059914554918,nr57.png,7.0,0.11746639937942707,nr12.png,3.0,0.04250208752474997,nr90.png,5.0,0.024095671667574783,nr3.png,6.0,0.0,nr18.png,6.0,0.10742653618460428,nr21.png,4.0,0.049195329654631866,nr2.png,7.0,0.037816818033832654,nr89.png,2.0,0.0,nr50.png,4.0,0.06291647602088972,nr112.png,5.0,0.046183370696185014,nr11.png,7.0,0.0,nr88.png,16
1545,14.0,119.0,45.0,11.0,4974.0,5.0,0.050868640187102326,nr106.png,7.0,0.05454992335853737,nr8.png,1.0,0.03614350750136218,nr55.png,4.0,0.0645897865533602,nr100.png,7.0,0.05388059914554918,nr57.png,7.0,0.11746639937942707,nr12.png,3.0,0.04250208752474997,nr90.png,5.0,0.024095671667574783,nr3.png,6.0,0.0,nr18.png,6.0,0.10742653618460428,nr21.png,4.0,0.049195329654631866,nr2.png,7.0,0.037816818033832654,nr89.png,2.0,0.0,nr50.png,4.0,0.06291647602088972,nr112.png,5.0,0.046183370696185014,nr11.png,7.0,0.0,nr88.png,16
1546,14.0,119.0,46.0,0.0,6042.0,5.0,0.050868640187102326,nr106.png,7.0,0.05454992335853737,nr8.png,1.0,0.03614350750136218,nr55.png,4.0,0.0645897865533602,nr100.png,7.0,0.05388059914554918,nr57.png,7.0,0.11746639937942707,nr12.png,3.0,0.04250208752474997,nr90.png,5.0,0.024095671667574783,nr3.png,6.0,0.0,nr18.png,6.0,0.10742653618460428,nr21.png,4.0,0.049195329654631866,nr2.png,7.0,0.037816818033832654,nr89.png,2.0,0.0,nr50.png,4.0,0.06291647602088972,nr112.png,5.0,0.046183370696185014,nr11.png,7.0,0.0,nr88.png,16
1547,14.0,119.0,47.0,3.0,3177.0,5.0,0.050868640187102326,nr106.png,7.0,0.05454992335853737,nr8.png,1.0,0.03614350750136218,nr55.png,4.0,0.0645897865533602,nr100.png,7.0,0.05388059914554918,nr57.png,7.0,0.11746639937942707,nr12.png,3.0,0.04250208752474997,nr90.png,5.0,0.024095671667574783,nr3.png,6.0,0.0,nr18.png,6.0,0.10742653618460428,nr21.png,4.0,0.049195329654631866,nr2.png,7.0,0.037816818033832654,nr89.png,2.0,0.0,nr50.png,4.0,0.06291647602088972,nr112.png,5.0,0.046183370696185014,nr11.png,7.0,0.0,nr88.png,16
1548,14.0,119.0,48.0,5.0,4891.0,5.0,0.050868640187102326,nr106.png,7.0,0.05454992335853737,nr8.png,1.0,0.03614350750136218,nr55.png,4.0,0.0645897865533602,nr100.png,7.0,0.05388059914554918,nr57.png,7.0,0.11746639937942707,nr12.png,3.0,0.04250208752474997,nr90.png,5.0,0.024095671667574783,nr3.png,6.0,0.0,nr18.png,6.0,0.10742653618460428,nr21.png,4.0,0.049195329654631866,nr2.png,7.0,0.037816818033832654,nr89.png,2.0,0.0,nr50.png,4.0,0.06291647602088972,nr112.png,5.0,0.046183370696185014,nr11.png,7.0,0.0,nr88.png,16
1549,14.0,119.0,49.0,5.0,5234.0,5.0,0.050868640187102326,nr106.png,7.0,0.05454992335853737,nr8.png,1.0,0.03614350750136218,nr55.png,4.0,0.0645897865533602,nr100.png,7.0,0.05388059914554918,nr57.png,7.0,0.11746639937942707,nr12.png,3.0,0.04250208752474997,nr90.png,5.0,0.024095671667574783,nr3.png,6.0,0.0,nr18.png,6.0,0.10742653618460428,nr21.png,4.0,0.049195329654631866,nr2.png,7.0,0.037816818033832654,nr89.png,2.0,0.0,nr50.png,4.0,0.06291647602088972,nr112.png,5.0,0.046183370696185014,nr11.png,7.0,0.0,nr88.png,16
1550,14.0,124.0,0.0,14.0,5383.0,7.0,0.0,nr10.png,1.0,0.0,nr72.png,7.0,0.0,nr63.png,4.0,0.0,nr111.png,1.0,0.0,nr92.png,2.0,0.0,nr85.png,5.0,0.01604158785072506,nr76.png,5.0,0.054006679097441036,nr14.png,5.0,0.19945040894401486,nr96.png,4.0,0.0,nr113.png,7.0,0.0,nr107.png,7.0,0.0459858851720785,nr46.png,6.0,0.10427032102971287,nr53.png,5.0,0.14223541227642886,nr80.png,7.0,0.10533976021976124,nr27.png,3.0,0.05240252031236853,nr19.png,16
1551,14.0,124.0,1.0,11.0,6082.0,7.0,0.0,nr10.png,1.0,0.0,nr72.png,7.0,0.0,nr63.png,4.0,0.0,nr111.png,1.0,0.0,nr92.png,2.0,0.0,nr85.png,5.0,0.01604158785072506,nr76.png,5.0,0.054006679097441036,nr14.png,5.0,0.19945040894401486,nr96.png,4.0,0.0,nr113.png,7.0,0.0,nr107.png,7.0,0.0459858851720785,nr46.png,6.0,0.10427032102971287,nr53.png,5.0,0.14223541227642886,nr80.png,7.0,0.10533976021976124,nr27.png,3.0,0.05240252031236853,nr19.png,16
1552,14.0,124.0,2.0,11.0,3420.0,7.0,0.0,nr10.png,1.0,0.0,nr72.png,7.0,0.0,nr63.png,4.0,0.0,nr111.png,1.0,0.0,nr92.png,2.0,0.0,nr85.png,5.0,0.01604158785072506,nr76.png,5.0,0.054006679097441036,nr14.png,5.0,0.19945040894401486,nr96.png,4.0,0.0,nr113.png,7.0,0.0,nr107.png,7.0,0.0459858851720785,nr46.png,6.0,0.10427032102971287,nr53.png,5.0,0.14223541227642886,nr80.png,7.0,0.10533976021976124,nr27.png,3.0,0.05240252031236853,nr19.png,16
1553,14.0,124.0,3.0,12.0,3751.0,7.0,0.0,nr10.png,1.0,0.0,nr72.png,7.0,0.0,nr63.png,4.0,0.0,nr111.png,1.0,0.0,nr92.png,2.0,0.0,nr85.png,5.0,0.01604158785072506,nr76.png,5.0,0.054006679097441036,nr14.png,5.0,0.19945040894401486,nr96.png,4.0,0.0,nr113.png,7.0,0.0,nr107.png,7.0,0.0459858851720785,nr46.png,6.0,0.10427032102971287,nr53.png,5.0,0.14223541227642886,nr80.png,7.0,0.10533976021976124,nr27.png,3.0,0.05240252031236853,nr19.png,16
1554,14.0,124.0,4.0,11.0,3967.0,7.0,0.0,nr10.png,1.0,0.0,nr72.png,7.0,0.0,nr63.png,4.0,0.0,nr111.png,1.0,0.0,nr92.png,2.0,0.0,nr85.png,5.0,0.01604158785072506,nr76.png,5.0,0.054006679097441036,nr14.png,5.0,0.19945040894401486,nr96.png,4.0,0.0,nr113.png,7.0,0.0,nr107.png,7.0,0.0459858851720785,nr46.png,6.0,0.10427032102971287,nr53.png,5.0,0.14223541227642886,nr80.png,7.0,0.10533976021976124,nr27.png,3.0,0.05240252031236853,nr19.png,16
1555,14.0,124.0,5.0,14.0,4227.0,7.0,0.0,nr10.png,1.0,0.0,nr72.png,7.0,0.0,nr63.png,4.0,0.0,nr111.png,1.0,0.0,nr92.png,2.0,0.0,nr85.png,5.0,0.01604158785072506,nr76.png,5.0,0.054006679097441036,nr14.png,5.0,0.19945040894401486,nr96.png,4.0,0.0,nr113.png,7.0,0.0,nr107.png,7.0,0.0459858851720785,nr46.png,6.0,0.10427032102971287,nr53.png,5.0,0.14223541227642886,nr80.png,7.0,0.10533976021976124,nr27.png,3.0,0.05240252031236853,nr19.png,16
1556,14.0,124.0,6.0,14.0,5814.0,7.0,0.0,nr10.png,1.0,0.0,nr72.png,7.0,0.0,nr63.png,4.0,0.0,nr111.png,1.0,0.0,nr92.png,2.0,0.0,nr85.png,5.0,0.01604158785072506,nr76.png,5.0,0.054006679097441036,nr14.png,5.0,0.19945040894401486,nr96.png,4.0,0.0,nr113.png,7.0,0.0,nr107.png,7.0,0.0459858851720785,nr46.png,6.0,0.10427032102971287,nr53.png,5.0,0.14223541227642886,nr80.png,7.0,0.10533976021976124,nr27.png,3.0,0.05240252031236853,nr19.png,16
1557,14.0,124.0,7.0,2.0,6113.0,7.0,0.0,nr10.png,1.0,0.0,nr72.png,7.0,0.0,nr63.png,4.0,0.0,nr111.png,1.0,0.0,nr92.png,2.0,0.0,nr85.png,5.0,0.01604158785072506,nr76.png,5.0,0.054006679097441036,nr14.png,5.0,0.19945040894401486,nr96.png,4.0,0.0,nr113.png,7.0,0.0,nr107.png,7.0,0.0459858851720785,nr46.png,6.0,0.10427032102971287,nr53.png,5.0,0.14223541227642886,nr80.png,7.0,0.10533976021976124,nr27.png,3.0,0.05240252031236853,nr19.png,16
1558,14.0,124.0,8.0,2.0,4662.0,7.0,0.0,nr10.png,1.0,0.0,nr72.png,7.0,0.0,nr63.png,4.0,0.0,nr111.png,1.0,0.0,nr92.png,2.0,0.0,nr85.png,5.0,0.01604158785072506,nr76.png,5.0,0.054006679097441036,nr14.png,5.0,0.19945040894401486,nr96.png,4.0,0.0,nr113.png,7.0,0.0,nr107.png,7.0,0.0459858851720785,nr46.png,6.0,0.10427032102971287,nr53.png,5.0,0.14223541227642886,nr80.png,7.0,0.10533976021976124,nr27.png,3.0,0.05240252031236853,nr19.png,16
1559,14.0,124.0,9.0,2.0,3198.0,7.0,0.0,nr10.png,1.0,0.0,nr72.png,7.0,0.0,nr63.png,4.0,0.0,nr111.png,1.0,0.0,nr92.png,2.0,0.0,nr85.png,5.0,0.01604158785072506,nr76.png,5.0,0.054006679097441036,nr14.png,5.0,0.19945040894401486,nr96.png,4.0,0.0,nr113.png,7.0,0.0,nr107.png,7.0,0.0459858851720785,nr46.png,6.0,0.10427032102971287,nr53.png,5.0,0.14223541227642886,nr80.png,7.0,0.10533976021976124,nr27.png,3.0,0.05240252031236853,nr19.png,16
1560,14.0,124.0,10.0,7.0,4647.0,7.0,0.0,nr10.png,1.0,0.0,nr72.png,7.0,0.0,nr63.png,4.0,0.0,nr111.png,1.0,0.0,nr92.png,2.0,0.0,nr85.png,5.0,0.01604158785072506,nr76.png,5.0,0.054006679097441036,nr14.png,5.0,0.19945040894401486,nr96.png,4.0,0.0,nr113.png,7.0,0.0,nr107.png,7.0,0.0459858851720785,nr46.png,6.0,0.10427032102971287,nr53.png,5.0,0.14223541227642886,nr80.png,7.0,0.10533976021976124,nr27.png,3.0,0.05240252031236853,nr19.png,16
1561,14.0,124.0,11.0,12.0,2468.0,7.0,0.0,nr10.png,1.0,0.0,nr72.png,7.0,0.0,nr63.png,4.0,0.0,nr111.png,1.0,0.0,nr92.png,2.0,0.0,nr85.png,5.0,0.01604158785072506,nr76.png,5.0,0.054006679097441036,nr14.png,5.0,0.19945040894401486,nr96.png,4.0,0.0,nr113.png,7.0,0.0,nr107.png,7.0,0.0459858851720785,nr46.png,6.0,0.10427032102971287,nr53.png,5.0,0.14223541227642886,nr80.png,7.0,0.10533976021976124,nr27.png,3.0,0.05240252031236853,nr19.png,16
1562,14.0,124.0,12.0,10.0,2622.0,7.0,0.0,nr10.png,1.0,0.0,nr72.png,7.0,0.0,nr63.png,4.0,0.0,nr111.png,1.0,0.0,nr92.png,2.0,0.0,nr85.png,5.0,0.01604158785072506,nr76.png,5.0,0.054006679097441036,nr14.png,5.0,0.19945040894401486,nr96.png,4.0,0.0,nr113.png,7.0,0.0,nr107.png,7.0,0.0459858851720785,nr46.png,6.0,0.10427032102971287,nr53.png,5.0,0.14223541227642886,nr80.png,7.0,0.10533976021976124,nr27.png,3.0,0.05240252031236853,nr19.png,16
1563,14.0,124.0,13.0,14.0,4303.0,7.0,0.0,nr10.png,1.0,0.0,nr72.png,7.0,0.0,nr63.png,4.0,0.0,nr111.png,1.0,0.0,nr92.png,2.0,0.0,nr85.png,5.0,0.01604158785072506,nr76.png,5.0,0.054006679097441036,nr14.png,5.0,0.19945040894401486,nr96.png,4.0,0.0,nr113.png,7.0,0.0,nr107.png,7.0,0.0459858851720785,nr46.png,6.0,0.10427032102971287,nr53.png,5.0,0.14223541227642886,nr80.png,7.0,0.10533976021976124,nr27.png,3.0,0.05240252031236853,nr19.png,16
1564,14.0,124.0,14.0,11.0,3568.0,7.0,0.0,nr10.png,1.0,0.0,nr72.png,7.0,0.0,nr63.png,4.0,0.0,nr111.png,1.0,0.0,nr92.png,2.0,0.0,nr85.png,5.0,0.01604158785072506,nr76.png,5.0,0.054006679097441036,nr14.png,5.0,0.19945040894401486,nr96.png,4.0,0.0,nr113.png,7.0,0.0,nr107.png,7.0,0.0459858851720785,nr46.png,6.0,0.10427032102971287,nr53.png,5.0,0.14223541227642886,nr80.png,7.0,0.10533976021976124,nr27.png,3.0,0.05240252031236853,nr19.png,16
1565,14.0,124.0,15.0,11.0,4213.0,7.0,0.0,nr10.png,1.0,0.0,nr72.png,7.0,0.0,nr63.png,4.0,0.0,nr111.png,1.0,0.0,nr92.png,2.0,0.0,nr85.png,5.0,0.01604158785072506,nr76.png,5.0,0.054006679097441036,nr14.png,5.0,0.19945040894401486,nr96.png,4.0,0.0,nr113.png,7.0,0.0,nr107.png,7.0,0.0459858851720785,nr46.png,6.0,0.10427032102971287,nr53.png,5.0,0.14223541227642886,nr80.png,7.0,0.10533976021976124,nr27.png,3.0,0.05240252031236853,nr19.png,16
1566,14.0,124.0,16.0,8.0,5478.0,7.0,0.0,nr10.png,1.0,0.0,nr72.png,7.0,0.0,nr63.png,4.0,0.0,nr111.png,1.0,0.0,nr92.png,2.0,0.0,nr85.png,5.0,0.01604158785072506,nr76.png,5.0,0.054006679097441036,nr14.png,5.0,0.19945040894401486,nr96.png,4.0,0.0,nr113.png,7.0,0.0,nr107.png,7.0,0.0459858851720785,nr46.png,6.0,0.10427032102971287,nr53.png,5.0,0.14223541227642886,nr80.png,7.0,0.10533976021976124,nr27.png,3.0,0.05240252031236853,nr19.png,16
1567,14.0,124.0,17.0,11.0,4146.0,7.0,0.0,nr10.png,1.0,0.0,nr72.png,7.0,0.0,nr63.png,4.0,0.0,nr111.png,1.0,0.0,nr92.png,2.0,0.0,nr85.png,5.0,0.01604158785072506,nr76.png,5.0,0.054006679097441036,nr14.png,5.0,0.19945040894401486,nr96.png,4.0,0.0,nr113.png,7.0,0.0,nr107.png,7.0,0.0459858851720785,nr46.png,6.0,0.10427032102971287,nr53.png,5.0,0.14223541227642886,nr80.png,7.0,0.10533976021976124,nr27.png,3.0,0.05240252031236853,nr19.png,16
1568,14.0,124.0,18.0,11.0,3182.0,7.0,0.0,nr10.png,1.0,0.0,nr72.png,7.0,0.0,nr63.png,4.0,0.0,nr111.png,1.0,0.0,nr92.png,2.0,0.0,nr85.png,5.0,0.01604158785072506,nr76.png,5.0,0.054006679097441036,nr14.png,5.0,0.19945040894401486,nr96.png,4.0,0.0,nr113.png,7.0,0.0,nr107.png,7.0,0.0459858851720785,nr46.png,6.0,0.10427032102971287,nr53.png,5.0,0.14223541227642886,nr80.png,7.0,0.10533976021976124,nr27.png,3.0,0.05240252031236853,nr19.png,16
1569,14.0,124.0,19.0,2.0,5822.0,7.0,0.0,nr10.png,1.0,0.0,nr72.png,7.0,0.0,nr63.png,4.0,0.0,nr111.png,1.0,0.0,nr92.png,2.0,0.0,nr85.png,5.0,0.01604158785072506,nr76.png,5.0,0.054006679097441036,nr14.png,5.0,0.19945040894401486,nr96.png,4.0,0.0,nr113.png,7.0,0.0,nr107.png,7.0,0.0459858851720785,nr46.png,6.0,0.10427032102971287,nr53.png,5.0,0.14223541227642886,nr80.png,7.0,0.10533976021976124,nr27.png,3.0,0.05240252031236853,nr19.png,16
1570,14.0,124.0,20.0,11.0,4423.0,7.0,0.0,nr10.png,1.0,0.0,nr72.png,7.0,0.0,nr63.png,4.0,0.0,nr111.png,1.0,0.0,nr92.png,2.0,0.0,nr85.png,5.0,0.01604158785072506,nr76.png,5.0,0.054006679097441036,nr14.png,5.0,0.19945040894401486,nr96.png,4.0,0.0,nr113.png,7.0,0.0,nr107.png,7.0,0.0459858851720785,nr46.png,6.0,0.10427032102971287,nr53.png,5.0,0.14223541227642886,nr80.png,7.0,0.10533976021976124,nr27.png,3.0,0.05240252031236853,nr19.png,16
1571,14.0,124.0,21.0,11.0,5028.0,7.0,0.0,nr10.png,1.0,0.0,nr72.png,7.0,0.0,nr63.png,4.0,0.0,nr111.png,1.0,0.0,nr92.png,2.0,0.0,nr85.png,5.0,0.01604158785072506,nr76.png,5.0,0.054006679097441036,nr14.png,5.0,0.19945040894401486,nr96.png,4.0,0.0,nr113.png,7.0,0.0,nr107.png,7.0,0.0459858851720785,nr46.png,6.0,0.10427032102971287,nr53.png,5.0,0.14223541227642886,nr80.png,7.0,0.10533976021976124,nr27.png,3.0,0.05240252031236853,nr19.png,16
1572,14.0,124.0,22.0,0.0,5830.0,7.0,0.0,nr10.png,1.0,0.0,nr72.png,7.0,0.0,nr63.png,4.0,0.0,nr111.png,1.0,0.0,nr92.png,2.0,0.0,nr85.png,5.0,0.01604158785072506,nr76.png,5.0,0.054006679097441036,nr14.png,5.0,0.19945040894401486,nr96.png,4.0,0.0,nr113.png,7.0,0.0,nr107.png,7.0,0.0459858851720785,nr46.png,6.0,0.10427032102971287,nr53.png,5.0,0.14223541227642886,nr80.png,7.0,0.10533976021976124,nr27.png,3.0,0.05240252031236853,nr19.png,16
1573,14.0,124.0,23.0,10.0,4280.0,7.0,0.0,nr10.png,1.0,0.0,nr72.png,7.0,0.0,nr63.png,4.0,0.0,nr111.png,1.0,0.0,nr92.png,2.0,0.0,nr85.png,5.0,0.01604158785072506,nr76.png,5.0,0.054006679097441036,nr14.png,5.0,0.19945040894401486,nr96.png,4.0,0.0,nr113.png,7.0,0.0,nr107.png,7.0,0.0459858851720785,nr46.png,6.0,0.10427032102971287,nr53.png,5.0,0.14223541227642886,nr80.png,7.0,0.10533976021976124,nr27.png,3.0,0.05240252031236853,nr19.png,16
1574,14.0,124.0,24.0,0.0,5124.0,7.0,0.0,nr10.png,1.0,0.0,nr72.png,7.0,0.0,nr63.png,4.0,0.0,nr111.png,1.0,0.0,nr92.png,2.0,0.0,nr85.png,5.0,0.01604158785072506,nr76.png,5.0,0.054006679097441036,nr14.png,5.0,0.19945040894401486,nr96.png,4.0,0.0,nr113.png,7.0,0.0,nr107.png,7.0,0.0459858851720785,nr46.png,6.0,0.10427032102971287,nr53.png,5.0,0.14223541227642886,nr80.png,7.0,0.10533976021976124,nr27.png,3.0,0.05240252031236853,nr19.png,16
1575,14.0,124.0,25.0,11.0,4541.0,7.0,0.0,nr10.png,1.0,0.0,nr72.png,7.0,0.0,nr63.png,4.0,0.0,nr111.png,1.0,0.0,nr92.png,2.0,0.0,nr85.png,5.0,0.01604158785072506,nr76.png,5.0,0.054006679097441036,nr14.png,5.0,0.19945040894401486,nr96.png,4.0,0.0,nr113.png,7.0,0.0,nr107.png,7.0,0.0459858851720785,nr46.png,6.0,0.10427032102971287,nr53.png,5.0,0.14223541227642886,nr80.png,7.0,0.10533976021976124,nr27.png,3.0,0.05240252031236853,nr19.png,16
1576,14.0,124.0,26.0,14.0,3382.0,7.0,0.0,nr10.png,1.0,0.0,nr72.png,7.0,0.0,nr63.png,4.0,0.0,nr111.png,1.0,0.0,nr92.png,2.0,0.0,nr85.png,5.0,0.01604158785072506,nr76.png,5.0,0.054006679097441036,nr14.png,5.0,0.19945040894401486,nr96.png,4.0,0.0,nr113.png,7.0,0.0,nr107.png,7.0,0.0459858851720785,nr46.png,6.0,0.10427032102971287,nr53.png,5.0,0.14223541227642886,nr80.png,7.0,0.10533976021976124,nr27.png,3.0,0.05240252031236853,nr19.png,16
1577,14.0,124.0,27.0,15.0,6905.0,7.0,0.0,nr10.png,1.0,0.0,nr72.png,7.0,0.0,nr63.png,4.0,0.0,nr111.png,1.0,0.0,nr92.png,2.0,0.0,nr85.png,5.0,0.01604158785072506,nr76.png,5.0,0.054006679097441036,nr14.png,5.0,0.19945040894401486,nr96.png,4.0,0.0,nr113.png,7.0,0.0,nr107.png,7.0,0.0459858851720785,nr46.png,6.0,0.10427032102971287,nr53.png,5.0,0.14223541227642886,nr80.png,7.0,0.10533976021976124,nr27.png,3.0,0.05240252031236853,nr19.png,16
1578,14.0,124.0,28.0,12.0,6664.0,7.0,0.0,nr10.png,1.0,0.0,nr72.png,7.0,0.0,nr63.png,4.0,0.0,nr111.png,1.0,0.0,nr92.png,2.0,0.0,nr85.png,5.0,0.01604158785072506,nr76.png,5.0,0.054006679097441036,nr14.png,5.0,0.19945040894401486,nr96.png,4.0,0.0,nr113.png,7.0,0.0,nr107.png,7.0,0.0459858851720785,nr46.png,6.0,0.10427032102971287,nr53.png,5.0,0.14223541227642886,nr80.png,7.0,0.10533976021976124,nr27.png,3.0,0.05240252031236853,nr19.png,16
1579,14.0,124.0,29.0,13.0,4274.0,7.0,0.0,nr10.png,1.0,0.0,nr72.png,7.0,0.0,nr63.png,4.0,0.0,nr111.png,1.0,0.0,nr92.png,2.0,0.0,nr85.png,5.0,0.01604158785072506,nr76.png,5.0,0.054006679097441036,nr14.png,5.0,0.19945040894401486,nr96.png,4.0,0.0,nr113.png,7.0,0.0,nr107.png,7.0,0.0459858851720785,nr46.png,6.0,0.10427032102971287,nr53.png,5.0,0.14223541227642886,nr80.png,7.0,0.10533976021976124,nr27.png,3.0,0.05240252031236853,nr19.png,16
1580,14.0,124.0,30.0,14.0,4938.0,7.0,0.0,nr10.png,1.0,0.0,nr72.png,7.0,0.0,nr63.png,4.0,0.0,nr111.png,1.0,0.0,nr92.png,2.0,0.0,nr85.png,5.0,0.01604158785072506,nr76.png,5.0,0.054006679097441036,nr14.png,5.0,0.19945040894401486,nr96.png,4.0,0.0,nr113.png,7.0,0.0,nr107.png,7.0,0.0459858851720785,nr46.png,6.0,0.10427032102971287,nr53.png,5.0,0.14223541227642886,nr80.png,7.0,0.10533976021976124,nr27.png,3.0,0.05240252031236853,nr19.png,16
1581,14.0,124.0,31.0,10.0,2790.0,7.0,0.0,nr10.png,1.0,0.0,nr72.png,7.0,0.0,nr63.png,4.0,0.0,nr111.png,1.0,0.0,nr92.png,2.0,0.0,nr85.png,5.0,0.01604158785072506,nr76.png,5.0,0.054006679097441036,nr14.png,5.0,0.19945040894401486,nr96.png,4.0,0.0,nr113.png,7.0,0.0,nr107.png,7.0,0.0459858851720785,nr46.png,6.0,0.10427032102971287,nr53.png,5.0,0.14223541227642886,nr80.png,7.0,0.10533976021976124,nr27.png,3.0,0.05240252031236853,nr19.png,16
1582,14.0,124.0,32.0,3.0,4332.0,7.0,0.0,nr10.png,1.0,0.0,nr72.png,7.0,0.0,nr63.png,4.0,0.0,nr111.png,1.0,0.0,nr92.png,2.0,0.0,nr85.png,5.0,0.01604158785072506,nr76.png,5.0,0.054006679097441036,nr14.png,5.0,0.19945040894401486,nr96.png,4.0,0.0,nr113.png,7.0,0.0,nr107.png,7.0,0.0459858851720785,nr46.png,6.0,0.10427032102971287,nr53.png,5.0,0.14223541227642886,nr80.png,7.0,0.10533976021976124,nr27.png,3.0,0.05240252031236853,nr19.png,16
1583,14.0,124.0,33.0,12.0,2443.0,7.0,0.0,nr10.png,1.0,0.0,nr72.png,7.0,0.0,nr63.png,4.0,0.0,nr111.png,1.0,0.0,nr92.png,2.0,0.0,nr85.png,5.0,0.01604158785072506,nr76.png,5.0,0.054006679097441036,nr14.png,5.0,0.19945040894401486,nr96.png,4.0,0.0,nr113.png,7.0,0.0,nr107.png,7.0,0.0459858851720785,nr46.png,6.0,0.10427032102971287,nr53.png,5.0,0.14223541227642886,nr80.png,7.0,0.10533976021976124,nr27.png,3.0,0.05240252031236853,nr19.png,16
1584,14.0,124.0,34.0,14.0,4075.0,7.0,0.0,nr10.png,1.0,0.0,nr72.png,7.0,0.0,nr63.png,4.0,0.0,nr111.png,1.0,0.0,nr92.png,2.0,0.0,nr85.png,5.0,0.01604158785072506,nr76.png,5.0,0.054006679097441036,nr14.png,5.0,0.19945040894401486,nr96.png,4.0,0.0,nr113.png,7.0,0.0,nr107.png,7.0,0.0459858851720785,nr46.png,6.0,0.10427032102971287,nr53.png,5.0,0.14223541227642886,nr80.png,7.0,0.10533976021976124,nr27.png,3.0,0.05240252031236853,nr19.png,16
1585,14.0,124.0,35.0,10.0,3192.0,7.0,0.0,nr10.png,1.0,0.0,nr72.png,7.0,0.0,nr63.png,4.0,0.0,nr111.png,1.0,0.0,nr92.png,2.0,0.0,nr85.png,5.0,0.01604158785072506,nr76.png,5.0,0.054006679097441036,nr14.png,5.0,0.19945040894401486,nr96.png,4.0,0.0,nr113.png,7.0,0.0,nr107.png,7.0,0.0459858851720785,nr46.png,6.0,0.10427032102971287,nr53.png,5.0,0.14223541227642886,nr80.png,7.0,0.10533976021976124,nr27.png,3.0,0.05240252031236853,nr19.png,16
1586,14.0,124.0,36.0,14.0,3304.0,7.0,0.0,nr10.png,1.0,0.0,nr72.png,7.0,0.0,nr63.png,4.0,0.0,nr111.png,1.0,0.0,nr92.png,2.0,0.0,nr85.png,5.0,0.01604158785072506,nr76.png,5.0,0.054006679097441036,nr14.png,5.0,0.19945040894401486,nr96.png,4.0,0.0,nr113.png,7.0,0.0,nr107.png,7.0,0.0459858851720785,nr46.png,6.0,0.10427032102971287,nr53.png,5.0,0.14223541227642886,nr80.png,7.0,0.10533976021976124,nr27.png,3.0,0.05240252031236853,nr19.png,16
1587,14.0,124.0,37.0,11.0,4366.0,7.0,0.0,nr10.png,1.0,0.0,nr72.png,7.0,0.0,nr63.png,4.0,0.0,nr111.png,1.0,0.0,nr92.png,2.0,0.0,nr85.png,5.0,0.01604158785072506,nr76.png,5.0,0.054006679097441036,nr14.png,5.0,0.19945040894401486,nr96.png,4.0,0.0,nr113.png,7.0,0.0,nr107.png,7.0,0.0459858851720785,nr46.png,6.0,0.10427032102971287,nr53.png,5.0,0.14223541227642886,nr80.png,7.0,0.10533976021976124,nr27.png,3.0,0.05240252031236853,nr19.png,16
1588,14.0,124.0,38.0,0.0,3560.0,7.0,0.0,nr10.png,1.0,0.0,nr72.png,7.0,0.0,nr63.png,4.0,0.0,nr111.png,1.0,0.0,nr92.png,2.0,0.0,nr85.png,5.0,0.01604158785072506,nr76.png,5.0,0.054006679097441036,nr14.png,5.0,0.19945040894401486,nr96.png,4.0,0.0,nr113.png,7.0,0.0,nr107.png,7.0,0.0459858851720785,nr46.png,6.0,0.10427032102971287,nr53.png,5.0,0.14223541227642886,nr80.png,7.0,0.10533976021976124,nr27.png,3.0,0.05240252031236853,nr19.png,16
1589,14.0,124.0,39.0,7.0,5300.0,7.0,0.0,nr10.png,1.0,0.0,nr72.png,7.0,0.0,nr63.png,4.0,0.0,nr111.png,1.0,0.0,nr92.png,2.0,0.0,nr85.png,5.0,0.01604158785072506,nr76.png,5.0,0.054006679097441036,nr14.png,5.0,0.19945040894401486,nr96.png,4.0,0.0,nr113.png,7.0,0.0,nr107.png,7.0,0.0459858851720785,nr46.png,6.0,0.10427032102971287,nr53.png,5.0,0.14223541227642886,nr80.png,7.0,0.10533976021976124,nr27.png,3.0,0.05240252031236853,nr19.png,16
1590,14.0,124.0,40.0,10.0,2176.0,7.0,0.0,nr10.png,1.0,0.0,nr72.png,7.0,0.0,nr63.png,4.0,0.0,nr111.png,1.0,0.0,nr92.png,2.0,0.0,nr85.png,5.0,0.01604158785072506,nr76.png,5.0,0.054006679097441036,nr14.png,5.0,0.19945040894401486,nr96.png,4.0,0.0,nr113.png,7.0,0.0,nr107.png,7.0,0.0459858851720785,nr46.png,6.0,0.10427032102971287,nr53.png,5.0,0.14223541227642886,nr80.png,7.0,0.10533976021976124,nr27.png,3.0,0.05240252031236853,nr19.png,16
1591,14.0,124.0,41.0,14.0,6773.0,7.0,0.0,nr10.png,1.0,0.0,nr72.png,7.0,0.0,nr63.png,4.0,0.0,nr111.png,1.0,0.0,nr92.png,2.0,0.0,nr85.png,5.0,0.01604158785072506,nr76.png,5.0,0.054006679097441036,nr14.png,5.0,0.19945040894401486,nr96.png,4.0,0.0,nr113.png,7.0,0.0,nr107.png,7.0,0.0459858851720785,nr46.png,6.0,0.10427032102971287,nr53.png,5.0,0.14223541227642886,nr80.png,7.0,0.10533976021976124,nr27.png,3.0,0.05240252031236853,nr19.png,16
1592,14.0,124.0,42.0,15.0,5422.0,7.0,0.0,nr10.png,1.0,0.0,nr72.png,7.0,0.0,nr63.png,4.0,0.0,nr111.png,1.0,0.0,nr92.png,2.0,0.0,nr85.png,5.0,0.01604158785072506,nr76.png,5.0,0.054006679097441036,nr14.png,5.0,0.19945040894401486,nr96.png,4.0,0.0,nr113.png,7.0,0.0,nr107.png,7.0,0.0459858851720785,nr46.png,6.0,0.10427032102971287,nr53.png,5.0,0.14223541227642886,nr80.png,7.0,0.10533976021976124,nr27.png,3.0,0.05240252031236853,nr19.png,16
1593,14.0,124.0,43.0,14.0,3331.0,7.0,0.0,nr10.png,1.0,0.0,nr72.png,7.0,0.0,nr63.png,4.0,0.0,nr111.png,1.0,0.0,nr92.png,2.0,0.0,nr85.png,5.0,0.01604158785072506,nr76.png,5.0,0.054006679097441036,nr14.png,5.0,0.19945040894401486,nr96.png,4.0,0.0,nr113.png,7.0,0.0,nr107.png,7.0,0.0459858851720785,nr46.png,6.0,0.10427032102971287,nr53.png,5.0,0.14223541227642886,nr80.png,7.0,0.10533976021976124,nr27.png,3.0,0.05240252031236853,nr19.png,16
1594,14.0,124.0,44.0,11.0,3682.0,7.0,0.0,nr10.png,1.0,0.0,nr72.png,7.0,0.0,nr63.png,4.0,0.0,nr111.png,1.0,0.0,nr92.png,2.0,0.0,nr85.png,5.0,0.01604158785072506,nr76.png,5.0,0.054006679097441036,nr14.png,5.0,0.19945040894401486,nr96.png,4.0,0.0,nr113.png,7.0,0.0,nr107.png,7.0,0.0459858851720785,nr46.png,6.0,0.10427032102971287,nr53.png,5.0,0.14223541227642886,nr80.png,7.0,0.10533976021976124,nr27.png,3.0,0.05240252031236853,nr19.png,16
1595,14.0,124.0,45.0,12.0,3817.0,7.0,0.0,nr10.png,1.0,0.0,nr72.png,7.0,0.0,nr63.png,4.0,0.0,nr111.png,1.0,0.0,nr92.png,2.0,0.0,nr85.png,5.0,0.01604158785072506,nr76.png,5.0,0.054006679097441036,nr14.png,5.0,0.19945040894401486,nr96.png,4.0,0.0,nr113.png,7.0,0.0,nr107.png,7.0,0.0459858851720785,nr46.png,6.0,0.10427032102971287,nr53.png,5.0,0.14223541227642886,nr80.png,7.0,0.10533976021976124,nr27.png,3.0,0.05240252031236853,nr19.png,16
1596,14.0,124.0,46.0,8.0,5416.0,7.0,0.0,nr10.png,1.0,0.0,nr72.png,7.0,0.0,nr63.png,4.0,0.0,nr111.png,1.0,0.0,nr92.png,2.0,0.0,nr85.png,5.0,0.01604158785072506,nr76.png,5.0,0.054006679097441036,nr14.png,5.0,0.19945040894401486,nr96.png,4.0,0.0,nr113.png,7.0,0.0,nr107.png,7.0,0.0459858851720785,nr46.png,6.0,0.10427032102971287,nr53.png,5.0,0.14223541227642886,nr80.png,7.0,0.10533976021976124,nr27.png,3.0,0.05240252031236853,nr19.png,16
1597,14.0,124.0,47.0,0.0,6080.0,7.0,0.0,nr10.png,1.0,0.0,nr72.png,7.0,0.0,nr63.png,4.0,0.0,nr111.png,1.0,0.0,nr92.png,2.0,0.0,nr85.png,5.0,0.01604158785072506,nr76.png,5.0,0.054006679097441036,nr14.png,5.0,0.19945040894401486,nr96.png,4.0,0.0,nr113.png,7.0,0.0,nr107.png,7.0,0.0459858851720785,nr46.png,6.0,0.10427032102971287,nr53.png,5.0,0.14223541227642886,nr80.png,7.0,0.10533976021976124,nr27.png,3.0,0.05240252031236853,nr19.png,16
1598,14.0,124.0,48.0,6.0,4759.0,7.0,0.0,nr10.png,1.0,0.0,nr72.png,7.0,0.0,nr63.png,4.0,0.0,nr111.png,1.0,0.0,nr92.png,2.0,0.0,nr85.png,5.0,0.01604158785072506,nr76.png,5.0,0.054006679097441036,nr14.png,5.0,0.19945040894401486,nr96.png,4.0,0.0,nr113.png,7.0,0.0,nr107.png,7.0,0.0459858851720785,nr46.png,6.0,0.10427032102971287,nr53.png,5.0,0.14223541227642886,nr80.png,7.0,0.10533976021976124,nr27.png,3.0,0.05240252031236853,nr19.png,16
1599,14.0,124.0,49.0,8.0,3902.0,7.0,0.0,nr10.png,1.0,0.0,nr72.png,7.0,0.0,nr63.png,4.0,0.0,nr111.png,1.0,0.0,nr92.png,2.0,0.0,nr85.png,5.0,0.01604158785072506,nr76.png,5.0,0.054006679097441036,nr14.png,5.0,0.19945040894401486,nr96.png,4.0,0.0,nr113.png,7.0,0.0,nr107.png,7.0,0.0459858851720785,nr46.png,6.0,0.10427032102971287,nr53.png,5.0,0.14223541227642886,nr80.png,7.0,0.10533976021976124,nr27.png,3.0,0.05240252031236853,nr19.png,16
1600,14.0,135.0,0.0,13.0,6339.0,7.0,0.061717354472518186,nr8.png,4.0,0.0,nr113.png,7.0,0.0,nr88.png,5.0,0.04346292568487197,nr114.png,7.0,0.06693290555470283,nr39.png,7.0,0.17385170273948786,nr62.png,2.0,0.02781627243831805,nr4.png,5.0,0.046505330482812995,nr125.png,7.0,0.0,nr81.png,6.0,0.0,nr31.png,6.0,0.08692585136974393,nr83.png,1.0,0.11256897752381838,nr101.png,5.0,0.0,nr14.png,7.0,0.03868200385953605,nr79.png,6.0,0.0,nr87.png,7.0,0.06258661298621562,nr63.png,16
1601,14.0,135.0,1.0,5.0,4261.0,7.0,0.061717354472518186,nr8.png,4.0,0.0,nr113.png,7.0,0.0,nr88.png,5.0,0.04346292568487197,nr114.png,7.0,0.06693290555470283,nr39.png,7.0,0.17385170273948786,nr62.png,2.0,0.02781627243831805,nr4.png,5.0,0.046505330482812995,nr125.png,7.0,0.0,nr81.png,6.0,0.0,nr31.png,6.0,0.08692585136974393,nr83.png,1.0,0.11256897752381838,nr101.png,5.0,0.0,nr14.png,7.0,0.03868200385953605,nr79.png,6.0,0.0,nr87.png,7.0,0.06258661298621562,nr63.png,16
1602,14.0,135.0,2.0,15.0,4551.0,7.0,0.061717354472518186,nr8.png,4.0,0.0,nr113.png,7.0,0.0,nr88.png,5.0,0.04346292568487197,nr114.png,7.0,0.06693290555470283,nr39.png,7.0,0.17385170273948786,nr62.png,2.0,0.02781627243831805,nr4.png,5.0,0.046505330482812995,nr125.png,7.0,0.0,nr81.png,6.0,0.0,nr31.png,6.0,0.08692585136974393,nr83.png,1.0,0.11256897752381838,nr101.png,5.0,0.0,nr14.png,7.0,0.03868200385953605,nr79.png,6.0,0.0,nr87.png,7.0,0.06258661298621562,nr63.png,16
1603,14.0,135.0,3.0,13.0,3651.0,7.0,0.061717354472518186,nr8.png,4.0,0.0,nr113.png,7.0,0.0,nr88.png,5.0,0.04346292568487197,nr114.png,7.0,0.06693290555470283,nr39.png,7.0,0.17385170273948786,nr62.png,2.0,0.02781627243831805,nr4.png,5.0,0.046505330482812995,nr125.png,7.0,0.0,nr81.png,6.0,0.0,nr31.png,6.0,0.08692585136974393,nr83.png,1.0,0.11256897752381838,nr101.png,5.0,0.0,nr14.png,7.0,0.03868200385953605,nr79.png,6.0,0.0,nr87.png,7.0,0.06258661298621562,nr63.png,16
1604,14.0,135.0,4.0,5.0,3216.0,7.0,0.061717354472518186,nr8.png,4.0,0.0,nr113.png,7.0,0.0,nr88.png,5.0,0.04346292568487197,nr114.png,7.0,0.06693290555470283,nr39.png,7.0,0.17385170273948786,nr62.png,2.0,0.02781627243831805,nr4.png,5.0,0.046505330482812995,nr125.png,7.0,0.0,nr81.png,6.0,0.0,nr31.png,6.0,0.08692585136974393,nr83.png,1.0,0.11256897752381838,nr101.png,5.0,0.0,nr14.png,7.0,0.03868200385953605,nr79.png,6.0,0.0,nr87.png,7.0,0.06258661298621562,nr63.png,16
1605,14.0,135.0,5.0,15.0,4137.0,7.0,0.061717354472518186,nr8.png,4.0,0.0,nr113.png,7.0,0.0,nr88.png,5.0,0.04346292568487197,nr114.png,7.0,0.06693290555470283,nr39.png,7.0,0.17385170273948786,nr62.png,2.0,0.02781627243831805,nr4.png,5.0,0.046505330482812995,nr125.png,7.0,0.0,nr81.png,6.0,0.0,nr31.png,6.0,0.08692585136974393,nr83.png,1.0,0.11256897752381838,nr101.png,5.0,0.0,nr14.png,7.0,0.03868200385953605,nr79.png,6.0,0.0,nr87.png,7.0,0.06258661298621562,nr63.png,16
1606,14.0,135.0,6.0,0.0,4994.0,7.0,0.061717354472518186,nr8.png,4.0,0.0,nr113.png,7.0,0.0,nr88.png,5.0,0.04346292568487197,nr114.png,7.0,0.06693290555470283,nr39.png,7.0,0.17385170273948786,nr62.png,2.0,0.02781627243831805,nr4.png,5.0,0.046505330482812995,nr125.png,7.0,0.0,nr81.png,6.0,0.0,nr31.png,6.0,0.08692585136974393,nr83.png,1.0,0.11256897752381838,nr101.png,5.0,0.0,nr14.png,7.0,0.03868200385953605,nr79.png,6.0,0.0,nr87.png,7.0,0.06258661298621562,nr63.png,16
1607,14.0,135.0,7.0,10.0,5166.0,7.0,0.061717354472518186,nr8.png,4.0,0.0,nr113.png,7.0,0.0,nr88.png,5.0,0.04346292568487197,nr114.png,7.0,0.06693290555470283,nr39.png,7.0,0.17385170273948786,nr62.png,2.0,0.02781627243831805,nr4.png,5.0,0.046505330482812995,nr125.png,7.0,0.0,nr81.png,6.0,0.0,nr31.png,6.0,0.08692585136974393,nr83.png,1.0,0.11256897752381838,nr101.png,5.0,0.0,nr14.png,7.0,0.03868200385953605,nr79.png,6.0,0.0,nr87.png,7.0,0.06258661298621562,nr63.png,16
1608,14.0,135.0,8.0,5.0,3163.0,7.0,0.061717354472518186,nr8.png,4.0,0.0,nr113.png,7.0,0.0,nr88.png,5.0,0.04346292568487197,nr114.png,7.0,0.06693290555470283,nr39.png,7.0,0.17385170273948786,nr62.png,2.0,0.02781627243831805,nr4.png,5.0,0.046505330482812995,nr125.png,7.0,0.0,nr81.png,6.0,0.0,nr31.png,6.0,0.08692585136974393,nr83.png,1.0,0.11256897752381838,nr101.png,5.0,0.0,nr14.png,7.0,0.03868200385953605,nr79.png,6.0,0.0,nr87.png,7.0,0.06258661298621562,nr63.png,16
1609,14.0,135.0,9.0,0.0,3702.0,7.0,0.061717354472518186,nr8.png,4.0,0.0,nr113.png,7.0,0.0,nr88.png,5.0,0.04346292568487197,nr114.png,7.0,0.06693290555470283,nr39.png,7.0,0.17385170273948786,nr62.png,2.0,0.02781627243831805,nr4.png,5.0,0.046505330482812995,nr125.png,7.0,0.0,nr81.png,6.0,0.0,nr31.png,6.0,0.08692585136974393,nr83.png,1.0,0.11256897752381838,nr101.png,5.0,0.0,nr14.png,7.0,0.03868200385953605,nr79.png,6.0,0.0,nr87.png,7.0,0.06258661298621562,nr63.png,16
1610,14.0,135.0,10.0,5.0,5150.0,7.0,0.061717354472518186,nr8.png,4.0,0.0,nr113.png,7.0,0.0,nr88.png,5.0,0.04346292568487197,nr114.png,7.0,0.06693290555470283,nr39.png,7.0,0.17385170273948786,nr62.png,2.0,0.02781627243831805,nr4.png,5.0,0.046505330482812995,nr125.png,7.0,0.0,nr81.png,6.0,0.0,nr31.png,6.0,0.08692585136974393,nr83.png,1.0,0.11256897752381838,nr101.png,5.0,0.0,nr14.png,7.0,0.03868200385953605,nr79.png,6.0,0.0,nr87.png,7.0,0.06258661298621562,nr63.png,16
1611,14.0,135.0,11.0,8.0,4045.0,7.0,0.061717354472518186,nr8.png,4.0,0.0,nr113.png,7.0,0.0,nr88.png,5.0,0.04346292568487197,nr114.png,7.0,0.06693290555470283,nr39.png,7.0,0.17385170273948786,nr62.png,2.0,0.02781627243831805,nr4.png,5.0,0.046505330482812995,nr125.png,7.0,0.0,nr81.png,6.0,0.0,nr31.png,6.0,0.08692585136974393,nr83.png,1.0,0.11256897752381838,nr101.png,5.0,0.0,nr14.png,7.0,0.03868200385953605,nr79.png,6.0,0.0,nr87.png,7.0,0.06258661298621562,nr63.png,16
1612,14.0,135.0,12.0,5.0,5350.0,7.0,0.061717354472518186,nr8.png,4.0,0.0,nr113.png,7.0,0.0,nr88.png,5.0,0.04346292568487197,nr114.png,7.0,0.06693290555470283,nr39.png,7.0,0.17385170273948786,nr62.png,2.0,0.02781627243831805,nr4.png,5.0,0.046505330482812995,nr125.png,7.0,0.0,nr81.png,6.0,0.0,nr31.png,6.0,0.08692585136974393,nr83.png,1.0,0.11256897752381838,nr101.png,5.0,0.0,nr14.png,7.0,0.03868200385953605,nr79.png,6.0,0.0,nr87.png,7.0,0.06258661298621562,nr63.png,16
1613,14.0,135.0,13.0,5.0,4604.0,7.0,0.061717354472518186,nr8.png,4.0,0.0,nr113.png,7.0,0.0,nr88.png,5.0,0.04346292568487197,nr114.png,7.0,0.06693290555470283,nr39.png,7.0,0.17385170273948786,nr62.png,2.0,0.02781627243831805,nr4.png,5.0,0.046505330482812995,nr125.png,7.0,0.0,nr81.png,6.0,0.0,nr31.png,6.0,0.08692585136974393,nr83.png,1.0,0.11256897752381838,nr101.png,5.0,0.0,nr14.png,7.0,0.03868200385953605,nr79.png,6.0,0.0,nr87.png,7.0,0.06258661298621562,nr63.png,16
1614,14.0,135.0,14.0,0.0,4589.0,7.0,0.061717354472518186,nr8.png,4.0,0.0,nr113.png,7.0,0.0,nr88.png,5.0,0.04346292568487197,nr114.png,7.0,0.06693290555470283,nr39.png,7.0,0.17385170273948786,nr62.png,2.0,0.02781627243831805,nr4.png,5.0,0.046505330482812995,nr125.png,7.0,0.0,nr81.png,6.0,0.0,nr31.png,6.0,0.08692585136974393,nr83.png,1.0,0.11256897752381838,nr101.png,5.0,0.0,nr14.png,7.0,0.03868200385953605,nr79.png,6.0,0.0,nr87.png,7.0,0.06258661298621562,nr63.png,16
1615,14.0,135.0,15.0,5.0,3126.0,7.0,0.061717354472518186,nr8.png,4.0,0.0,nr113.png,7.0,0.0,nr88.png,5.0,0.04346292568487197,nr114.png,7.0,0.06693290555470283,nr39.png,7.0,0.17385170273948786,nr62.png,2.0,0.02781627243831805,nr4.png,5.0,0.046505330482812995,nr125.png,7.0,0.0,nr81.png,6.0,0.0,nr31.png,6.0,0.08692585136974393,nr83.png,1.0,0.11256897752381838,nr101.png,5.0,0.0,nr14.png,7.0,0.03868200385953605,nr79.png,6.0,0.0,nr87.png,7.0,0.06258661298621562,nr63.png,16
1616,14.0,135.0,16.0,5.0,4182.0,7.0,0.061717354472518186,nr8.png,4.0,0.0,nr113.png,7.0,0.0,nr88.png,5.0,0.04346292568487197,nr114.png,7.0,0.06693290555470283,nr39.png,7.0,0.17385170273948786,nr62.png,2.0,0.02781627243831805,nr4.png,5.0,0.046505330482812995,nr125.png,7.0,0.0,nr81.png,6.0,0.0,nr31.png,6.0,0.08692585136974393,nr83.png,1.0,0.11256897752381838,nr101.png,5.0,0.0,nr14.png,7.0,0.03868200385953605,nr79.png,6.0,0.0,nr87.png,7.0,0.06258661298621562,nr63.png,16
1617,14.0,135.0,17.0,5.0,4545.0,7.0,0.061717354472518186,nr8.png,4.0,0.0,nr113.png,7.0,0.0,nr88.png,5.0,0.04346292568487197,nr114.png,7.0,0.06693290555470283,nr39.png,7.0,0.17385170273948786,nr62.png,2.0,0.02781627243831805,nr4.png,5.0,0.046505330482812995,nr125.png,7.0,0.0,nr81.png,6.0,0.0,nr31.png,6.0,0.08692585136974393,nr83.png,1.0,0.11256897752381838,nr101.png,5.0,0.0,nr14.png,7.0,0.03868200385953605,nr79.png,6.0,0.0,nr87.png,7.0,0.06258661298621562,nr63.png,16
1618,14.0,135.0,18.0,5.0,5451.0,7.0,0.061717354472518186,nr8.png,4.0,0.0,nr113.png,7.0,0.0,nr88.png,5.0,0.04346292568487197,nr114.png,7.0,0.06693290555470283,nr39.png,7.0,0.17385170273948786,nr62.png,2.0,0.02781627243831805,nr4.png,5.0,0.046505330482812995,nr125.png,7.0,0.0,nr81.png,6.0,0.0,nr31.png,6.0,0.08692585136974393,nr83.png,1.0,0.11256897752381838,nr101.png,5.0,0.0,nr14.png,7.0,0.03868200385953605,nr79.png,6.0,0.0,nr87.png,7.0,0.06258661298621562,nr63.png,16
1619,14.0,135.0,19.0,4.0,5654.0,7.0,0.061717354472518186,nr8.png,4.0,0.0,nr113.png,7.0,0.0,nr88.png,5.0,0.04346292568487197,nr114.png,7.0,0.06693290555470283,nr39.png,7.0,0.17385170273948786,nr62.png,2.0,0.02781627243831805,nr4.png,5.0,0.046505330482812995,nr125.png,7.0,0.0,nr81.png,6.0,0.0,nr31.png,6.0,0.08692585136974393,nr83.png,1.0,0.11256897752381838,nr101.png,5.0,0.0,nr14.png,7.0,0.03868200385953605,nr79.png,6.0,0.0,nr87.png,7.0,0.06258661298621562,nr63.png,16
1620,14.0,135.0,20.0,5.0,3242.0,7.0,0.061717354472518186,nr8.png,4.0,0.0,nr113.png,7.0,0.0,nr88.png,5.0,0.04346292568487197,nr114.png,7.0,0.06693290555470283,nr39.png,7.0,0.17385170273948786,nr62.png,2.0,0.02781627243831805,nr4.png,5.0,0.046505330482812995,nr125.png,7.0,0.0,nr81.png,6.0,0.0,nr31.png,6.0,0.08692585136974393,nr83.png,1.0,0.11256897752381838,nr101.png,5.0,0.0,nr14.png,7.0,0.03868200385953605,nr79.png,6.0,0.0,nr87.png,7.0,0.06258661298621562,nr63.png,16
1621,14.0,135.0,21.0,0.0,3271.0,7.0,0.061717354472518186,nr8.png,4.0,0.0,nr113.png,7.0,0.0,nr88.png,5.0,0.04346292568487197,nr114.png,7.0,0.06693290555470283,nr39.png,7.0,0.17385170273948786,nr62.png,2.0,0.02781627243831805,nr4.png,5.0,0.046505330482812995,nr125.png,7.0,0.0,nr81.png,6.0,0.0,nr31.png,6.0,0.08692585136974393,nr83.png,1.0,0.11256897752381838,nr101.png,5.0,0.0,nr14.png,7.0,0.03868200385953605,nr79.png,6.0,0.0,nr87.png,7.0,0.06258661298621562,nr63.png,16
1622,14.0,135.0,22.0,5.0,4217.0,7.0,0.061717354472518186,nr8.png,4.0,0.0,nr113.png,7.0,0.0,nr88.png,5.0,0.04346292568487197,nr114.png,7.0,0.06693290555470283,nr39.png,7.0,0.17385170273948786,nr62.png,2.0,0.02781627243831805,nr4.png,5.0,0.046505330482812995,nr125.png,7.0,0.0,nr81.png,6.0,0.0,nr31.png,6.0,0.08692585136974393,nr83.png,1.0,0.11256897752381838,nr101.png,5.0,0.0,nr14.png,7.0,0.03868200385953605,nr79.png,6.0,0.0,nr87.png,7.0,0.06258661298621562,nr63.png,16
1623,14.0,135.0,23.0,0.0,3174.0,7.0,0.061717354472518186,nr8.png,4.0,0.0,nr113.png,7.0,0.0,nr88.png,5.0,0.04346292568487197,nr114.png,7.0,0.06693290555470283,nr39.png,7.0,0.17385170273948786,nr62.png,2.0,0.02781627243831805,nr4.png,5.0,0.046505330482812995,nr125.png,7.0,0.0,nr81.png,6.0,0.0,nr31.png,6.0,0.08692585136974393,nr83.png,1.0,0.11256897752381838,nr101.png,5.0,0.0,nr14.png,7.0,0.03868200385953605,nr79.png,6.0,0.0,nr87.png,7.0,0.06258661298621562,nr63.png,16
1624,14.0,135.0,24.0,8.0,3043.0,7.0,0.061717354472518186,nr8.png,4.0,0.0,nr113.png,7.0,0.0,nr88.png,5.0,0.04346292568487197,nr114.png,7.0,0.06693290555470283,nr39.png,7.0,0.17385170273948786,nr62.png,2.0,0.02781627243831805,nr4.png,5.0,0.046505330482812995,nr125.png,7.0,0.0,nr81.png,6.0,0.0,nr31.png,6.0,0.08692585136974393,nr83.png,1.0,0.11256897752381838,nr101.png,5.0,0.0,nr14.png,7.0,0.03868200385953605,nr79.png,6.0,0.0,nr87.png,7.0,0.06258661298621562,nr63.png,16
1625,14.0,135.0,25.0,13.0,4635.0,7.0,0.061717354472518186,nr8.png,4.0,0.0,nr113.png,7.0,0.0,nr88.png,5.0,0.04346292568487197,nr114.png,7.0,0.06693290555470283,nr39.png,7.0,0.17385170273948786,nr62.png,2.0,0.02781627243831805,nr4.png,5.0,0.046505330482812995,nr125.png,7.0,0.0,nr81.png,6.0,0.0,nr31.png,6.0,0.08692585136974393,nr83.png,1.0,0.11256897752381838,nr101.png,5.0,0.0,nr14.png,7.0,0.03868200385953605,nr79.png,6.0,0.0,nr87.png,7.0,0.06258661298621562,nr63.png,16
1626,14.0,135.0,26.0,5.0,4553.0,7.0,0.061717354472518186,nr8.png,4.0,0.0,nr113.png,7.0,0.0,nr88.png,5.0,0.04346292568487197,nr114.png,7.0,0.06693290555470283,nr39.png,7.0,0.17385170273948786,nr62.png,2.0,0.02781627243831805,nr4.png,5.0,0.046505330482812995,nr125.png,7.0,0.0,nr81.png,6.0,0.0,nr31.png,6.0,0.08692585136974393,nr83.png,1.0,0.11256897752381838,nr101.png,5.0,0.0,nr14.png,7.0,0.03868200385953605,nr79.png,6.0,0.0,nr87.png,7.0,0.06258661298621562,nr63.png,16
1627,14.0,135.0,27.0,0.0,4281.0,7.0,0.061717354472518186,nr8.png,4.0,0.0,nr113.png,7.0,0.0,nr88.png,5.0,0.04346292568487197,nr114.png,7.0,0.06693290555470283,nr39.png,7.0,0.17385170273948786,nr62.png,2.0,0.02781627243831805,nr4.png,5.0,0.046505330482812995,nr125.png,7.0,0.0,nr81.png,6.0,0.0,nr31.png,6.0,0.08692585136974393,nr83.png,1.0,0.11256897752381838,nr101.png,5.0,0.0,nr14.png,7.0,0.03868200385953605,nr79.png,6.0,0.0,nr87.png,7.0,0.06258661298621562,nr63.png,16
1628,14.0,135.0,28.0,5.0,4797.0,7.0,0.061717354472518186,nr8.png,4.0,0.0,nr113.png,7.0,0.0,nr88.png,5.0,0.04346292568487197,nr114.png,7.0,0.06693290555470283,nr39.png,7.0,0.17385170273948786,nr62.png,2.0,0.02781627243831805,nr4.png,5.0,0.046505330482812995,nr125.png,7.0,0.0,nr81.png,6.0,0.0,nr31.png,6.0,0.08692585136974393,nr83.png,1.0,0.11256897752381838,nr101.png,5.0,0.0,nr14.png,7.0,0.03868200385953605,nr79.png,6.0,0.0,nr87.png,7.0,0.06258661298621562,nr63.png,16
1629,14.0,135.0,29.0,13.0,4847.0,7.0,0.061717354472518186,nr8.png,4.0,0.0,nr113.png,7.0,0.0,nr88.png,5.0,0.04346292568487197,nr114.png,7.0,0.06693290555470283,nr39.png,7.0,0.17385170273948786,nr62.png,2.0,0.02781627243831805,nr4.png,5.0,0.046505330482812995,nr125.png,7.0,0.0,nr81.png,6.0,0.0,nr31.png,6.0,0.08692585136974393,nr83.png,1.0,0.11256897752381838,nr101.png,5.0,0.0,nr14.png,7.0,0.03868200385953605,nr79.png,6.0,0.0,nr87.png,7.0,0.06258661298621562,nr63.png,16
1630,14.0,135.0,30.0,0.0,4156.0,7.0,0.061717354472518186,nr8.png,4.0,0.0,nr113.png,7.0,0.0,nr88.png,5.0,0.04346292568487197,nr114.png,7.0,0.06693290555470283,nr39.png,7.0,0.17385170273948786,nr62.png,2.0,0.02781627243831805,nr4.png,5.0,0.046505330482812995,nr125.png,7.0,0.0,nr81.png,6.0,0.0,nr31.png,6.0,0.08692585136974393,nr83.png,1.0,0.11256897752381838,nr101.png,5.0,0.0,nr14.png,7.0,0.03868200385953605,nr79.png,6.0,0.0,nr87.png,7.0,0.06258661298621562,nr63.png,16
1631,14.0,135.0,31.0,5.0,3604.0,7.0,0.061717354472518186,nr8.png,4.0,0.0,nr113.png,7.0,0.0,nr88.png,5.0,0.04346292568487197,nr114.png,7.0,0.06693290555470283,nr39.png,7.0,0.17385170273948786,nr62.png,2.0,0.02781627243831805,nr4.png,5.0,0.046505330482812995,nr125.png,7.0,0.0,nr81.png,6.0,0.0,nr31.png,6.0,0.08692585136974393,nr83.png,1.0,0.11256897752381838,nr101.png,5.0,0.0,nr14.png,7.0,0.03868200385953605,nr79.png,6.0,0.0,nr87.png,7.0,0.06258661298621562,nr63.png,16
1632,14.0,135.0,32.0,5.0,3571.0,7.0,0.061717354472518186,nr8.png,4.0,0.0,nr113.png,7.0,0.0,nr88.png,5.0,0.04346292568487197,nr114.png,7.0,0.06693290555470283,nr39.png,7.0,0.17385170273948786,nr62.png,2.0,0.02781627243831805,nr4.png,5.0,0.046505330482812995,nr125.png,7.0,0.0,nr81.png,6.0,0.0,nr31.png,6.0,0.08692585136974393,nr83.png,1.0,0.11256897752381838,nr101.png,5.0,0.0,nr14.png,7.0,0.03868200385953605,nr79.png,6.0,0.0,nr87.png,7.0,0.06258661298621562,nr63.png,16
1633,14.0,135.0,33.0,4.0,4773.0,7.0,0.061717354472518186,nr8.png,4.0,0.0,nr113.png,7.0,0.0,nr88.png,5.0,0.04346292568487197,nr114.png,7.0,0.06693290555470283,nr39.png,7.0,0.17385170273948786,nr62.png,2.0,0.02781627243831805,nr4.png,5.0,0.046505330482812995,nr125.png,7.0,0.0,nr81.png,6.0,0.0,nr31.png,6.0,0.08692585136974393,nr83.png,1.0,0.11256897752381838,nr101.png,5.0,0.0,nr14.png,7.0,0.03868200385953605,nr79.png,6.0,0.0,nr87.png,7.0,0.06258661298621562,nr63.png,16
1634,14.0,135.0,34.0,7.0,7119.0,7.0,0.061717354472518186,nr8.png,4.0,0.0,nr113.png,7.0,0.0,nr88.png,5.0,0.04346292568487197,nr114.png,7.0,0.06693290555470283,nr39.png,7.0,0.17385170273948786,nr62.png,2.0,0.02781627243831805,nr4.png,5.0,0.046505330482812995,nr125.png,7.0,0.0,nr81.png,6.0,0.0,nr31.png,6.0,0.08692585136974393,nr83.png,1.0,0.11256897752381838,nr101.png,5.0,0.0,nr14.png,7.0,0.03868200385953605,nr79.png,6.0,0.0,nr87.png,7.0,0.06258661298621562,nr63.png,16
1635,14.0,135.0,35.0,2.0,4263.0,7.0,0.061717354472518186,nr8.png,4.0,0.0,nr113.png,7.0,0.0,nr88.png,5.0,0.04346292568487197,nr114.png,7.0,0.06693290555470283,nr39.png,7.0,0.17385170273948786,nr62.png,2.0,0.02781627243831805,nr4.png,5.0,0.046505330482812995,nr125.png,7.0,0.0,nr81.png,6.0,0.0,nr31.png,6.0,0.08692585136974393,nr83.png,1.0,0.11256897752381838,nr101.png,5.0,0.0,nr14.png,7.0,0.03868200385953605,nr79.png,6.0,0.0,nr87.png,7.0,0.06258661298621562,nr63.png,16
1636,14.0,135.0,36.0,5.0,3249.0,7.0,0.061717354472518186,nr8.png,4.0,0.0,nr113.png,7.0,0.0,nr88.png,5.0,0.04346292568487197,nr114.png,7.0,0.06693290555470283,nr39.png,7.0,0.17385170273948786,nr62.png,2.0,0.02781627243831805,nr4.png,5.0,0.046505330482812995,nr125.png,7.0,0.0,nr81.png,6.0,0.0,nr31.png,6.0,0.08692585136974393,nr83.png,1.0,0.11256897752381838,nr101.png,5.0,0.0,nr14.png,7.0,0.03868200385953605,nr79.png,6.0,0.0,nr87.png,7.0,0.06258661298621562,nr63.png,16
1637,14.0,135.0,37.0,5.0,5479.0,7.0,0.061717354472518186,nr8.png,4.0,0.0,nr113.png,7.0,0.0,nr88.png,5.0,0.04346292568487197,nr114.png,7.0,0.06693290555470283,nr39.png,7.0,0.17385170273948786,nr62.png,2.0,0.02781627243831805,nr4.png,5.0,0.046505330482812995,nr125.png,7.0,0.0,nr81.png,6.0,0.0,nr31.png,6.0,0.08692585136974393,nr83.png,1.0,0.11256897752381838,nr101.png,5.0,0.0,nr14.png,7.0,0.03868200385953605,nr79.png,6.0,0.0,nr87.png,7.0,0.06258661298621562,nr63.png,16
1638,14.0,135.0,38.0,15.0,5661.0,7.0,0.061717354472518186,nr8.png,4.0,0.0,nr113.png,7.0,0.0,nr88.png,5.0,0.04346292568487197,nr114.png,7.0,0.06693290555470283,nr39.png,7.0,0.17385170273948786,nr62.png,2.0,0.02781627243831805,nr4.png,5.0,0.046505330482812995,nr125.png,7.0,0.0,nr81.png,6.0,0.0,nr31.png,6.0,0.08692585136974393,nr83.png,1.0,0.11256897752381838,nr101.png,5.0,0.0,nr14.png,7.0,0.03868200385953605,nr79.png,6.0,0.0,nr87.png,7.0,0.06258661298621562,nr63.png,16
1639,14.0,135.0,39.0,5.0,4224.0,7.0,0.061717354472518186,nr8.png,4.0,0.0,nr113.png,7.0,0.0,nr88.png,5.0,0.04346292568487197,nr114.png,7.0,0.06693290555470283,nr39.png,7.0,0.17385170273948786,nr62.png,2.0,0.02781627243831805,nr4.png,5.0,0.046505330482812995,nr125.png,7.0,0.0,nr81.png,6.0,0.0,nr31.png,6.0,0.08692585136974393,nr83.png,1.0,0.11256897752381838,nr101.png,5.0,0.0,nr14.png,7.0,0.03868200385953605,nr79.png,6.0,0.0,nr87.png,7.0,0.06258661298621562,nr63.png,16
1640,14.0,135.0,40.0,5.0,3073.0,7.0,0.061717354472518186,nr8.png,4.0,0.0,nr113.png,7.0,0.0,nr88.png,5.0,0.04346292568487197,nr114.png,7.0,0.06693290555470283,nr39.png,7.0,0.17385170273948786,nr62.png,2.0,0.02781627243831805,nr4.png,5.0,0.046505330482812995,nr125.png,7.0,0.0,nr81.png,6.0,0.0,nr31.png,6.0,0.08692585136974393,nr83.png,1.0,0.11256897752381838,nr101.png,5.0,0.0,nr14.png,7.0,0.03868200385953605,nr79.png,6.0,0.0,nr87.png,7.0,0.06258661298621562,nr63.png,16
1641,14.0,135.0,41.0,5.0,5576.0,7.0,0.061717354472518186,nr8.png,4.0,0.0,nr113.png,7.0,0.0,nr88.png,5.0,0.04346292568487197,nr114.png,7.0,0.06693290555470283,nr39.png,7.0,0.17385170273948786,nr62.png,2.0,0.02781627243831805,nr4.png,5.0,0.046505330482812995,nr125.png,7.0,0.0,nr81.png,6.0,0.0,nr31.png,6.0,0.08692585136974393,nr83.png,1.0,0.11256897752381838,nr101.png,5.0,0.0,nr14.png,7.0,0.03868200385953605,nr79.png,6.0,0.0,nr87.png,7.0,0.06258661298621562,nr63.png,16
1642,14.0,135.0,42.0,10.0,4540.0,7.0,0.061717354472518186,nr8.png,4.0,0.0,nr113.png,7.0,0.0,nr88.png,5.0,0.04346292568487197,nr114.png,7.0,0.06693290555470283,nr39.png,7.0,0.17385170273948786,nr62.png,2.0,0.02781627243831805,nr4.png,5.0,0.046505330482812995,nr125.png,7.0,0.0,nr81.png,6.0,0.0,nr31.png,6.0,0.08692585136974393,nr83.png,1.0,0.11256897752381838,nr101.png,5.0,0.0,nr14.png,7.0,0.03868200385953605,nr79.png,6.0,0.0,nr87.png,7.0,0.06258661298621562,nr63.png,16
1643,14.0,135.0,43.0,8.0,5106.0,7.0,0.061717354472518186,nr8.png,4.0,0.0,nr113.png,7.0,0.0,nr88.png,5.0,0.04346292568487197,nr114.png,7.0,0.06693290555470283,nr39.png,7.0,0.17385170273948786,nr62.png,2.0,0.02781627243831805,nr4.png,5.0,0.046505330482812995,nr125.png,7.0,0.0,nr81.png,6.0,0.0,nr31.png,6.0,0.08692585136974393,nr83.png,1.0,0.11256897752381838,nr101.png,5.0,0.0,nr14.png,7.0,0.03868200385953605,nr79.png,6.0,0.0,nr87.png,7.0,0.06258661298621562,nr63.png,16
1644,14.0,135.0,44.0,5.0,3415.0,7.0,0.061717354472518186,nr8.png,4.0,0.0,nr113.png,7.0,0.0,nr88.png,5.0,0.04346292568487197,nr114.png,7.0,0.06693290555470283,nr39.png,7.0,0.17385170273948786,nr62.png,2.0,0.02781627243831805,nr4.png,5.0,0.046505330482812995,nr125.png,7.0,0.0,nr81.png,6.0,0.0,nr31.png,6.0,0.08692585136974393,nr83.png,1.0,0.11256897752381838,nr101.png,5.0,0.0,nr14.png,7.0,0.03868200385953605,nr79.png,6.0,0.0,nr87.png,7.0,0.06258661298621562,nr63.png,16
1645,14.0,135.0,45.0,15.0,4786.0,7.0,0.061717354472518186,nr8.png,4.0,0.0,nr113.png,7.0,0.0,nr88.png,5.0,0.04346292568487197,nr114.png,7.0,0.06693290555470283,nr39.png,7.0,0.17385170273948786,nr62.png,2.0,0.02781627243831805,nr4.png,5.0,0.046505330482812995,nr125.png,7.0,0.0,nr81.png,6.0,0.0,nr31.png,6.0,0.08692585136974393,nr83.png,1.0,0.11256897752381838,nr101.png,5.0,0.0,nr14.png,7.0,0.03868200385953605,nr79.png,6.0,0.0,nr87.png,7.0,0.06258661298621562,nr63.png,16
1646,14.0,135.0,46.0,8.0,6189.0,7.0,0.061717354472518186,nr8.png,4.0,0.0,nr113.png,7.0,0.0,nr88.png,5.0,0.04346292568487197,nr114.png,7.0,0.06693290555470283,nr39.png,7.0,0.17385170273948786,nr62.png,2.0,0.02781627243831805,nr4.png,5.0,0.046505330482812995,nr125.png,7.0,0.0,nr81.png,6.0,0.0,nr31.png,6.0,0.08692585136974393,nr83.png,1.0,0.11256897752381838,nr101.png,5.0,0.0,nr14.png,7.0,0.03868200385953605,nr79.png,6.0,0.0,nr87.png,7.0,0.06258661298621562,nr63.png,16
1647,14.0,135.0,47.0,4.0,4348.0,7.0,0.061717354472518186,nr8.png,4.0,0.0,nr113.png,7.0,0.0,nr88.png,5.0,0.04346292568487197,nr114.png,7.0,0.06693290555470283,nr39.png,7.0,0.17385170273948786,nr62.png,2.0,0.02781627243831805,nr4.png,5.0,0.046505330482812995,nr125.png,7.0,0.0,nr81.png,6.0,0.0,nr31.png,6.0,0.08692585136974393,nr83.png,1.0,0.11256897752381838,nr101.png,5.0,0.0,nr14.png,7.0,0.03868200385953605,nr79.png,6.0,0.0,nr87.png,7.0,0.06258661298621562,nr63.png,16
1648,14.0,135.0,48.0,5.0,4903.0,7.0,0.061717354472518186,nr8.png,4.0,0.0,nr113.png,7.0,0.0,nr88.png,5.0,0.04346292568487197,nr114.png,7.0,0.06693290555470283,nr39.png,7.0,0.17385170273948786,nr62.png,2.0,0.02781627243831805,nr4.png,5.0,0.046505330482812995,nr125.png,7.0,0.0,nr81.png,6.0,0.0,nr31.png,6.0,0.08692585136974393,nr83.png,1.0,0.11256897752381838,nr101.png,5.0,0.0,nr14.png,7.0,0.03868200385953605,nr79.png,6.0,0.0,nr87.png,7.0,0.06258661298621562,nr63.png,16
1649,14.0,135.0,49.0,5.0,5020.0,7.0,0.061717354472518186,nr8.png,4.0,0.0,nr113.png,7.0,0.0,nr88.png,5.0,0.04346292568487197,nr114.png,7.0,0.06693290555470283,nr39.png,7.0,0.17385170273948786,nr62.png,2.0,0.02781627243831805,nr4.png,5.0,0.046505330482812995,nr125.png,7.0,0.0,nr81.png,6.0,0.0,nr31.png,6.0,0.08692585136974393,nr83.png,1.0,0.11256897752381838,nr101.png,5.0,0.0,nr14.png,7.0,0.03868200385953605,nr79.png,6.0,0.0,nr87.png,7.0,0.06258661298621562,nr63.png,16
1650,14.0,144.0,0.0,12.0,5810.0,6.0,0.0,nr44.png,3.0,0.04677896382503754,nr48.png,5.0,0.03927667717385228,nr11.png,4.0,0.019417683097185397,nr111.png,6.0,0.06134222614792659,nr83.png,5.0,0.10812118997296412,nr52.png,7.0,0.06928582377859334,nr39.png,3.0,0.04898551872244497,nr19.png,5.0,0.0,nr74.png,1.0,0.0,nr101.png,6.0,0.0511920736198524,nr18.png,6.0,0.05957698223000064,nr20.png,7.0,0.1085625009524456,nr95.png,4.0,0.0,nr29.png,5.0,0.02338948191251877,nr76.png,5.0,0.029126524645778088,nr14.png,16
1651,14.0,144.0,1.0,12.0,3043.0,6.0,0.0,nr44.png,3.0,0.04677896382503754,nr48.png,5.0,0.03927667717385228,nr11.png,4.0,0.019417683097185397,nr111.png,6.0,0.06134222614792659,nr83.png,5.0,0.10812118997296412,nr52.png,7.0,0.06928582377859334,nr39.png,3.0,0.04898551872244497,nr19.png,5.0,0.0,nr74.png,1.0,0.0,nr101.png,6.0,0.0511920736198524,nr18.png,6.0,0.05957698223000064,nr20.png,7.0,0.1085625009524456,nr95.png,4.0,0.0,nr29.png,5.0,0.02338948191251877,nr76.png,5.0,0.029126524645778088,nr14.png,16
1652,14.0,144.0,2.0,11.0,4343.0,6.0,0.0,nr44.png,3.0,0.04677896382503754,nr48.png,5.0,0.03927667717385228,nr11.png,4.0,0.019417683097185397,nr111.png,6.0,0.06134222614792659,nr83.png,5.0,0.10812118997296412,nr52.png,7.0,0.06928582377859334,nr39.png,3.0,0.04898551872244497,nr19.png,5.0,0.0,nr74.png,1.0,0.0,nr101.png,6.0,0.0511920736198524,nr18.png,6.0,0.05957698223000064,nr20.png,7.0,0.1085625009524456,nr95.png,4.0,0.0,nr29.png,5.0,0.02338948191251877,nr76.png,5.0,0.029126524645778088,nr14.png,16
1653,14.0,144.0,3.0,11.0,4884.0,6.0,0.0,nr44.png,3.0,0.04677896382503754,nr48.png,5.0,0.03927667717385228,nr11.png,4.0,0.019417683097185397,nr111.png,6.0,0.06134222614792659,nr83.png,5.0,0.10812118997296412,nr52.png,7.0,0.06928582377859334,nr39.png,3.0,0.04898551872244497,nr19.png,5.0,0.0,nr74.png,1.0,0.0,nr101.png,6.0,0.0511920736198524,nr18.png,6.0,0.05957698223000064,nr20.png,7.0,0.1085625009524456,nr95.png,4.0,0.0,nr29.png,5.0,0.02338948191251877,nr76.png,5.0,0.029126524645778088,nr14.png,16
1654,14.0,144.0,4.0,4.0,5453.0,6.0,0.0,nr44.png,3.0,0.04677896382503754,nr48.png,5.0,0.03927667717385228,nr11.png,4.0,0.019417683097185397,nr111.png,6.0,0.06134222614792659,nr83.png,5.0,0.10812118997296412,nr52.png,7.0,0.06928582377859334,nr39.png,3.0,0.04898551872244497,nr19.png,5.0,0.0,nr74.png,1.0,0.0,nr101.png,6.0,0.0511920736198524,nr18.png,6.0,0.05957698223000064,nr20.png,7.0,0.1085625009524456,nr95.png,4.0,0.0,nr29.png,5.0,0.02338948191251877,nr76.png,5.0,0.029126524645778088,nr14.png,16
1655,14.0,144.0,5.0,0.0,4316.0,6.0,0.0,nr44.png,3.0,0.04677896382503754,nr48.png,5.0,0.03927667717385228,nr11.png,4.0,0.019417683097185397,nr111.png,6.0,0.06134222614792659,nr83.png,5.0,0.10812118997296412,nr52.png,7.0,0.06928582377859334,nr39.png,3.0,0.04898551872244497,nr19.png,5.0,0.0,nr74.png,1.0,0.0,nr101.png,6.0,0.0511920736198524,nr18.png,6.0,0.05957698223000064,nr20.png,7.0,0.1085625009524456,nr95.png,4.0,0.0,nr29.png,5.0,0.02338948191251877,nr76.png,5.0,0.029126524645778088,nr14.png,16
1656,14.0,144.0,6.0,11.0,5313.0,6.0,0.0,nr44.png,3.0,0.04677896382503754,nr48.png,5.0,0.03927667717385228,nr11.png,4.0,0.019417683097185397,nr111.png,6.0,0.06134222614792659,nr83.png,5.0,0.10812118997296412,nr52.png,7.0,0.06928582377859334,nr39.png,3.0,0.04898551872244497,nr19.png,5.0,0.0,nr74.png,1.0,0.0,nr101.png,6.0,0.0511920736198524,nr18.png,6.0,0.05957698223000064,nr20.png,7.0,0.1085625009524456,nr95.png,4.0,0.0,nr29.png,5.0,0.02338948191251877,nr76.png,5.0,0.029126524645778088,nr14.png,16
1657,14.0,144.0,7.0,4.0,5532.0,6.0,0.0,nr44.png,3.0,0.04677896382503754,nr48.png,5.0,0.03927667717385228,nr11.png,4.0,0.019417683097185397,nr111.png,6.0,0.06134222614792659,nr83.png,5.0,0.10812118997296412,nr52.png,7.0,0.06928582377859334,nr39.png,3.0,0.04898551872244497,nr19.png,5.0,0.0,nr74.png,1.0,0.0,nr101.png,6.0,0.0511920736198524,nr18.png,6.0,0.05957698223000064,nr20.png,7.0,0.1085625009524456,nr95.png,4.0,0.0,nr29.png,5.0,0.02338948191251877,nr76.png,5.0,0.029126524645778088,nr14.png,16
1658,14.0,144.0,8.0,12.0,5367.0,6.0,0.0,nr44.png,3.0,0.04677896382503754,nr48.png,5.0,0.03927667717385228,nr11.png,4.0,0.019417683097185397,nr111.png,6.0,0.06134222614792659,nr83.png,5.0,0.10812118997296412,nr52.png,7.0,0.06928582377859334,nr39.png,3.0,0.04898551872244497,nr19.png,5.0,0.0,nr74.png,1.0,0.0,nr101.png,6.0,0.0511920736198524,nr18.png,6.0,0.05957698223000064,nr20.png,7.0,0.1085625009524456,nr95.png,4.0,0.0,nr29.png,5.0,0.02338948191251877,nr76.png,5.0,0.029126524645778088,nr14.png,16
1659,14.0,144.0,9.0,6.0,3983.0,6.0,0.0,nr44.png,3.0,0.04677896382503754,nr48.png,5.0,0.03927667717385228,nr11.png,4.0,0.019417683097185397,nr111.png,6.0,0.06134222614792659,nr83.png,5.0,0.10812118997296412,nr52.png,7.0,0.06928582377859334,nr39.png,3.0,0.04898551872244497,nr19.png,5.0,0.0,nr74.png,1.0,0.0,nr101.png,6.0,0.0511920736198524,nr18.png,6.0,0.05957698223000064,nr20.png,7.0,0.1085625009524456,nr95.png,4.0,0.0,nr29.png,5.0,0.02338948191251877,nr76.png,5.0,0.029126524645778088,nr14.png,16
1660,14.0,144.0,10.0,6.0,3505.0,6.0,0.0,nr44.png,3.0,0.04677896382503754,nr48.png,5.0,0.03927667717385228,nr11.png,4.0,0.019417683097185397,nr111.png,6.0,0.06134222614792659,nr83.png,5.0,0.10812118997296412,nr52.png,7.0,0.06928582377859334,nr39.png,3.0,0.04898551872244497,nr19.png,5.0,0.0,nr74.png,1.0,0.0,nr101.png,6.0,0.0511920736198524,nr18.png,6.0,0.05957698223000064,nr20.png,7.0,0.1085625009524456,nr95.png,4.0,0.0,nr29.png,5.0,0.02338948191251877,nr76.png,5.0,0.029126524645778088,nr14.png,16
1661,14.0,144.0,11.0,12.0,4217.0,6.0,0.0,nr44.png,3.0,0.04677896382503754,nr48.png,5.0,0.03927667717385228,nr11.png,4.0,0.019417683097185397,nr111.png,6.0,0.06134222614792659,nr83.png,5.0,0.10812118997296412,nr52.png,7.0,0.06928582377859334,nr39.png,3.0,0.04898551872244497,nr19.png,5.0,0.0,nr74.png,1.0,0.0,nr101.png,6.0,0.0511920736198524,nr18.png,6.0,0.05957698223000064,nr20.png,7.0,0.1085625009524456,nr95.png,4.0,0.0,nr29.png,5.0,0.02338948191251877,nr76.png,5.0,0.029126524645778088,nr14.png,16
1662,14.0,144.0,12.0,15.0,6390.0,6.0,0.0,nr44.png,3.0,0.04677896382503754,nr48.png,5.0,0.03927667717385228,nr11.png,4.0,0.019417683097185397,nr111.png,6.0,0.06134222614792659,nr83.png,5.0,0.10812118997296412,nr52.png,7.0,0.06928582377859334,nr39.png,3.0,0.04898551872244497,nr19.png,5.0,0.0,nr74.png,1.0,0.0,nr101.png,6.0,0.0511920736198524,nr18.png,6.0,0.05957698223000064,nr20.png,7.0,0.1085625009524456,nr95.png,4.0,0.0,nr29.png,5.0,0.02338948191251877,nr76.png,5.0,0.029126524645778088,nr14.png,16
1663,14.0,144.0,13.0,11.0,4314.0,6.0,0.0,nr44.png,3.0,0.04677896382503754,nr48.png,5.0,0.03927667717385228,nr11.png,4.0,0.019417683097185397,nr111.png,6.0,0.06134222614792659,nr83.png,5.0,0.10812118997296412,nr52.png,7.0,0.06928582377859334,nr39.png,3.0,0.04898551872244497,nr19.png,5.0,0.0,nr74.png,1.0,0.0,nr101.png,6.0,0.0511920736198524,nr18.png,6.0,0.05957698223000064,nr20.png,7.0,0.1085625009524456,nr95.png,4.0,0.0,nr29.png,5.0,0.02338948191251877,nr76.png,5.0,0.029126524645778088,nr14.png,16
1664,14.0,144.0,14.0,11.0,3477.0,6.0,0.0,nr44.png,3.0,0.04677896382503754,nr48.png,5.0,0.03927667717385228,nr11.png,4.0,0.019417683097185397,nr111.png,6.0,0.06134222614792659,nr83.png,5.0,0.10812118997296412,nr52.png,7.0,0.06928582377859334,nr39.png,3.0,0.04898551872244497,nr19.png,5.0,0.0,nr74.png,1.0,0.0,nr101.png,6.0,0.0511920736198524,nr18.png,6.0,0.05957698223000064,nr20.png,7.0,0.1085625009524456,nr95.png,4.0,0.0,nr29.png,5.0,0.02338948191251877,nr76.png,5.0,0.029126524645778088,nr14.png,16
1665,14.0,144.0,15.0,12.0,6518.0,6.0,0.0,nr44.png,3.0,0.04677896382503754,nr48.png,5.0,0.03927667717385228,nr11.png,4.0,0.019417683097185397,nr111.png,6.0,0.06134222614792659,nr83.png,5.0,0.10812118997296412,nr52.png,7.0,0.06928582377859334,nr39.png,3.0,0.04898551872244497,nr19.png,5.0,0.0,nr74.png,1.0,0.0,nr101.png,6.0,0.0511920736198524,nr18.png,6.0,0.05957698223000064,nr20.png,7.0,0.1085625009524456,nr95.png,4.0,0.0,nr29.png,5.0,0.02338948191251877,nr76.png,5.0,0.029126524645778088,nr14.png,16
1666,14.0,144.0,16.0,6.0,3811.0,6.0,0.0,nr44.png,3.0,0.04677896382503754,nr48.png,5.0,0.03927667717385228,nr11.png,4.0,0.019417683097185397,nr111.png,6.0,0.06134222614792659,nr83.png,5.0,0.10812118997296412,nr52.png,7.0,0.06928582377859334,nr39.png,3.0,0.04898551872244497,nr19.png,5.0,0.0,nr74.png,1.0,0.0,nr101.png,6.0,0.0511920736198524,nr18.png,6.0,0.05957698223000064,nr20.png,7.0,0.1085625009524456,nr95.png,4.0,0.0,nr29.png,5.0,0.02338948191251877,nr76.png,5.0,0.029126524645778088,nr14.png,16
1667,14.0,144.0,17.0,4.0,6300.0,6.0,0.0,nr44.png,3.0,0.04677896382503754,nr48.png,5.0,0.03927667717385228,nr11.png,4.0,0.019417683097185397,nr111.png,6.0,0.06134222614792659,nr83.png,5.0,0.10812118997296412,nr52.png,7.0,0.06928582377859334,nr39.png,3.0,0.04898551872244497,nr19.png,5.0,0.0,nr74.png,1.0,0.0,nr101.png,6.0,0.0511920736198524,nr18.png,6.0,0.05957698223000064,nr20.png,7.0,0.1085625009524456,nr95.png,4.0,0.0,nr29.png,5.0,0.02338948191251877,nr76.png,5.0,0.029126524645778088,nr14.png,16
1668,14.0,144.0,18.0,12.0,4434.0,6.0,0.0,nr44.png,3.0,0.04677896382503754,nr48.png,5.0,0.03927667717385228,nr11.png,4.0,0.019417683097185397,nr111.png,6.0,0.06134222614792659,nr83.png,5.0,0.10812118997296412,nr52.png,7.0,0.06928582377859334,nr39.png,3.0,0.04898551872244497,nr19.png,5.0,0.0,nr74.png,1.0,0.0,nr101.png,6.0,0.0511920736198524,nr18.png,6.0,0.05957698223000064,nr20.png,7.0,0.1085625009524456,nr95.png,4.0,0.0,nr29.png,5.0,0.02338948191251877,nr76.png,5.0,0.029126524645778088,nr14.png,16
1669,14.0,144.0,19.0,12.0,4997.0,6.0,0.0,nr44.png,3.0,0.04677896382503754,nr48.png,5.0,0.03927667717385228,nr11.png,4.0,0.019417683097185397,nr111.png,6.0,0.06134222614792659,nr83.png,5.0,0.10812118997296412,nr52.png,7.0,0.06928582377859334,nr39.png,3.0,0.04898551872244497,nr19.png,5.0,0.0,nr74.png,1.0,0.0,nr101.png,6.0,0.0511920736198524,nr18.png,6.0,0.05957698223000064,nr20.png,7.0,0.1085625009524456,nr95.png,4.0,0.0,nr29.png,5.0,0.02338948191251877,nr76.png,5.0,0.029126524645778088,nr14.png,16
1670,14.0,144.0,20.0,6.0,4265.0,6.0,0.0,nr44.png,3.0,0.04677896382503754,nr48.png,5.0,0.03927667717385228,nr11.png,4.0,0.019417683097185397,nr111.png,6.0,0.06134222614792659,nr83.png,5.0,0.10812118997296412,nr52.png,7.0,0.06928582377859334,nr39.png,3.0,0.04898551872244497,nr19.png,5.0,0.0,nr74.png,1.0,0.0,nr101.png,6.0,0.0511920736198524,nr18.png,6.0,0.05957698223000064,nr20.png,7.0,0.1085625009524456,nr95.png,4.0,0.0,nr29.png,5.0,0.02338948191251877,nr76.png,5.0,0.029126524645778088,nr14.png,16
1671,14.0,144.0,21.0,12.0,4774.0,6.0,0.0,nr44.png,3.0,0.04677896382503754,nr48.png,5.0,0.03927667717385228,nr11.png,4.0,0.019417683097185397,nr111.png,6.0,0.06134222614792659,nr83.png,5.0,0.10812118997296412,nr52.png,7.0,0.06928582377859334,nr39.png,3.0,0.04898551872244497,nr19.png,5.0,0.0,nr74.png,1.0,0.0,nr101.png,6.0,0.0511920736198524,nr18.png,6.0,0.05957698223000064,nr20.png,7.0,0.1085625009524456,nr95.png,4.0,0.0,nr29.png,5.0,0.02338948191251877,nr76.png,5.0,0.029126524645778088,nr14.png,16
1672,14.0,144.0,22.0,6.0,6474.0,6.0,0.0,nr44.png,3.0,0.04677896382503754,nr48.png,5.0,0.03927667717385228,nr11.png,4.0,0.019417683097185397,nr111.png,6.0,0.06134222614792659,nr83.png,5.0,0.10812118997296412,nr52.png,7.0,0.06928582377859334,nr39.png,3.0,0.04898551872244497,nr19.png,5.0,0.0,nr74.png,1.0,0.0,nr101.png,6.0,0.0511920736198524,nr18.png,6.0,0.05957698223000064,nr20.png,7.0,0.1085625009524456,nr95.png,4.0,0.0,nr29.png,5.0,0.02338948191251877,nr76.png,5.0,0.029126524645778088,nr14.png,16
1673,14.0,144.0,23.0,5.0,3410.0,6.0,0.0,nr44.png,3.0,0.04677896382503754,nr48.png,5.0,0.03927667717385228,nr11.png,4.0,0.019417683097185397,nr111.png,6.0,0.06134222614792659,nr83.png,5.0,0.10812118997296412,nr52.png,7.0,0.06928582377859334,nr39.png,3.0,0.04898551872244497,nr19.png,5.0,0.0,nr74.png,1.0,0.0,nr101.png,6.0,0.0511920736198524,nr18.png,6.0,0.05957698223000064,nr20.png,7.0,0.1085625009524456,nr95.png,4.0,0.0,nr29.png,5.0,0.02338948191251877,nr76.png,5.0,0.029126524645778088,nr14.png,16
1674,14.0,144.0,24.0,11.0,6036.0,6.0,0.0,nr44.png,3.0,0.04677896382503754,nr48.png,5.0,0.03927667717385228,nr11.png,4.0,0.019417683097185397,nr111.png,6.0,0.06134222614792659,nr83.png,5.0,0.10812118997296412,nr52.png,7.0,0.06928582377859334,nr39.png,3.0,0.04898551872244497,nr19.png,5.0,0.0,nr74.png,1.0,0.0,nr101.png,6.0,0.0511920736198524,nr18.png,6.0,0.05957698223000064,nr20.png,7.0,0.1085625009524456,nr95.png,4.0,0.0,nr29.png,5.0,0.02338948191251877,nr76.png,5.0,0.029126524645778088,nr14.png,16
1675,14.0,144.0,25.0,3.0,4603.0,6.0,0.0,nr44.png,3.0,0.04677896382503754,nr48.png,5.0,0.03927667717385228,nr11.png,4.0,0.019417683097185397,nr111.png,6.0,0.06134222614792659,nr83.png,5.0,0.10812118997296412,nr52.png,7.0,0.06928582377859334,nr39.png,3.0,0.04898551872244497,nr19.png,5.0,0.0,nr74.png,1.0,0.0,nr101.png,6.0,0.0511920736198524,nr18.png,6.0,0.05957698223000064,nr20.png,7.0,0.1085625009524456,nr95.png,4.0,0.0,nr29.png,5.0,0.02338948191251877,nr76.png,5.0,0.029126524645778088,nr14.png,16
1676,14.0,144.0,26.0,12.0,5661.0,6.0,0.0,nr44.png,3.0,0.04677896382503754,nr48.png,5.0,0.03927667717385228,nr11.png,4.0,0.019417683097185397,nr111.png,6.0,0.06134222614792659,nr83.png,5.0,0.10812118997296412,nr52.png,7.0,0.06928582377859334,nr39.png,3.0,0.04898551872244497,nr19.png,5.0,0.0,nr74.png,1.0,0.0,nr101.png,6.0,0.0511920736198524,nr18.png,6.0,0.05957698223000064,nr20.png,7.0,0.1085625009524456,nr95.png,4.0,0.0,nr29.png,5.0,0.02338948191251877,nr76.png,5.0,0.029126524645778088,nr14.png,16
1677,14.0,144.0,27.0,12.0,4471.0,6.0,0.0,nr44.png,3.0,0.04677896382503754,nr48.png,5.0,0.03927667717385228,nr11.png,4.0,0.019417683097185397,nr111.png,6.0,0.06134222614792659,nr83.png,5.0,0.10812118997296412,nr52.png,7.0,0.06928582377859334,nr39.png,3.0,0.04898551872244497,nr19.png,5.0,0.0,nr74.png,1.0,0.0,nr101.png,6.0,0.0511920736198524,nr18.png,6.0,0.05957698223000064,nr20.png,7.0,0.1085625009524456,nr95.png,4.0,0.0,nr29.png,5.0,0.02338948191251877,nr76.png,5.0,0.029126524645778088,nr14.png,16
1678,14.0,144.0,28.0,12.0,3454.0,6.0,0.0,nr44.png,3.0,0.04677896382503754,nr48.png,5.0,0.03927667717385228,nr11.png,4.0,0.019417683097185397,nr111.png,6.0,0.06134222614792659,nr83.png,5.0,0.10812118997296412,nr52.png,7.0,0.06928582377859334,nr39.png,3.0,0.04898551872244497,nr19.png,5.0,0.0,nr74.png,1.0,0.0,nr101.png,6.0,0.0511920736198524,nr18.png,6.0,0.05957698223000064,nr20.png,7.0,0.1085625009524456,nr95.png,4.0,0.0,nr29.png,5.0,0.02338948191251877,nr76.png,5.0,0.029126524645778088,nr14.png,16
1679,14.0,144.0,29.0,6.0,5792.0,6.0,0.0,nr44.png,3.0,0.04677896382503754,nr48.png,5.0,0.03927667717385228,nr11.png,4.0,0.019417683097185397,nr111.png,6.0,0.06134222614792659,nr83.png,5.0,0.10812118997296412,nr52.png,7.0,0.06928582377859334,nr39.png,3.0,0.04898551872244497,nr19.png,5.0,0.0,nr74.png,1.0,0.0,nr101.png,6.0,0.0511920736198524,nr18.png,6.0,0.05957698223000064,nr20.png,7.0,0.1085625009524456,nr95.png,4.0,0.0,nr29.png,5.0,0.02338948191251877,nr76.png,5.0,0.029126524645778088,nr14.png,16
1680,14.0,144.0,30.0,6.0,4790.0,6.0,0.0,nr44.png,3.0,0.04677896382503754,nr48.png,5.0,0.03927667717385228,nr11.png,4.0,0.019417683097185397,nr111.png,6.0,0.06134222614792659,nr83.png,5.0,0.10812118997296412,nr52.png,7.0,0.06928582377859334,nr39.png,3.0,0.04898551872244497,nr19.png,5.0,0.0,nr74.png,1.0,0.0,nr101.png,6.0,0.0511920736198524,nr18.png,6.0,0.05957698223000064,nr20.png,7.0,0.1085625009524456,nr95.png,4.0,0.0,nr29.png,5.0,0.02338948191251877,nr76.png,5.0,0.029126524645778088,nr14.png,16
1681,14.0,144.0,31.0,2.0,4649.0,6.0,0.0,nr44.png,3.0,0.04677896382503754,nr48.png,5.0,0.03927667717385228,nr11.png,4.0,0.019417683097185397,nr111.png,6.0,0.06134222614792659,nr83.png,5.0,0.10812118997296412,nr52.png,7.0,0.06928582377859334,nr39.png,3.0,0.04898551872244497,nr19.png,5.0,0.0,nr74.png,1.0,0.0,nr101.png,6.0,0.0511920736198524,nr18.png,6.0,0.05957698223000064,nr20.png,7.0,0.1085625009524456,nr95.png,4.0,0.0,nr29.png,5.0,0.02338948191251877,nr76.png,5.0,0.029126524645778088,nr14.png,16
1682,14.0,144.0,32.0,4.0,5109.0,6.0,0.0,nr44.png,3.0,0.04677896382503754,nr48.png,5.0,0.03927667717385228,nr11.png,4.0,0.019417683097185397,nr111.png,6.0,0.06134222614792659,nr83.png,5.0,0.10812118997296412,nr52.png,7.0,0.06928582377859334,nr39.png,3.0,0.04898551872244497,nr19.png,5.0,0.0,nr74.png,1.0,0.0,nr101.png,6.0,0.0511920736198524,nr18.png,6.0,0.05957698223000064,nr20.png,7.0,0.1085625009524456,nr95.png,4.0,0.0,nr29.png,5.0,0.02338948191251877,nr76.png,5.0,0.029126524645778088,nr14.png,16
1683,14.0,144.0,33.0,11.0,3941.0,6.0,0.0,nr44.png,3.0,0.04677896382503754,nr48.png,5.0,0.03927667717385228,nr11.png,4.0,0.019417683097185397,nr111.png,6.0,0.06134222614792659,nr83.png,5.0,0.10812118997296412,nr52.png,7.0,0.06928582377859334,nr39.png,3.0,0.04898551872244497,nr19.png,5.0,0.0,nr74.png,1.0,0.0,nr101.png,6.0,0.0511920736198524,nr18.png,6.0,0.05957698223000064,nr20.png,7.0,0.1085625009524456,nr95.png,4.0,0.0,nr29.png,5.0,0.02338948191251877,nr76.png,5.0,0.029126524645778088,nr14.png,16
1684,14.0,144.0,34.0,11.0,4327.0,6.0,0.0,nr44.png,3.0,0.04677896382503754,nr48.png,5.0,0.03927667717385228,nr11.png,4.0,0.019417683097185397,nr111.png,6.0,0.06134222614792659,nr83.png,5.0,0.10812118997296412,nr52.png,7.0,0.06928582377859334,nr39.png,3.0,0.04898551872244497,nr19.png,5.0,0.0,nr74.png,1.0,0.0,nr101.png,6.0,0.0511920736198524,nr18.png,6.0,0.05957698223000064,nr20.png,7.0,0.1085625009524456,nr95.png,4.0,0.0,nr29.png,5.0,0.02338948191251877,nr76.png,5.0,0.029126524645778088,nr14.png,16
1685,14.0,144.0,35.0,10.0,7655.0,6.0,0.0,nr44.png,3.0,0.04677896382503754,nr48.png,5.0,0.03927667717385228,nr11.png,4.0,0.019417683097185397,nr111.png,6.0,0.06134222614792659,nr83.png,5.0,0.10812118997296412,nr52.png,7.0,0.06928582377859334,nr39.png,3.0,0.04898551872244497,nr19.png,5.0,0.0,nr74.png,1.0,0.0,nr101.png,6.0,0.0511920736198524,nr18.png,6.0,0.05957698223000064,nr20.png,7.0,0.1085625009524456,nr95.png,4.0,0.0,nr29.png,5.0,0.02338948191251877,nr76.png,5.0,0.029126524645778088,nr14.png,16
1686,14.0,144.0,36.0,12.0,5662.0,6.0,0.0,nr44.png,3.0,0.04677896382503754,nr48.png,5.0,0.03927667717385228,nr11.png,4.0,0.019417683097185397,nr111.png,6.0,0.06134222614792659,nr83.png,5.0,0.10812118997296412,nr52.png,7.0,0.06928582377859334,nr39.png,3.0,0.04898551872244497,nr19.png,5.0,0.0,nr74.png,1.0,0.0,nr101.png,6.0,0.0511920736198524,nr18.png,6.0,0.05957698223000064,nr20.png,7.0,0.1085625009524456,nr95.png,4.0,0.0,nr29.png,5.0,0.02338948191251877,nr76.png,5.0,0.029126524645778088,nr14.png,16
1687,14.0,144.0,37.0,12.0,5808.0,6.0,0.0,nr44.png,3.0,0.04677896382503754,nr48.png,5.0,0.03927667717385228,nr11.png,4.0,0.019417683097185397,nr111.png,6.0,0.06134222614792659,nr83.png,5.0,0.10812118997296412,nr52.png,7.0,0.06928582377859334,nr39.png,3.0,0.04898551872244497,nr19.png,5.0,0.0,nr74.png,1.0,0.0,nr101.png,6.0,0.0511920736198524,nr18.png,6.0,0.05957698223000064,nr20.png,7.0,0.1085625009524456,nr95.png,4.0,0.0,nr29.png,5.0,0.02338948191251877,nr76.png,5.0,0.029126524645778088,nr14.png,16
1688,14.0,144.0,38.0,4.0,3636.0,6.0,0.0,nr44.png,3.0,0.04677896382503754,nr48.png,5.0,0.03927667717385228,nr11.png,4.0,0.019417683097185397,nr111.png,6.0,0.06134222614792659,nr83.png,5.0,0.10812118997296412,nr52.png,7.0,0.06928582377859334,nr39.png,3.0,0.04898551872244497,nr19.png,5.0,0.0,nr74.png,1.0,0.0,nr101.png,6.0,0.0511920736198524,nr18.png,6.0,0.05957698223000064,nr20.png,7.0,0.1085625009524456,nr95.png,4.0,0.0,nr29.png,5.0,0.02338948191251877,nr76.png,5.0,0.029126524645778088,nr14.png,16
1689,14.0,144.0,39.0,12.0,3509.0,6.0,0.0,nr44.png,3.0,0.04677896382503754,nr48.png,5.0,0.03927667717385228,nr11.png,4.0,0.019417683097185397,nr111.png,6.0,0.06134222614792659,nr83.png,5.0,0.10812118997296412,nr52.png,7.0,0.06928582377859334,nr39.png,3.0,0.04898551872244497,nr19.png,5.0,0.0,nr74.png,1.0,0.0,nr101.png,6.0,0.0511920736198524,nr18.png,6.0,0.05957698223000064,nr20.png,7.0,0.1085625009524456,nr95.png,4.0,0.0,nr29.png,5.0,0.02338948191251877,nr76.png,5.0,0.029126524645778088,nr14.png,16
1690,14.0,144.0,40.0,12.0,3887.0,6.0,0.0,nr44.png,3.0,0.04677896382503754,nr48.png,5.0,0.03927667717385228,nr11.png,4.0,0.019417683097185397,nr111.png,6.0,0.06134222614792659,nr83.png,5.0,0.10812118997296412,nr52.png,7.0,0.06928582377859334,nr39.png,3.0,0.04898551872244497,nr19.png,5.0,0.0,nr74.png,1.0,0.0,nr101.png,6.0,0.0511920736198524,nr18.png,6.0,0.05957698223000064,nr20.png,7.0,0.1085625009524456,nr95.png,4.0,0.0,nr29.png,5.0,0.02338948191251877,nr76.png,5.0,0.029126524645778088,nr14.png,16
1691,14.0,144.0,41.0,12.0,5885.0,6.0,0.0,nr44.png,3.0,0.04677896382503754,nr48.png,5.0,0.03927667717385228,nr11.png,4.0,0.019417683097185397,nr111.png,6.0,0.06134222614792659,nr83.png,5.0,0.10812118997296412,nr52.png,7.0,0.06928582377859334,nr39.png,3.0,0.04898551872244497,nr19.png,5.0,0.0,nr74.png,1.0,0.0,nr101.png,6.0,0.0511920736198524,nr18.png,6.0,0.05957698223000064,nr20.png,7.0,0.1085625009524456,nr95.png,4.0,0.0,nr29.png,5.0,0.02338948191251877,nr76.png,5.0,0.029126524645778088,nr14.png,16
1692,14.0,144.0,42.0,12.0,4052.0,6.0,0.0,nr44.png,3.0,0.04677896382503754,nr48.png,5.0,0.03927667717385228,nr11.png,4.0,0.019417683097185397,nr111.png,6.0,0.06134222614792659,nr83.png,5.0,0.10812118997296412,nr52.png,7.0,0.06928582377859334,nr39.png,3.0,0.04898551872244497,nr19.png,5.0,0.0,nr74.png,1.0,0.0,nr101.png,6.0,0.0511920736198524,nr18.png,6.0,0.05957698223000064,nr20.png,7.0,0.1085625009524456,nr95.png,4.0,0.0,nr29.png,5.0,0.02338948191251877,nr76.png,5.0,0.029126524645778088,nr14.png,16
1693,14.0,144.0,43.0,12.0,4401.0,6.0,0.0,nr44.png,3.0,0.04677896382503754,nr48.png,5.0,0.03927667717385228,nr11.png,4.0,0.019417683097185397,nr111.png,6.0,0.06134222614792659,nr83.png,5.0,0.10812118997296412,nr52.png,7.0,0.06928582377859334,nr39.png,3.0,0.04898551872244497,nr19.png,5.0,0.0,nr74.png,1.0,0.0,nr101.png,6.0,0.0511920736198524,nr18.png,6.0,0.05957698223000064,nr20.png,7.0,0.1085625009524456,nr95.png,4.0,0.0,nr29.png,5.0,0.02338948191251877,nr76.png,5.0,0.029126524645778088,nr14.png,16
1694,14.0,144.0,44.0,11.0,3659.0,6.0,0.0,nr44.png,3.0,0.04677896382503754,nr48.png,5.0,0.03927667717385228,nr11.png,4.0,0.019417683097185397,nr111.png,6.0,0.06134222614792659,nr83.png,5.0,0.10812118997296412,nr52.png,7.0,0.06928582377859334,nr39.png,3.0,0.04898551872244497,nr19.png,5.0,0.0,nr74.png,1.0,0.0,nr101.png,6.0,0.0511920736198524,nr18.png,6.0,0.05957698223000064,nr20.png,7.0,0.1085625009524456,nr95.png,4.0,0.0,nr29.png,5.0,0.02338948191251877,nr76.png,5.0,0.029126524645778088,nr14.png,16
1695,14.0,144.0,45.0,11.0,5222.0,6.0,0.0,nr44.png,3.0,0.04677896382503754,nr48.png,5.0,0.03927667717385228,nr11.png,4.0,0.019417683097185397,nr111.png,6.0,0.06134222614792659,nr83.png,5.0,0.10812118997296412,nr52.png,7.0,0.06928582377859334,nr39.png,3.0,0.04898551872244497,nr19.png,5.0,0.0,nr74.png,1.0,0.0,nr101.png,6.0,0.0511920736198524,nr18.png,6.0,0.05957698223000064,nr20.png,7.0,0.1085625009524456,nr95.png,4.0,0.0,nr29.png,5.0,0.02338948191251877,nr76.png,5.0,0.029126524645778088,nr14.png,16
1696,14.0,144.0,46.0,6.0,4426.0,6.0,0.0,nr44.png,3.0,0.04677896382503754,nr48.png,5.0,0.03927667717385228,nr11.png,4.0,0.019417683097185397,nr111.png,6.0,0.06134222614792659,nr83.png,5.0,0.10812118997296412,nr52.png,7.0,0.06928582377859334,nr39.png,3.0,0.04898551872244497,nr19.png,5.0,0.0,nr74.png,1.0,0.0,nr101.png,6.0,0.0511920736198524,nr18.png,6.0,0.05957698223000064,nr20.png,7.0,0.1085625009524456,nr95.png,4.0,0.0,nr29.png,5.0,0.02338948191251877,nr76.png,5.0,0.029126524645778088,nr14.png,16
1697,14.0,144.0,47.0,12.0,4723.0,6.0,0.0,nr44.png,3.0,0.04677896382503754,nr48.png,5.0,0.03927667717385228,nr11.png,4.0,0.019417683097185397,nr111.png,6.0,0.06134222614792659,nr83.png,5.0,0.10812118997296412,nr52.png,7.0,0.06928582377859334,nr39.png,3.0,0.04898551872244497,nr19.png,5.0,0.0,nr74.png,1.0,0.0,nr101.png,6.0,0.0511920736198524,nr18.png,6.0,0.05957698223000064,nr20.png,7.0,0.1085625009524456,nr95.png,4.0,0.0,nr29.png,5.0,0.02338948191251877,nr76.png,5.0,0.029126524645778088,nr14.png,16
1698,14.0,144.0,48.0,6.0,4798.0,6.0,0.0,nr44.png,3.0,0.04677896382503754,nr48.png,5.0,0.03927667717385228,nr11.png,4.0,0.019417683097185397,nr111.png,6.0,0.06134222614792659,nr83.png,5.0,0.10812118997296412,nr52.png,7.0,0.06928582377859334,nr39.png,3.0,0.04898551872244497,nr19.png,5.0,0.0,nr74.png,1.0,0.0,nr101.png,6.0,0.0511920736198524,nr18.png,6.0,0.05957698223000064,nr20.png,7.0,0.1085625009524456,nr95.png,4.0,0.0,nr29.png,5.0,0.02338948191251877,nr76.png,5.0,0.029126524645778088,nr14.png,16
1699,14.0,144.0,49.0,11.0,3403.0,6.0,0.0,nr44.png,3.0,0.04677896382503754,nr48.png,5.0,0.03927667717385228,nr11.png,4.0,0.019417683097185397,nr111.png,6.0,0.06134222614792659,nr83.png,5.0,0.10812118997296412,nr52.png,7.0,0.06928582377859334,nr39.png,3.0,0.04898551872244497,nr19.png,5.0,0.0,nr74.png,1.0,0.0,nr101.png,6.0,0.0511920736198524,nr18.png,6.0,0.05957698223000064,nr20.png,7.0,0.1085625009524456,nr95.png,4.0,0.0,nr29.png,5.0,0.02338948191251877,nr76.png,5.0,0.029126524645778088,nr14.png,16
1700,14.0,147.0,0.0,10.0,4098.0,5.0,0.0,nr15.png,5.0,0.052259877079674916,nr11.png,7.0,0.061802985068137285,nr30.png,1.0,0.0,nr72.png,7.0,0.0,nr46.png,7.0,0.08384302018434801,nr75.png,6.0,0.0,nr83.png,7.0,0.046352238801102966,nr65.png,7.0,0.0,nr79.png,4.0,0.06861949077418182,nr2.png,3.0,0.061802985068137285,nr1.png,5.0,0.08770570675110659,nr96.png,6.0,0.0,nr53.png,7.0,0.11678946443023006,nr39.png,2.0,0.08543353818242508,nr50.png,3.0,0.050896575938466,nr90.png,16
1701,14.0,147.0,1.0,12.0,4302.0,5.0,0.0,nr15.png,5.0,0.052259877079674916,nr11.png,7.0,0.061802985068137285,nr30.png,1.0,0.0,nr72.png,7.0,0.0,nr46.png,7.0,0.08384302018434801,nr75.png,6.0,0.0,nr83.png,7.0,0.046352238801102966,nr65.png,7.0,0.0,nr79.png,4.0,0.06861949077418182,nr2.png,3.0,0.061802985068137285,nr1.png,5.0,0.08770570675110659,nr96.png,6.0,0.0,nr53.png,7.0,0.11678946443023006,nr39.png,2.0,0.08543353818242508,nr50.png,3.0,0.050896575938466,nr90.png,16
1702,14.0,147.0,2.0,13.0,5033.0,5.0,0.0,nr15.png,5.0,0.052259877079674916,nr11.png,7.0,0.061802985068137285,nr30.png,1.0,0.0,nr72.png,7.0,0.0,nr46.png,7.0,0.08384302018434801,nr75.png,6.0,0.0,nr83.png,7.0,0.046352238801102966,nr65.png,7.0,0.0,nr79.png,4.0,0.06861949077418182,nr2.png,3.0,0.061802985068137285,nr1.png,5.0,0.08770570675110659,nr96.png,6.0,0.0,nr53.png,7.0,0.11678946443023006,nr39.png,2.0,0.08543353818242508,nr50.png,3.0,0.050896575938466,nr90.png,16
1703,14.0,147.0,3.0,2.0,4287.0,5.0,0.0,nr15.png,5.0,0.052259877079674916,nr11.png,7.0,0.061802985068137285,nr30.png,1.0,0.0,nr72.png,7.0,0.0,nr46.png,7.0,0.08384302018434801,nr75.png,6.0,0.0,nr83.png,7.0,0.046352238801102966,nr65.png,7.0,0.0,nr79.png,4.0,0.06861949077418182,nr2.png,3.0,0.061802985068137285,nr1.png,5.0,0.08770570675110659,nr96.png,6.0,0.0,nr53.png,7.0,0.11678946443023006,nr39.png,2.0,0.08543353818242508,nr50.png,3.0,0.050896575938466,nr90.png,16
1704,14.0,147.0,4.0,7.0,3792.0,5.0,0.0,nr15.png,5.0,0.052259877079674916,nr11.png,7.0,0.061802985068137285,nr30.png,1.0,0.0,nr72.png,7.0,0.0,nr46.png,7.0,0.08384302018434801,nr75.png,6.0,0.0,nr83.png,7.0,0.046352238801102966,nr65.png,7.0,0.0,nr79.png,4.0,0.06861949077418182,nr2.png,3.0,0.061802985068137285,nr1.png,5.0,0.08770570675110659,nr96.png,6.0,0.0,nr53.png,7.0,0.11678946443023006,nr39.png,2.0,0.08543353818242508,nr50.png,3.0,0.050896575938466,nr90.png,16
1705,14.0,147.0,5.0,7.0,5015.0,5.0,0.0,nr15.png,5.0,0.052259877079674916,nr11.png,7.0,0.061802985068137285,nr30.png,1.0,0.0,nr72.png,7.0,0.0,nr46.png,7.0,0.08384302018434801,nr75.png,6.0,0.0,nr83.png,7.0,0.046352238801102966,nr65.png,7.0,0.0,nr79.png,4.0,0.06861949077418182,nr2.png,3.0,0.061802985068137285,nr1.png,5.0,0.08770570675110659,nr96.png,6.0,0.0,nr53.png,7.0,0.11678946443023006,nr39.png,2.0,0.08543353818242508,nr50.png,3.0,0.050896575938466,nr90.png,16
1706,14.0,147.0,6.0,2.0,3786.0,5.0,0.0,nr15.png,5.0,0.052259877079674916,nr11.png,7.0,0.061802985068137285,nr30.png,1.0,0.0,nr72.png,7.0,0.0,nr46.png,7.0,0.08384302018434801,nr75.png,6.0,0.0,nr83.png,7.0,0.046352238801102966,nr65.png,7.0,0.0,nr79.png,4.0,0.06861949077418182,nr2.png,3.0,0.061802985068137285,nr1.png,5.0,0.08770570675110659,nr96.png,6.0,0.0,nr53.png,7.0,0.11678946443023006,nr39.png,2.0,0.08543353818242508,nr50.png,3.0,0.050896575938466,nr90.png,16
1707,14.0,147.0,7.0,2.0,4818.0,5.0,0.0,nr15.png,5.0,0.052259877079674916,nr11.png,7.0,0.061802985068137285,nr30.png,1.0,0.0,nr72.png,7.0,0.0,nr46.png,7.0,0.08384302018434801,nr75.png,6.0,0.0,nr83.png,7.0,0.046352238801102966,nr65.png,7.0,0.0,nr79.png,4.0,0.06861949077418182,nr2.png,3.0,0.061802985068137285,nr1.png,5.0,0.08770570675110659,nr96.png,6.0,0.0,nr53.png,7.0,0.11678946443023006,nr39.png,2.0,0.08543353818242508,nr50.png,3.0,0.050896575938466,nr90.png,16
1708,14.0,147.0,8.0,2.0,3920.0,5.0,0.0,nr15.png,5.0,0.052259877079674916,nr11.png,7.0,0.061802985068137285,nr30.png,1.0,0.0,nr72.png,7.0,0.0,nr46.png,7.0,0.08384302018434801,nr75.png,6.0,0.0,nr83.png,7.0,0.046352238801102966,nr65.png,7.0,0.0,nr79.png,4.0,0.06861949077418182,nr2.png,3.0,0.061802985068137285,nr1.png,5.0,0.08770570675110659,nr96.png,6.0,0.0,nr53.png,7.0,0.11678946443023006,nr39.png,2.0,0.08543353818242508,nr50.png,3.0,0.050896575938466,nr90.png,16
1709,14.0,147.0,9.0,13.0,4940.0,5.0,0.0,nr15.png,5.0,0.052259877079674916,nr11.png,7.0,0.061802985068137285,nr30.png,1.0,0.0,nr72.png,7.0,0.0,nr46.png,7.0,0.08384302018434801,nr75.png,6.0,0.0,nr83.png,7.0,0.046352238801102966,nr65.png,7.0,0.0,nr79.png,4.0,0.06861949077418182,nr2.png,3.0,0.061802985068137285,nr1.png,5.0,0.08770570675110659,nr96.png,6.0,0.0,nr53.png,7.0,0.11678946443023006,nr39.png,2.0,0.08543353818242508,nr50.png,3.0,0.050896575938466,nr90.png,16
1710,14.0,147.0,10.0,13.0,3221.0,5.0,0.0,nr15.png,5.0,0.052259877079674916,nr11.png,7.0,0.061802985068137285,nr30.png,1.0,0.0,nr72.png,7.0,0.0,nr46.png,7.0,0.08384302018434801,nr75.png,6.0,0.0,nr83.png,7.0,0.046352238801102966,nr65.png,7.0,0.0,nr79.png,4.0,0.06861949077418182,nr2.png,3.0,0.061802985068137285,nr1.png,5.0,0.08770570675110659,nr96.png,6.0,0.0,nr53.png,7.0,0.11678946443023006,nr39.png,2.0,0.08543353818242508,nr50.png,3.0,0.050896575938466,nr90.png,16
1711,14.0,147.0,11.0,8.0,4111.0,5.0,0.0,nr15.png,5.0,0.052259877079674916,nr11.png,7.0,0.061802985068137285,nr30.png,1.0,0.0,nr72.png,7.0,0.0,nr46.png,7.0,0.08384302018434801,nr75.png,6.0,0.0,nr83.png,7.0,0.046352238801102966,nr65.png,7.0,0.0,nr79.png,4.0,0.06861949077418182,nr2.png,3.0,0.061802985068137285,nr1.png,5.0,0.08770570675110659,nr96.png,6.0,0.0,nr53.png,7.0,0.11678946443023006,nr39.png,2.0,0.08543353818242508,nr50.png,3.0,0.050896575938466,nr90.png,16
1712,14.0,147.0,12.0,2.0,4189.0,5.0,0.0,nr15.png,5.0,0.052259877079674916,nr11.png,7.0,0.061802985068137285,nr30.png,1.0,0.0,nr72.png,7.0,0.0,nr46.png,7.0,0.08384302018434801,nr75.png,6.0,0.0,nr83.png,7.0,0.046352238801102966,nr65.png,7.0,0.0,nr79.png,4.0,0.06861949077418182,nr2.png,3.0,0.061802985068137285,nr1.png,5.0,0.08770570675110659,nr96.png,6.0,0.0,nr53.png,7.0,0.11678946443023006,nr39.png,2.0,0.08543353818242508,nr50.png,3.0,0.050896575938466,nr90.png,16
1713,14.0,147.0,13.0,5.0,4689.0,5.0,0.0,nr15.png,5.0,0.052259877079674916,nr11.png,7.0,0.061802985068137285,nr30.png,1.0,0.0,nr72.png,7.0,0.0,nr46.png,7.0,0.08384302018434801,nr75.png,6.0,0.0,nr83.png,7.0,0.046352238801102966,nr65.png,7.0,0.0,nr79.png,4.0,0.06861949077418182,nr2.png,3.0,0.061802985068137285,nr1.png,5.0,0.08770570675110659,nr96.png,6.0,0.0,nr53.png,7.0,0.11678946443023006,nr39.png,2.0,0.08543353818242508,nr50.png,3.0,0.050896575938466,nr90.png,16
1714,14.0,147.0,14.0,13.0,4677.0,5.0,0.0,nr15.png,5.0,0.052259877079674916,nr11.png,7.0,0.061802985068137285,nr30.png,1.0,0.0,nr72.png,7.0,0.0,nr46.png,7.0,0.08384302018434801,nr75.png,6.0,0.0,nr83.png,7.0,0.046352238801102966,nr65.png,7.0,0.0,nr79.png,4.0,0.06861949077418182,nr2.png,3.0,0.061802985068137285,nr1.png,5.0,0.08770570675110659,nr96.png,6.0,0.0,nr53.png,7.0,0.11678946443023006,nr39.png,2.0,0.08543353818242508,nr50.png,3.0,0.050896575938466,nr90.png,16
1715,14.0,147.0,15.0,13.0,5031.0,5.0,0.0,nr15.png,5.0,0.052259877079674916,nr11.png,7.0,0.061802985068137285,nr30.png,1.0,0.0,nr72.png,7.0,0.0,nr46.png,7.0,0.08384302018434801,nr75.png,6.0,0.0,nr83.png,7.0,0.046352238801102966,nr65.png,7.0,0.0,nr79.png,4.0,0.06861949077418182,nr2.png,3.0,0.061802985068137285,nr1.png,5.0,0.08770570675110659,nr96.png,6.0,0.0,nr53.png,7.0,0.11678946443023006,nr39.png,2.0,0.08543353818242508,nr50.png,3.0,0.050896575938466,nr90.png,16
1716,14.0,147.0,16.0,8.0,4373.0,5.0,0.0,nr15.png,5.0,0.052259877079674916,nr11.png,7.0,0.061802985068137285,nr30.png,1.0,0.0,nr72.png,7.0,0.0,nr46.png,7.0,0.08384302018434801,nr75.png,6.0,0.0,nr83.png,7.0,0.046352238801102966,nr65.png,7.0,0.0,nr79.png,4.0,0.06861949077418182,nr2.png,3.0,0.061802985068137285,nr1.png,5.0,0.08770570675110659,nr96.png,6.0,0.0,nr53.png,7.0,0.11678946443023006,nr39.png,2.0,0.08543353818242508,nr50.png,3.0,0.050896575938466,nr90.png,16
1717,14.0,147.0,17.0,7.0,4477.0,5.0,0.0,nr15.png,5.0,0.052259877079674916,nr11.png,7.0,0.061802985068137285,nr30.png,1.0,0.0,nr72.png,7.0,0.0,nr46.png,7.0,0.08384302018434801,nr75.png,6.0,0.0,nr83.png,7.0,0.046352238801102966,nr65.png,7.0,0.0,nr79.png,4.0,0.06861949077418182,nr2.png,3.0,0.061802985068137285,nr1.png,5.0,0.08770570675110659,nr96.png,6.0,0.0,nr53.png,7.0,0.11678946443023006,nr39.png,2.0,0.08543353818242508,nr50.png,3.0,0.050896575938466,nr90.png,16
1718,14.0,147.0,18.0,7.0,4539.0,5.0,0.0,nr15.png,5.0,0.052259877079674916,nr11.png,7.0,0.061802985068137285,nr30.png,1.0,0.0,nr72.png,7.0,0.0,nr46.png,7.0,0.08384302018434801,nr75.png,6.0,0.0,nr83.png,7.0,0.046352238801102966,nr65.png,7.0,0.0,nr79.png,4.0,0.06861949077418182,nr2.png,3.0,0.061802985068137285,nr1.png,5.0,0.08770570675110659,nr96.png,6.0,0.0,nr53.png,7.0,0.11678946443023006,nr39.png,2.0,0.08543353818242508,nr50.png,3.0,0.050896575938466,nr90.png,16
1719,14.0,147.0,19.0,8.0,4127.0,5.0,0.0,nr15.png,5.0,0.052259877079674916,nr11.png,7.0,0.061802985068137285,nr30.png,1.0,0.0,nr72.png,7.0,0.0,nr46.png,7.0,0.08384302018434801,nr75.png,6.0,0.0,nr83.png,7.0,0.046352238801102966,nr65.png,7.0,0.0,nr79.png,4.0,0.06861949077418182,nr2.png,3.0,0.061802985068137285,nr1.png,5.0,0.08770570675110659,nr96.png,6.0,0.0,nr53.png,7.0,0.11678946443023006,nr39.png,2.0,0.08543353818242508,nr50.png,3.0,0.050896575938466,nr90.png,16
1720,14.0,147.0,20.0,7.0,5176.0,5.0,0.0,nr15.png,5.0,0.052259877079674916,nr11.png,7.0,0.061802985068137285,nr30.png,1.0,0.0,nr72.png,7.0,0.0,nr46.png,7.0,0.08384302018434801,nr75.png,6.0,0.0,nr83.png,7.0,0.046352238801102966,nr65.png,7.0,0.0,nr79.png,4.0,0.06861949077418182,nr2.png,3.0,0.061802985068137285,nr1.png,5.0,0.08770570675110659,nr96.png,6.0,0.0,nr53.png,7.0,0.11678946443023006,nr39.png,2.0,0.08543353818242508,nr50.png,3.0,0.050896575938466,nr90.png,16
1721,14.0,147.0,21.0,5.0,4363.0,5.0,0.0,nr15.png,5.0,0.052259877079674916,nr11.png,7.0,0.061802985068137285,nr30.png,1.0,0.0,nr72.png,7.0,0.0,nr46.png,7.0,0.08384302018434801,nr75.png,6.0,0.0,nr83.png,7.0,0.046352238801102966,nr65.png,7.0,0.0,nr79.png,4.0,0.06861949077418182,nr2.png,3.0,0.061802985068137285,nr1.png,5.0,0.08770570675110659,nr96.png,6.0,0.0,nr53.png,7.0,0.11678946443023006,nr39.png,2.0,0.08543353818242508,nr50.png,3.0,0.050896575938466,nr90.png,16
1722,14.0,147.0,22.0,13.0,4411.0,5.0,0.0,nr15.png,5.0,0.052259877079674916,nr11.png,7.0,0.061802985068137285,nr30.png,1.0,0.0,nr72.png,7.0,0.0,nr46.png,7.0,0.08384302018434801,nr75.png,6.0,0.0,nr83.png,7.0,0.046352238801102966,nr65.png,7.0,0.0,nr79.png,4.0,0.06861949077418182,nr2.png,3.0,0.061802985068137285,nr1.png,5.0,0.08770570675110659,nr96.png,6.0,0.0,nr53.png,7.0,0.11678946443023006,nr39.png,2.0,0.08543353818242508,nr50.png,3.0,0.050896575938466,nr90.png,16
1723,14.0,147.0,23.0,2.0,4305.0,5.0,0.0,nr15.png,5.0,0.052259877079674916,nr11.png,7.0,0.061802985068137285,nr30.png,1.0,0.0,nr72.png,7.0,0.0,nr46.png,7.0,0.08384302018434801,nr75.png,6.0,0.0,nr83.png,7.0,0.046352238801102966,nr65.png,7.0,0.0,nr79.png,4.0,0.06861949077418182,nr2.png,3.0,0.061802985068137285,nr1.png,5.0,0.08770570675110659,nr96.png,6.0,0.0,nr53.png,7.0,0.11678946443023006,nr39.png,2.0,0.08543353818242508,nr50.png,3.0,0.050896575938466,nr90.png,16
1724,14.0,147.0,24.0,8.0,5191.0,5.0,0.0,nr15.png,5.0,0.052259877079674916,nr11.png,7.0,0.061802985068137285,nr30.png,1.0,0.0,nr72.png,7.0,0.0,nr46.png,7.0,0.08384302018434801,nr75.png,6.0,0.0,nr83.png,7.0,0.046352238801102966,nr65.png,7.0,0.0,nr79.png,4.0,0.06861949077418182,nr2.png,3.0,0.061802985068137285,nr1.png,5.0,0.08770570675110659,nr96.png,6.0,0.0,nr53.png,7.0,0.11678946443023006,nr39.png,2.0,0.08543353818242508,nr50.png,3.0,0.050896575938466,nr90.png,16
1725,14.0,147.0,25.0,4.0,4570.0,5.0,0.0,nr15.png,5.0,0.052259877079674916,nr11.png,7.0,0.061802985068137285,nr30.png,1.0,0.0,nr72.png,7.0,0.0,nr46.png,7.0,0.08384302018434801,nr75.png,6.0,0.0,nr83.png,7.0,0.046352238801102966,nr65.png,7.0,0.0,nr79.png,4.0,0.06861949077418182,nr2.png,3.0,0.061802985068137285,nr1.png,5.0,0.08770570675110659,nr96.png,6.0,0.0,nr53.png,7.0,0.11678946443023006,nr39.png,2.0,0.08543353818242508,nr50.png,3.0,0.050896575938466,nr90.png,16
1726,14.0,147.0,26.0,13.0,6204.0,5.0,0.0,nr15.png,5.0,0.052259877079674916,nr11.png,7.0,0.061802985068137285,nr30.png,1.0,0.0,nr72.png,7.0,0.0,nr46.png,7.0,0.08384302018434801,nr75.png,6.0,0.0,nr83.png,7.0,0.046352238801102966,nr65.png,7.0,0.0,nr79.png,4.0,0.06861949077418182,nr2.png,3.0,0.061802985068137285,nr1.png,5.0,0.08770570675110659,nr96.png,6.0,0.0,nr53.png,7.0,0.11678946443023006,nr39.png,2.0,0.08543353818242508,nr50.png,3.0,0.050896575938466,nr90.png,16
1727,14.0,147.0,27.0,13.0,3589.0,5.0,0.0,nr15.png,5.0,0.052259877079674916,nr11.png,7.0,0.061802985068137285,nr30.png,1.0,0.0,nr72.png,7.0,0.0,nr46.png,7.0,0.08384302018434801,nr75.png,6.0,0.0,nr83.png,7.0,0.046352238801102966,nr65.png,7.0,0.0,nr79.png,4.0,0.06861949077418182,nr2.png,3.0,0.061802985068137285,nr1.png,5.0,0.08770570675110659,nr96.png,6.0,0.0,nr53.png,7.0,0.11678946443023006,nr39.png,2.0,0.08543353818242508,nr50.png,3.0,0.050896575938466,nr90.png,16
1728,14.0,147.0,28.0,4.0,6560.0,5.0,0.0,nr15.png,5.0,0.052259877079674916,nr11.png,7.0,0.061802985068137285,nr30.png,1.0,0.0,nr72.png,7.0,0.0,nr46.png,7.0,0.08384302018434801,nr75.png,6.0,0.0,nr83.png,7.0,0.046352238801102966,nr65.png,7.0,0.0,nr79.png,4.0,0.06861949077418182,nr2.png,3.0,0.061802985068137285,nr1.png,5.0,0.08770570675110659,nr96.png,6.0,0.0,nr53.png,7.0,0.11678946443023006,nr39.png,2.0,0.08543353818242508,nr50.png,3.0,0.050896575938466,nr90.png,16
1729,14.0,147.0,29.0,5.0,3747.0,5.0,0.0,nr15.png,5.0,0.052259877079674916,nr11.png,7.0,0.061802985068137285,nr30.png,1.0,0.0,nr72.png,7.0,0.0,nr46.png,7.0,0.08384302018434801,nr75.png,6.0,0.0,nr83.png,7.0,0.046352238801102966,nr65.png,7.0,0.0,nr79.png,4.0,0.06861949077418182,nr2.png,3.0,0.061802985068137285,nr1.png,5.0,0.08770570675110659,nr96.png,6.0,0.0,nr53.png,7.0,0.11678946443023006,nr39.png,2.0,0.08543353818242508,nr50.png,3.0,0.050896575938466,nr90.png,16
1730,14.0,147.0,30.0,4.0,5781.0,5.0,0.0,nr15.png,5.0,0.052259877079674916,nr11.png,7.0,0.061802985068137285,nr30.png,1.0,0.0,nr72.png,7.0,0.0,nr46.png,7.0,0.08384302018434801,nr75.png,6.0,0.0,nr83.png,7.0,0.046352238801102966,nr65.png,7.0,0.0,nr79.png,4.0,0.06861949077418182,nr2.png,3.0,0.061802985068137285,nr1.png,5.0,0.08770570675110659,nr96.png,6.0,0.0,nr53.png,7.0,0.11678946443023006,nr39.png,2.0,0.08543353818242508,nr50.png,3.0,0.050896575938466,nr90.png,16
1731,14.0,147.0,31.0,13.0,3370.0,5.0,0.0,nr15.png,5.0,0.052259877079674916,nr11.png,7.0,0.061802985068137285,nr30.png,1.0,0.0,nr72.png,7.0,0.0,nr46.png,7.0,0.08384302018434801,nr75.png,6.0,0.0,nr83.png,7.0,0.046352238801102966,nr65.png,7.0,0.0,nr79.png,4.0,0.06861949077418182,nr2.png,3.0,0.061802985068137285,nr1.png,5.0,0.08770570675110659,nr96.png,6.0,0.0,nr53.png,7.0,0.11678946443023006,nr39.png,2.0,0.08543353818242508,nr50.png,3.0,0.050896575938466,nr90.png,16
1732,14.0,147.0,32.0,2.0,4505.0,5.0,0.0,nr15.png,5.0,0.052259877079674916,nr11.png,7.0,0.061802985068137285,nr30.png,1.0,0.0,nr72.png,7.0,0.0,nr46.png,7.0,0.08384302018434801,nr75.png,6.0,0.0,nr83.png,7.0,0.046352238801102966,nr65.png,7.0,0.0,nr79.png,4.0,0.06861949077418182,nr2.png,3.0,0.061802985068137285,nr1.png,5.0,0.08770570675110659,nr96.png,6.0,0.0,nr53.png,7.0,0.11678946443023006,nr39.png,2.0,0.08543353818242508,nr50.png,3.0,0.050896575938466,nr90.png,16
1733,14.0,147.0,33.0,5.0,4813.0,5.0,0.0,nr15.png,5.0,0.052259877079674916,nr11.png,7.0,0.061802985068137285,nr30.png,1.0,0.0,nr72.png,7.0,0.0,nr46.png,7.0,0.08384302018434801,nr75.png,6.0,0.0,nr83.png,7.0,0.046352238801102966,nr65.png,7.0,0.0,nr79.png,4.0,0.06861949077418182,nr2.png,3.0,0.061802985068137285,nr1.png,5.0,0.08770570675110659,nr96.png,6.0,0.0,nr53.png,7.0,0.11678946443023006,nr39.png,2.0,0.08543353818242508,nr50.png,3.0,0.050896575938466,nr90.png,16
1734,14.0,147.0,34.0,2.0,4070.0,5.0,0.0,nr15.png,5.0,0.052259877079674916,nr11.png,7.0,0.061802985068137285,nr30.png,1.0,0.0,nr72.png,7.0,0.0,nr46.png,7.0,0.08384302018434801,nr75.png,6.0,0.0,nr83.png,7.0,0.046352238801102966,nr65.png,7.0,0.0,nr79.png,4.0,0.06861949077418182,nr2.png,3.0,0.061802985068137285,nr1.png,5.0,0.08770570675110659,nr96.png,6.0,0.0,nr53.png,7.0,0.11678946443023006,nr39.png,2.0,0.08543353818242508,nr50.png,3.0,0.050896575938466,nr90.png,16
1735,14.0,147.0,35.0,13.0,5075.0,5.0,0.0,nr15.png,5.0,0.052259877079674916,nr11.png,7.0,0.061802985068137285,nr30.png,1.0,0.0,nr72.png,7.0,0.0,nr46.png,7.0,0.08384302018434801,nr75.png,6.0,0.0,nr83.png,7.0,0.046352238801102966,nr65.png,7.0,0.0,nr79.png,4.0,0.06861949077418182,nr2.png,3.0,0.061802985068137285,nr1.png,5.0,0.08770570675110659,nr96.png,6.0,0.0,nr53.png,7.0,0.11678946443023006,nr39.png,2.0,0.08543353818242508,nr50.png,3.0,0.050896575938466,nr90.png,16
1736,14.0,147.0,36.0,5.0,4435.0,5.0,0.0,nr15.png,5.0,0.052259877079674916,nr11.png,7.0,0.061802985068137285,nr30.png,1.0,0.0,nr72.png,7.0,0.0,nr46.png,7.0,0.08384302018434801,nr75.png,6.0,0.0,nr83.png,7.0,0.046352238801102966,nr65.png,7.0,0.0,nr79.png,4.0,0.06861949077418182,nr2.png,3.0,0.061802985068137285,nr1.png,5.0,0.08770570675110659,nr96.png,6.0,0.0,nr53.png,7.0,0.11678946443023006,nr39.png,2.0,0.08543353818242508,nr50.png,3.0,0.050896575938466,nr90.png,16
1737,14.0,147.0,37.0,13.0,2820.0,5.0,0.0,nr15.png,5.0,0.052259877079674916,nr11.png,7.0,0.061802985068137285,nr30.png,1.0,0.0,nr72.png,7.0,0.0,nr46.png,7.0,0.08384302018434801,nr75.png,6.0,0.0,nr83.png,7.0,0.046352238801102966,nr65.png,7.0,0.0,nr79.png,4.0,0.06861949077418182,nr2.png,3.0,0.061802985068137285,nr1.png,5.0,0.08770570675110659,nr96.png,6.0,0.0,nr53.png,7.0,0.11678946443023006,nr39.png,2.0,0.08543353818242508,nr50.png,3.0,0.050896575938466,nr90.png,16
1738,14.0,147.0,38.0,13.0,2771.0,5.0,0.0,nr15.png,5.0,0.052259877079674916,nr11.png,7.0,0.061802985068137285,nr30.png,1.0,0.0,nr72.png,7.0,0.0,nr46.png,7.0,0.08384302018434801,nr75.png,6.0,0.0,nr83.png,7.0,0.046352238801102966,nr65.png,7.0,0.0,nr79.png,4.0,0.06861949077418182,nr2.png,3.0,0.061802985068137285,nr1.png,5.0,0.08770570675110659,nr96.png,6.0,0.0,nr53.png,7.0,0.11678946443023006,nr39.png,2.0,0.08543353818242508,nr50.png,3.0,0.050896575938466,nr90.png,16
1739,14.0,147.0,39.0,4.0,5617.0,5.0,0.0,nr15.png,5.0,0.052259877079674916,nr11.png,7.0,0.061802985068137285,nr30.png,1.0,0.0,nr72.png,7.0,0.0,nr46.png,7.0,0.08384302018434801,nr75.png,6.0,0.0,nr83.png,7.0,0.046352238801102966,nr65.png,7.0,0.0,nr79.png,4.0,0.06861949077418182,nr2.png,3.0,0.061802985068137285,nr1.png,5.0,0.08770570675110659,nr96.png,6.0,0.0,nr53.png,7.0,0.11678946443023006,nr39.png,2.0,0.08543353818242508,nr50.png,3.0,0.050896575938466,nr90.png,16
1740,14.0,147.0,40.0,13.0,4056.0,5.0,0.0,nr15.png,5.0,0.052259877079674916,nr11.png,7.0,0.061802985068137285,nr30.png,1.0,0.0,nr72.png,7.0,0.0,nr46.png,7.0,0.08384302018434801,nr75.png,6.0,0.0,nr83.png,7.0,0.046352238801102966,nr65.png,7.0,0.0,nr79.png,4.0,0.06861949077418182,nr2.png,3.0,0.061802985068137285,nr1.png,5.0,0.08770570675110659,nr96.png,6.0,0.0,nr53.png,7.0,0.11678946443023006,nr39.png,2.0,0.08543353818242508,nr50.png,3.0,0.050896575938466,nr90.png,16
1741,14.0,147.0,41.0,13.0,4336.0,5.0,0.0,nr15.png,5.0,0.052259877079674916,nr11.png,7.0,0.061802985068137285,nr30.png,1.0,0.0,nr72.png,7.0,0.0,nr46.png,7.0,0.08384302018434801,nr75.png,6.0,0.0,nr83.png,7.0,0.046352238801102966,nr65.png,7.0,0.0,nr79.png,4.0,0.06861949077418182,nr2.png,3.0,0.061802985068137285,nr1.png,5.0,0.08770570675110659,nr96.png,6.0,0.0,nr53.png,7.0,0.11678946443023006,nr39.png,2.0,0.08543353818242508,nr50.png,3.0,0.050896575938466,nr90.png,16
1742,14.0,147.0,42.0,8.0,6089.0,5.0,0.0,nr15.png,5.0,0.052259877079674916,nr11.png,7.0,0.061802985068137285,nr30.png,1.0,0.0,nr72.png,7.0,0.0,nr46.png,7.0,0.08384302018434801,nr75.png,6.0,0.0,nr83.png,7.0,0.046352238801102966,nr65.png,7.0,0.0,nr79.png,4.0,0.06861949077418182,nr2.png,3.0,0.061802985068137285,nr1.png,5.0,0.08770570675110659,nr96.png,6.0,0.0,nr53.png,7.0,0.11678946443023006,nr39.png,2.0,0.08543353818242508,nr50.png,3.0,0.050896575938466,nr90.png,16
1743,14.0,147.0,43.0,13.0,4171.0,5.0,0.0,nr15.png,5.0,0.052259877079674916,nr11.png,7.0,0.061802985068137285,nr30.png,1.0,0.0,nr72.png,7.0,0.0,nr46.png,7.0,0.08384302018434801,nr75.png,6.0,0.0,nr83.png,7.0,0.046352238801102966,nr65.png,7.0,0.0,nr79.png,4.0,0.06861949077418182,nr2.png,3.0,0.061802985068137285,nr1.png,5.0,0.08770570675110659,nr96.png,6.0,0.0,nr53.png,7.0,0.11678946443023006,nr39.png,2.0,0.08543353818242508,nr50.png,3.0,0.050896575938466,nr90.png,16
1744,14.0,147.0,44.0,1.0,5493.0,5.0,0.0,nr15.png,5.0,0.052259877079674916,nr11.png,7.0,0.061802985068137285,nr30.png,1.0,0.0,nr72.png,7.0,0.0,nr46.png,7.0,0.08384302018434801,nr75.png,6.0,0.0,nr83.png,7.0,0.046352238801102966,nr65.png,7.0,0.0,nr79.png,4.0,0.06861949077418182,nr2.png,3.0,0.061802985068137285,nr1.png,5.0,0.08770570675110659,nr96.png,6.0,0.0,nr53.png,7.0,0.11678946443023006,nr39.png,2.0,0.08543353818242508,nr50.png,3.0,0.050896575938466,nr90.png,16
1745,14.0,147.0,45.0,2.0,3546.0,5.0,0.0,nr15.png,5.0,0.052259877079674916,nr11.png,7.0,0.061802985068137285,nr30.png,1.0,0.0,nr72.png,7.0,0.0,nr46.png,7.0,0.08384302018434801,nr75.png,6.0,0.0,nr83.png,7.0,0.046352238801102966,nr65.png,7.0,0.0,nr79.png,4.0,0.06861949077418182,nr2.png,3.0,0.061802985068137285,nr1.png,5.0,0.08770570675110659,nr96.png,6.0,0.0,nr53.png,7.0,0.11678946443023006,nr39.png,2.0,0.08543353818242508,nr50.png,3.0,0.050896575938466,nr90.png,16
1746,14.0,147.0,46.0,13.0,3201.0,5.0,0.0,nr15.png,5.0,0.052259877079674916,nr11.png,7.0,0.061802985068137285,nr30.png,1.0,0.0,nr72.png,7.0,0.0,nr46.png,7.0,0.08384302018434801,nr75.png,6.0,0.0,nr83.png,7.0,0.046352238801102966,nr65.png,7.0,0.0,nr79.png,4.0,0.06861949077418182,nr2.png,3.0,0.061802985068137285,nr1.png,5.0,0.08770570675110659,nr96.png,6.0,0.0,nr53.png,7.0,0.11678946443023006,nr39.png,2.0,0.08543353818242508,nr50.png,3.0,0.050896575938466,nr90.png,16
1747,14.0,147.0,47.0,13.0,3186.0,5.0,0.0,nr15.png,5.0,0.052259877079674916,nr11.png,7.0,0.061802985068137285,nr30.png,1.0,0.0,nr72.png,7.0,0.0,nr46.png,7.0,0.08384302018434801,nr75.png,6.0,0.0,nr83.png,7.0,0.046352238801102966,nr65.png,7.0,0.0,nr79.png,4.0,0.06861949077418182,nr2.png,3.0,0.061802985068137285,nr1.png,5.0,0.08770570675110659,nr96.png,6.0,0.0,nr53.png,7.0,0.11678946443023006,nr39.png,2.0,0.08543353818242508,nr50.png,3.0,0.050896575938466,nr90.png,16
1748,14.0,147.0,48.0,7.0,4498.0,5.0,0.0,nr15.png,5.0,0.052259877079674916,nr11.png,7.0,0.061802985068137285,nr30.png,1.0,0.0,nr72.png,7.0,0.0,nr46.png,7.0,0.08384302018434801,nr75.png,6.0,0.0,nr83.png,7.0,0.046352238801102966,nr65.png,7.0,0.0,nr79.png,4.0,0.06861949077418182,nr2.png,3.0,0.061802985068137285,nr1.png,5.0,0.08770570675110659,nr96.png,6.0,0.0,nr53.png,7.0,0.11678946443023006,nr39.png,2.0,0.08543353818242508,nr50.png,3.0,0.050896575938466,nr90.png,16
1749,14.0,147.0,49.0,13.0,4656.0,5.0,0.0,nr15.png,5.0,0.052259877079674916,nr11.png,7.0,0.061802985068137285,nr30.png,1.0,0.0,nr72.png,7.0,0.0,nr46.png,7.0,0.08384302018434801,nr75.png,6.0,0.0,nr83.png,7.0,0.046352238801102966,nr65.png,7.0,0.0,nr79.png,4.0,0.06861949077418182,nr2.png,3.0,0.061802985068137285,nr1.png,5.0,0.08770570675110659,nr96.png,6.0,0.0,nr53.png,7.0,0.11678946443023006,nr39.png,2.0,0.08543353818242508,nr50.png,3.0,0.050896575938466,nr90.png,16
1750,14.0,148.0,0.0,3.0,3214.0,6.0,0.09277976488172693,nr9.png,6.0,0.0741171684974715,nr87.png,2.0,0.0,nr85.png,6.0,0.09224654784217676,nr99.png,3.0,0.0,nr93.png,1.0,0.15836546074639596,nr41.png,7.0,0.0623863936273681,nr39.png,5.0,0.06451926178556873,nr76.png,4.0,0.0,nr84.png,5.0,0.0,nr74.png,7.0,0.0,nr60.png,1.0,0.0,nr101.png,6.0,0.0,nr18.png,7.0,0.0,nr63.png,5.0,0.07091786626017058,nr94.png,3.0,0.04532344836176315,nr19.png,16
1751,14.0,148.0,1.0,0.0,3874.0,6.0,0.09277976488172693,nr9.png,6.0,0.0741171684974715,nr87.png,2.0,0.0,nr85.png,6.0,0.09224654784217676,nr99.png,3.0,0.0,nr93.png,1.0,0.15836546074639596,nr41.png,7.0,0.0623863936273681,nr39.png,5.0,0.06451926178556873,nr76.png,4.0,0.0,nr84.png,5.0,0.0,nr74.png,7.0,0.0,nr60.png,1.0,0.0,nr101.png,6.0,0.0,nr18.png,7.0,0.0,nr63.png,5.0,0.07091786626017058,nr94.png,3.0,0.04532344836176315,nr19.png,16
1752,14.0,148.0,2.0,1.0,4177.0,6.0,0.09277976488172693,nr9.png,6.0,0.0741171684974715,nr87.png,2.0,0.0,nr85.png,6.0,0.09224654784217676,nr99.png,3.0,0.0,nr93.png,1.0,0.15836546074639596,nr41.png,7.0,0.0623863936273681,nr39.png,5.0,0.06451926178556873,nr76.png,4.0,0.0,nr84.png,5.0,0.0,nr74.png,7.0,0.0,nr60.png,1.0,0.0,nr101.png,6.0,0.0,nr18.png,7.0,0.0,nr63.png,5.0,0.07091786626017058,nr94.png,3.0,0.04532344836176315,nr19.png,16
1753,14.0,148.0,3.0,13.0,4806.0,6.0,0.09277976488172693,nr9.png,6.0,0.0741171684974715,nr87.png,2.0,0.0,nr85.png,6.0,0.09224654784217676,nr99.png,3.0,0.0,nr93.png,1.0,0.15836546074639596,nr41.png,7.0,0.0623863936273681,nr39.png,5.0,0.06451926178556873,nr76.png,4.0,0.0,nr84.png,5.0,0.0,nr74.png,7.0,0.0,nr60.png,1.0,0.0,nr101.png,6.0,0.0,nr18.png,7.0,0.0,nr63.png,5.0,0.07091786626017058,nr94.png,3.0,0.04532344836176315,nr19.png,16
1754,14.0,148.0,4.0,7.0,4356.0,6.0,0.09277976488172693,nr9.png,6.0,0.0741171684974715,nr87.png,2.0,0.0,nr85.png,6.0,0.09224654784217676,nr99.png,3.0,0.0,nr93.png,1.0,0.15836546074639596,nr41.png,7.0,0.0623863936273681,nr39.png,5.0,0.06451926178556873,nr76.png,4.0,0.0,nr84.png,5.0,0.0,nr74.png,7.0,0.0,nr60.png,1.0,0.0,nr101.png,6.0,0.0,nr18.png,7.0,0.0,nr63.png,5.0,0.07091786626017058,nr94.png,3.0,0.04532344836176315,nr19.png,16
1755,14.0,148.0,5.0,6.0,3338.0,6.0,0.09277976488172693,nr9.png,6.0,0.0741171684974715,nr87.png,2.0,0.0,nr85.png,6.0,0.09224654784217676,nr99.png,3.0,0.0,nr93.png,1.0,0.15836546074639596,nr41.png,7.0,0.0623863936273681,nr39.png,5.0,0.06451926178556873,nr76.png,4.0,0.0,nr84.png,5.0,0.0,nr74.png,7.0,0.0,nr60.png,1.0,0.0,nr101.png,6.0,0.0,nr18.png,7.0,0.0,nr63.png,5.0,0.07091786626017058,nr94.png,3.0,0.04532344836176315,nr19.png,16
1756,14.0,148.0,6.0,13.0,4379.0,6.0,0.09277976488172693,nr9.png,6.0,0.0741171684974715,nr87.png,2.0,0.0,nr85.png,6.0,0.09224654784217676,nr99.png,3.0,0.0,nr93.png,1.0,0.15836546074639596,nr41.png,7.0,0.0623863936273681,nr39.png,5.0,0.06451926178556873,nr76.png,4.0,0.0,nr84.png,5.0,0.0,nr74.png,7.0,0.0,nr60.png,1.0,0.0,nr101.png,6.0,0.0,nr18.png,7.0,0.0,nr63.png,5.0,0.07091786626017058,nr94.png,3.0,0.04532344836176315,nr19.png,16
1757,14.0,148.0,7.0,0.0,3691.0,6.0,0.09277976488172693,nr9.png,6.0,0.0741171684974715,nr87.png,2.0,0.0,nr85.png,6.0,0.09224654784217676,nr99.png,3.0,0.0,nr93.png,1.0,0.15836546074639596,nr41.png,7.0,0.0623863936273681,nr39.png,5.0,0.06451926178556873,nr76.png,4.0,0.0,nr84.png,5.0,0.0,nr74.png,7.0,0.0,nr60.png,1.0,0.0,nr101.png,6.0,0.0,nr18.png,7.0,0.0,nr63.png,5.0,0.07091786626017058,nr94.png,3.0,0.04532344836176315,nr19.png,16
1758,14.0,148.0,8.0,6.0,4082.0,6.0,0.09277976488172693,nr9.png,6.0,0.0741171684974715,nr87.png,2.0,0.0,nr85.png,6.0,0.09224654784217676,nr99.png,3.0,0.0,nr93.png,1.0,0.15836546074639596,nr41.png,7.0,0.0623863936273681,nr39.png,5.0,0.06451926178556873,nr76.png,4.0,0.0,nr84.png,5.0,0.0,nr74.png,7.0,0.0,nr60.png,1.0,0.0,nr101.png,6.0,0.0,nr18.png,7.0,0.0,nr63.png,5.0,0.07091786626017058,nr94.png,3.0,0.04532344836176315,nr19.png,16
1759,14.0,148.0,9.0,1.0,5065.0,6.0,0.09277976488172693,nr9.png,6.0,0.0741171684974715,nr87.png,2.0,0.0,nr85.png,6.0,0.09224654784217676,nr99.png,3.0,0.0,nr93.png,1.0,0.15836546074639596,nr41.png,7.0,0.0623863936273681,nr39.png,5.0,0.06451926178556873,nr76.png,4.0,0.0,nr84.png,5.0,0.0,nr74.png,7.0,0.0,nr60.png,1.0,0.0,nr101.png,6.0,0.0,nr18.png,7.0,0.0,nr63.png,5.0,0.07091786626017058,nr94.png,3.0,0.04532344836176315,nr19.png,16
1760,14.0,148.0,10.0,1.0,3794.0,6.0,0.09277976488172693,nr9.png,6.0,0.0741171684974715,nr87.png,2.0,0.0,nr85.png,6.0,0.09224654784217676,nr99.png,3.0,0.0,nr93.png,1.0,0.15836546074639596,nr41.png,7.0,0.0623863936273681,nr39.png,5.0,0.06451926178556873,nr76.png,4.0,0.0,nr84.png,5.0,0.0,nr74.png,7.0,0.0,nr60.png,1.0,0.0,nr101.png,6.0,0.0,nr18.png,7.0,0.0,nr63.png,5.0,0.07091786626017058,nr94.png,3.0,0.04532344836176315,nr19.png,16
1761,14.0,148.0,11.0,1.0,2888.0,6.0,0.09277976488172693,nr9.png,6.0,0.0741171684974715,nr87.png,2.0,0.0,nr85.png,6.0,0.09224654784217676,nr99.png,3.0,0.0,nr93.png,1.0,0.15836546074639596,nr41.png,7.0,0.0623863936273681,nr39.png,5.0,0.06451926178556873,nr76.png,4.0,0.0,nr84.png,5.0,0.0,nr74.png,7.0,0.0,nr60.png,1.0,0.0,nr101.png,6.0,0.0,nr18.png,7.0,0.0,nr63.png,5.0,0.07091786626017058,nr94.png,3.0,0.04532344836176315,nr19.png,16
1762,14.0,148.0,12.0,6.0,2835.0,6.0,0.09277976488172693,nr9.png,6.0,0.0741171684974715,nr87.png,2.0,0.0,nr85.png,6.0,0.09224654784217676,nr99.png,3.0,0.0,nr93.png,1.0,0.15836546074639596,nr41.png,7.0,0.0623863936273681,nr39.png,5.0,0.06451926178556873,nr76.png,4.0,0.0,nr84.png,5.0,0.0,nr74.png,7.0,0.0,nr60.png,1.0,0.0,nr101.png,6.0,0.0,nr18.png,7.0,0.0,nr63.png,5.0,0.07091786626017058,nr94.png,3.0,0.04532344836176315,nr19.png,16
1763,14.0,148.0,13.0,0.0,4300.0,6.0,0.09277976488172693,nr9.png,6.0,0.0741171684974715,nr87.png,2.0,0.0,nr85.png,6.0,0.09224654784217676,nr99.png,3.0,0.0,nr93.png,1.0,0.15836546074639596,nr41.png,7.0,0.0623863936273681,nr39.png,5.0,0.06451926178556873,nr76.png,4.0,0.0,nr84.png,5.0,0.0,nr74.png,7.0,0.0,nr60.png,1.0,0.0,nr101.png,6.0,0.0,nr18.png,7.0,0.0,nr63.png,5.0,0.07091786626017058,nr94.png,3.0,0.04532344836176315,nr19.png,16
1764,14.0,148.0,14.0,10.0,4225.0,6.0,0.09277976488172693,nr9.png,6.0,0.0741171684974715,nr87.png,2.0,0.0,nr85.png,6.0,0.09224654784217676,nr99.png,3.0,0.0,nr93.png,1.0,0.15836546074639596,nr41.png,7.0,0.0623863936273681,nr39.png,5.0,0.06451926178556873,nr76.png,4.0,0.0,nr84.png,5.0,0.0,nr74.png,7.0,0.0,nr60.png,1.0,0.0,nr101.png,6.0,0.0,nr18.png,7.0,0.0,nr63.png,5.0,0.07091786626017058,nr94.png,3.0,0.04532344836176315,nr19.png,16
1765,14.0,148.0,15.0,6.0,5122.0,6.0,0.09277976488172693,nr9.png,6.0,0.0741171684974715,nr87.png,2.0,0.0,nr85.png,6.0,0.09224654784217676,nr99.png,3.0,0.0,nr93.png,1.0,0.15836546074639596,nr41.png,7.0,0.0623863936273681,nr39.png,5.0,0.06451926178556873,nr76.png,4.0,0.0,nr84.png,5.0,0.0,nr74.png,7.0,0.0,nr60.png,1.0,0.0,nr101.png,6.0,0.0,nr18.png,7.0,0.0,nr63.png,5.0,0.07091786626017058,nr94.png,3.0,0.04532344836176315,nr19.png,16
1766,14.0,148.0,16.0,13.0,5041.0,6.0,0.09277976488172693,nr9.png,6.0,0.0741171684974715,nr87.png,2.0,0.0,nr85.png,6.0,0.09224654784217676,nr99.png,3.0,0.0,nr93.png,1.0,0.15836546074639596,nr41.png,7.0,0.0623863936273681,nr39.png,5.0,0.06451926178556873,nr76.png,4.0,0.0,nr84.png,5.0,0.0,nr74.png,7.0,0.0,nr60.png,1.0,0.0,nr101.png,6.0,0.0,nr18.png,7.0,0.0,nr63.png,5.0,0.07091786626017058,nr94.png,3.0,0.04532344836176315,nr19.png,16
1767,14.0,148.0,17.0,6.0,6028.0,6.0,0.09277976488172693,nr9.png,6.0,0.0741171684974715,nr87.png,2.0,0.0,nr85.png,6.0,0.09224654784217676,nr99.png,3.0,0.0,nr93.png,1.0,0.15836546074639596,nr41.png,7.0,0.0623863936273681,nr39.png,5.0,0.06451926178556873,nr76.png,4.0,0.0,nr84.png,5.0,0.0,nr74.png,7.0,0.0,nr60.png,1.0,0.0,nr101.png,6.0,0.0,nr18.png,7.0,0.0,nr63.png,5.0,0.07091786626017058,nr94.png,3.0,0.04532344836176315,nr19.png,16
1768,14.0,148.0,18.0,1.0,5121.0,6.0,0.09277976488172693,nr9.png,6.0,0.0741171684974715,nr87.png,2.0,0.0,nr85.png,6.0,0.09224654784217676,nr99.png,3.0,0.0,nr93.png,1.0,0.15836546074639596,nr41.png,7.0,0.0623863936273681,nr39.png,5.0,0.06451926178556873,nr76.png,4.0,0.0,nr84.png,5.0,0.0,nr74.png,7.0,0.0,nr60.png,1.0,0.0,nr101.png,6.0,0.0,nr18.png,7.0,0.0,nr63.png,5.0,0.07091786626017058,nr94.png,3.0,0.04532344836176315,nr19.png,16
1769,14.0,148.0,19.0,6.0,3228.0,6.0,0.09277976488172693,nr9.png,6.0,0.0741171684974715,nr87.png,2.0,0.0,nr85.png,6.0,0.09224654784217676,nr99.png,3.0,0.0,nr93.png,1.0,0.15836546074639596,nr41.png,7.0,0.0623863936273681,nr39.png,5.0,0.06451926178556873,nr76.png,4.0,0.0,nr84.png,5.0,0.0,nr74.png,7.0,0.0,nr60.png,1.0,0.0,nr101.png,6.0,0.0,nr18.png,7.0,0.0,nr63.png,5.0,0.07091786626017058,nr94.png,3.0,0.04532344836176315,nr19.png,16
1770,14.0,148.0,20.0,0.0,3095.0,6.0,0.09277976488172693,nr9.png,6.0,0.0741171684974715,nr87.png,2.0,0.0,nr85.png,6.0,0.09224654784217676,nr99.png,3.0,0.0,nr93.png,1.0,0.15836546074639596,nr41.png,7.0,0.0623863936273681,nr39.png,5.0,0.06451926178556873,nr76.png,4.0,0.0,nr84.png,5.0,0.0,nr74.png,7.0,0.0,nr60.png,1.0,0.0,nr101.png,6.0,0.0,nr18.png,7.0,0.0,nr63.png,5.0,0.07091786626017058,nr94.png,3.0,0.04532344836176315,nr19.png,16
1771,14.0,148.0,21.0,6.0,2189.0,6.0,0.09277976488172693,nr9.png,6.0,0.0741171684974715,nr87.png,2.0,0.0,nr85.png,6.0,0.09224654784217676,nr99.png,3.0,0.0,nr93.png,1.0,0.15836546074639596,nr41.png,7.0,0.0623863936273681,nr39.png,5.0,0.06451926178556873,nr76.png,4.0,0.0,nr84.png,5.0,0.0,nr74.png,7.0,0.0,nr60.png,1.0,0.0,nr101.png,6.0,0.0,nr18.png,7.0,0.0,nr63.png,5.0,0.07091786626017058,nr94.png,3.0,0.04532344836176315,nr19.png,16
1772,14.0,148.0,22.0,9.0,7754.0,6.0,0.09277976488172693,nr9.png,6.0,0.0741171684974715,nr87.png,2.0,0.0,nr85.png,6.0,0.09224654784217676,nr99.png,3.0,0.0,nr93.png,1.0,0.15836546074639596,nr41.png,7.0,0.0623863936273681,nr39.png,5.0,0.06451926178556873,nr76.png,4.0,0.0,nr84.png,5.0,0.0,nr74.png,7.0,0.0,nr60.png,1.0,0.0,nr101.png,6.0,0.0,nr18.png,7.0,0.0,nr63.png,5.0,0.07091786626017058,nr94.png,3.0,0.04532344836176315,nr19.png,16
1773,14.0,148.0,23.0,6.0,4612.0,6.0,0.09277976488172693,nr9.png,6.0,0.0741171684974715,nr87.png,2.0,0.0,nr85.png,6.0,0.09224654784217676,nr99.png,3.0,0.0,nr93.png,1.0,0.15836546074639596,nr41.png,7.0,0.0623863936273681,nr39.png,5.0,0.06451926178556873,nr76.png,4.0,0.0,nr84.png,5.0,0.0,nr74.png,7.0,0.0,nr60.png,1.0,0.0,nr101.png,6.0,0.0,nr18.png,7.0,0.0,nr63.png,5.0,0.07091786626017058,nr94.png,3.0,0.04532344836176315,nr19.png,16
1774,14.0,148.0,24.0,10.0,4375.0,6.0,0.09277976488172693,nr9.png,6.0,0.0741171684974715,nr87.png,2.0,0.0,nr85.png,6.0,0.09224654784217676,nr99.png,3.0,0.0,nr93.png,1.0,0.15836546074639596,nr41.png,7.0,0.0623863936273681,nr39.png,5.0,0.06451926178556873,nr76.png,4.0,0.0,nr84.png,5.0,0.0,nr74.png,7.0,0.0,nr60.png,1.0,0.0,nr101.png,6.0,0.0,nr18.png,7.0,0.0,nr63.png,5.0,0.07091786626017058,nr94.png,3.0,0.04532344836176315,nr19.png,16
1775,14.0,148.0,25.0,10.0,5487.0,6.0,0.09277976488172693,nr9.png,6.0,0.0741171684974715,nr87.png,2.0,0.0,nr85.png,6.0,0.09224654784217676,nr99.png,3.0,0.0,nr93.png,1.0,0.15836546074639596,nr41.png,7.0,0.0623863936273681,nr39.png,5.0,0.06451926178556873,nr76.png,4.0,0.0,nr84.png,5.0,0.0,nr74.png,7.0,0.0,nr60.png,1.0,0.0,nr101.png,6.0,0.0,nr18.png,7.0,0.0,nr63.png,5.0,0.07091786626017058,nr94.png,3.0,0.04532344836176315,nr19.png,16
1776,14.0,148.0,26.0,13.0,3589.0,6.0,0.09277976488172693,nr9.png,6.0,0.0741171684974715,nr87.png,2.0,0.0,nr85.png,6.0,0.09224654784217676,nr99.png,3.0,0.0,nr93.png,1.0,0.15836546074639596,nr41.png,7.0,0.0623863936273681,nr39.png,5.0,0.06451926178556873,nr76.png,4.0,0.0,nr84.png,5.0,0.0,nr74.png,7.0,0.0,nr60.png,1.0,0.0,nr101.png,6.0,0.0,nr18.png,7.0,0.0,nr63.png,5.0,0.07091786626017058,nr94.png,3.0,0.04532344836176315,nr19.png,16
1777,14.0,148.0,27.0,15.0,4890.0,6.0,0.09277976488172693,nr9.png,6.0,0.0741171684974715,nr87.png,2.0,0.0,nr85.png,6.0,0.09224654784217676,nr99.png,3.0,0.0,nr93.png,1.0,0.15836546074639596,nr41.png,7.0,0.0623863936273681,nr39.png,5.0,0.06451926178556873,nr76.png,4.0,0.0,nr84.png,5.0,0.0,nr74.png,7.0,0.0,nr60.png,1.0,0.0,nr101.png,6.0,0.0,nr18.png,7.0,0.0,nr63.png,5.0,0.07091786626017058,nr94.png,3.0,0.04532344836176315,nr19.png,16
1778,14.0,148.0,28.0,3.0,4832.0,6.0,0.09277976488172693,nr9.png,6.0,0.0741171684974715,nr87.png,2.0,0.0,nr85.png,6.0,0.09224654784217676,nr99.png,3.0,0.0,nr93.png,1.0,0.15836546074639596,nr41.png,7.0,0.0623863936273681,nr39.png,5.0,0.06451926178556873,nr76.png,4.0,0.0,nr84.png,5.0,0.0,nr74.png,7.0,0.0,nr60.png,1.0,0.0,nr101.png,6.0,0.0,nr18.png,7.0,0.0,nr63.png,5.0,0.07091786626017058,nr94.png,3.0,0.04532344836176315,nr19.png,16
1779,14.0,148.0,29.0,13.0,5069.0,6.0,0.09277976488172693,nr9.png,6.0,0.0741171684974715,nr87.png,2.0,0.0,nr85.png,6.0,0.09224654784217676,nr99.png,3.0,0.0,nr93.png,1.0,0.15836546074639596,nr41.png,7.0,0.0623863936273681,nr39.png,5.0,0.06451926178556873,nr76.png,4.0,0.0,nr84.png,5.0,0.0,nr74.png,7.0,0.0,nr60.png,1.0,0.0,nr101.png,6.0,0.0,nr18.png,7.0,0.0,nr63.png,5.0,0.07091786626017058,nr94.png,3.0,0.04532344836176315,nr19.png,16
1780,14.0,148.0,30.0,6.0,4037.0,6.0,0.09277976488172693,nr9.png,6.0,0.0741171684974715,nr87.png,2.0,0.0,nr85.png,6.0,0.09224654784217676,nr99.png,3.0,0.0,nr93.png,1.0,0.15836546074639596,nr41.png,7.0,0.0623863936273681,nr39.png,5.0,0.06451926178556873,nr76.png,4.0,0.0,nr84.png,5.0,0.0,nr74.png,7.0,0.0,nr60.png,1.0,0.0,nr101.png,6.0,0.0,nr18.png,7.0,0.0,nr63.png,5.0,0.07091786626017058,nr94.png,3.0,0.04532344836176315,nr19.png,16
1781,14.0,148.0,31.0,10.0,3524.0,6.0,0.09277976488172693,nr9.png,6.0,0.0741171684974715,nr87.png,2.0,0.0,nr85.png,6.0,0.09224654784217676,nr99.png,3.0,0.0,nr93.png,1.0,0.15836546074639596,nr41.png,7.0,0.0623863936273681,nr39.png,5.0,0.06451926178556873,nr76.png,4.0,0.0,nr84.png,5.0,0.0,nr74.png,7.0,0.0,nr60.png,1.0,0.0,nr101.png,6.0,0.0,nr18.png,7.0,0.0,nr63.png,5.0,0.07091786626017058,nr94.png,3.0,0.04532344836176315,nr19.png,16
1782,14.0,148.0,32.0,10.0,5198.0,6.0,0.09277976488172693,nr9.png,6.0,0.0741171684974715,nr87.png,2.0,0.0,nr85.png,6.0,0.09224654784217676,nr99.png,3.0,0.0,nr93.png,1.0,0.15836546074639596,nr41.png,7.0,0.0623863936273681,nr39.png,5.0,0.06451926178556873,nr76.png,4.0,0.0,nr84.png,5.0,0.0,nr74.png,7.0,0.0,nr60.png,1.0,0.0,nr101.png,6.0,0.0,nr18.png,7.0,0.0,nr63.png,5.0,0.07091786626017058,nr94.png,3.0,0.04532344836176315,nr19.png,16
1783,14.0,148.0,33.0,3.0,4756.0,6.0,0.09277976488172693,nr9.png,6.0,0.0741171684974715,nr87.png,2.0,0.0,nr85.png,6.0,0.09224654784217676,nr99.png,3.0,0.0,nr93.png,1.0,0.15836546074639596,nr41.png,7.0,0.0623863936273681,nr39.png,5.0,0.06451926178556873,nr76.png,4.0,0.0,nr84.png,5.0,0.0,nr74.png,7.0,0.0,nr60.png,1.0,0.0,nr101.png,6.0,0.0,nr18.png,7.0,0.0,nr63.png,5.0,0.07091786626017058,nr94.png,3.0,0.04532344836176315,nr19.png,16
1784,14.0,148.0,34.0,0.0,6501.0,6.0,0.09277976488172693,nr9.png,6.0,0.0741171684974715,nr87.png,2.0,0.0,nr85.png,6.0,0.09224654784217676,nr99.png,3.0,0.0,nr93.png,1.0,0.15836546074639596,nr41.png,7.0,0.0623863936273681,nr39.png,5.0,0.06451926178556873,nr76.png,4.0,0.0,nr84.png,5.0,0.0,nr74.png,7.0,0.0,nr60.png,1.0,0.0,nr101.png,6.0,0.0,nr18.png,7.0,0.0,nr63.png,5.0,0.07091786626017058,nr94.png,3.0,0.04532344836176315,nr19.png,16
1785,14.0,148.0,35.0,3.0,4161.0,6.0,0.09277976488172693,nr9.png,6.0,0.0741171684974715,nr87.png,2.0,0.0,nr85.png,6.0,0.09224654784217676,nr99.png,3.0,0.0,nr93.png,1.0,0.15836546074639596,nr41.png,7.0,0.0623863936273681,nr39.png,5.0,0.06451926178556873,nr76.png,4.0,0.0,nr84.png,5.0,0.0,nr74.png,7.0,0.0,nr60.png,1.0,0.0,nr101.png,6.0,0.0,nr18.png,7.0,0.0,nr63.png,5.0,0.07091786626017058,nr94.png,3.0,0.04532344836176315,nr19.png,16
1786,14.0,148.0,36.0,0.0,3828.0,6.0,0.09277976488172693,nr9.png,6.0,0.0741171684974715,nr87.png,2.0,0.0,nr85.png,6.0,0.09224654784217676,nr99.png,3.0,0.0,nr93.png,1.0,0.15836546074639596,nr41.png,7.0,0.0623863936273681,nr39.png,5.0,0.06451926178556873,nr76.png,4.0,0.0,nr84.png,5.0,0.0,nr74.png,7.0,0.0,nr60.png,1.0,0.0,nr101.png,6.0,0.0,nr18.png,7.0,0.0,nr63.png,5.0,0.07091786626017058,nr94.png,3.0,0.04532344836176315,nr19.png,16
1787,14.0,148.0,37.0,1.0,4290.0,6.0,0.09277976488172693,nr9.png,6.0,0.0741171684974715,nr87.png,2.0,0.0,nr85.png,6.0,0.09224654784217676,nr99.png,3.0,0.0,nr93.png,1.0,0.15836546074639596,nr41.png,7.0,0.0623863936273681,nr39.png,5.0,0.06451926178556873,nr76.png,4.0,0.0,nr84.png,5.0,0.0,nr74.png,7.0,0.0,nr60.png,1.0,0.0,nr101.png,6.0,0.0,nr18.png,7.0,0.0,nr63.png,5.0,0.07091786626017058,nr94.png,3.0,0.04532344836176315,nr19.png,16
1788,14.0,148.0,38.0,6.0,4937.0,6.0,0.09277976488172693,nr9.png,6.0,0.0741171684974715,nr87.png,2.0,0.0,nr85.png,6.0,0.09224654784217676,nr99.png,3.0,0.0,nr93.png,1.0,0.15836546074639596,nr41.png,7.0,0.0623863936273681,nr39.png,5.0,0.06451926178556873,nr76.png,4.0,0.0,nr84.png,5.0,0.0,nr74.png,7.0,0.0,nr60.png,1.0,0.0,nr101.png,6.0,0.0,nr18.png,7.0,0.0,nr63.png,5.0,0.07091786626017058,nr94.png,3.0,0.04532344836176315,nr19.png,16
1789,14.0,148.0,39.0,6.0,2963.0,6.0,0.09277976488172693,nr9.png,6.0,0.0741171684974715,nr87.png,2.0,0.0,nr85.png,6.0,0.09224654784217676,nr99.png,3.0,0.0,nr93.png,1.0,0.15836546074639596,nr41.png,7.0,0.0623863936273681,nr39.png,5.0,0.06451926178556873,nr76.png,4.0,0.0,nr84.png,5.0,0.0,nr74.png,7.0,0.0,nr60.png,1.0,0.0,nr101.png,6.0,0.0,nr18.png,7.0,0.0,nr63.png,5.0,0.07091786626017058,nr94.png,3.0,0.04532344836176315,nr19.png,16
1790,14.0,148.0,40.0,0.0,3252.0,6.0,0.09277976488172693,nr9.png,6.0,0.0741171684974715,nr87.png,2.0,0.0,nr85.png,6.0,0.09224654784217676,nr99.png,3.0,0.0,nr93.png,1.0,0.15836546074639596,nr41.png,7.0,0.0623863936273681,nr39.png,5.0,0.06451926178556873,nr76.png,4.0,0.0,nr84.png,5.0,0.0,nr74.png,7.0,0.0,nr60.png,1.0,0.0,nr101.png,6.0,0.0,nr18.png,7.0,0.0,nr63.png,5.0,0.07091786626017058,nr94.png,3.0,0.04532344836176315,nr19.png,16
1791,14.0,148.0,41.0,1.0,3284.0,6.0,0.09277976488172693,nr9.png,6.0,0.0741171684974715,nr87.png,2.0,0.0,nr85.png,6.0,0.09224654784217676,nr99.png,3.0,0.0,nr93.png,1.0,0.15836546074639596,nr41.png,7.0,0.0623863936273681,nr39.png,5.0,0.06451926178556873,nr76.png,4.0,0.0,nr84.png,5.0,0.0,nr74.png,7.0,0.0,nr60.png,1.0,0.0,nr101.png,6.0,0.0,nr18.png,7.0,0.0,nr63.png,5.0,0.07091786626017058,nr94.png,3.0,0.04532344836176315,nr19.png,16
1792,14.0,148.0,42.0,1.0,4620.0,6.0,0.09277976488172693,nr9.png,6.0,0.0741171684974715,nr87.png,2.0,0.0,nr85.png,6.0,0.09224654784217676,nr99.png,3.0,0.0,nr93.png,1.0,0.15836546074639596,nr41.png,7.0,0.0623863936273681,nr39.png,5.0,0.06451926178556873,nr76.png,4.0,0.0,nr84.png,5.0,0.0,nr74.png,7.0,0.0,nr60.png,1.0,0.0,nr101.png,6.0,0.0,nr18.png,7.0,0.0,nr63.png,5.0,0.07091786626017058,nr94.png,3.0,0.04532344836176315,nr19.png,16
1793,14.0,148.0,43.0,4.0,3768.0,6.0,0.09277976488172693,nr9.png,6.0,0.0741171684974715,nr87.png,2.0,0.0,nr85.png,6.0,0.09224654784217676,nr99.png,3.0,0.0,nr93.png,1.0,0.15836546074639596,nr41.png,7.0,0.0623863936273681,nr39.png,5.0,0.06451926178556873,nr76.png,4.0,0.0,nr84.png,5.0,0.0,nr74.png,7.0,0.0,nr60.png,1.0,0.0,nr101.png,6.0,0.0,nr18.png,7.0,0.0,nr63.png,5.0,0.07091786626017058,nr94.png,3.0,0.04532344836176315,nr19.png,16
1794,14.0,148.0,44.0,6.0,6602.0,6.0,0.09277976488172693,nr9.png,6.0,0.0741171684974715,nr87.png,2.0,0.0,nr85.png,6.0,0.09224654784217676,nr99.png,3.0,0.0,nr93.png,1.0,0.15836546074639596,nr41.png,7.0,0.0623863936273681,nr39.png,5.0,0.06451926178556873,nr76.png,4.0,0.0,nr84.png,5.0,0.0,nr74.png,7.0,0.0,nr60.png,1.0,0.0,nr101.png,6.0,0.0,nr18.png,7.0,0.0,nr63.png,5.0,0.07091786626017058,nr94.png,3.0,0.04532344836176315,nr19.png,16
1795,14.0,148.0,45.0,10.0,3010.0,6.0,0.09277976488172693,nr9.png,6.0,0.0741171684974715,nr87.png,2.0,0.0,nr85.png,6.0,0.09224654784217676,nr99.png,3.0,0.0,nr93.png,1.0,0.15836546074639596,nr41.png,7.0,0.0623863936273681,nr39.png,5.0,0.06451926178556873,nr76.png,4.0,0.0,nr84.png,5.0,0.0,nr74.png,7.0,0.0,nr60.png,1.0,0.0,nr101.png,6.0,0.0,nr18.png,7.0,0.0,nr63.png,5.0,0.07091786626017058,nr94.png,3.0,0.04532344836176315,nr19.png,16
1796,14.0,148.0,46.0,6.0,4162.0,6.0,0.09277976488172693,nr9.png,6.0,0.0741171684974715,nr87.png,2.0,0.0,nr85.png,6.0,0.09224654784217676,nr99.png,3.0,0.0,nr93.png,1.0,0.15836546074639596,nr41.png,7.0,0.0623863936273681,nr39.png,5.0,0.06451926178556873,nr76.png,4.0,0.0,nr84.png,5.0,0.0,nr74.png,7.0,0.0,nr60.png,1.0,0.0,nr101.png,6.0,0.0,nr18.png,7.0,0.0,nr63.png,5.0,0.07091786626017058,nr94.png,3.0,0.04532344836176315,nr19.png,16
1797,14.0,148.0,47.0,2.0,5103.0,6.0,0.09277976488172693,nr9.png,6.0,0.0741171684974715,nr87.png,2.0,0.0,nr85.png,6.0,0.09224654784217676,nr99.png,3.0,0.0,nr93.png,1.0,0.15836546074639596,nr41.png,7.0,0.0623863936273681,nr39.png,5.0,0.06451926178556873,nr76.png,4.0,0.0,nr84.png,5.0,0.0,nr74.png,7.0,0.0,nr60.png,1.0,0.0,nr101.png,6.0,0.0,nr18.png,7.0,0.0,nr63.png,5.0,0.07091786626017058,nr94.png,3.0,0.04532344836176315,nr19.png,16
1798,14.0,148.0,48.0,3.0,4675.0,6.0,0.09277976488172693,nr9.png,6.0,0.0741171684974715,nr87.png,2.0,0.0,nr85.png,6.0,0.09224654784217676,nr99.png,3.0,0.0,nr93.png,1.0,0.15836546074639596,nr41.png,7.0,0.0623863936273681,nr39.png,5.0,0.06451926178556873,nr76.png,4.0,0.0,nr84.png,5.0,0.0,nr74.png,7.0,0.0,nr60.png,1.0,0.0,nr101.png,6.0,0.0,nr18.png,7.0,0.0,nr63.png,5.0,0.07091786626017058,nr94.png,3.0,0.04532344836176315,nr19.png,16
1799,14.0,148.0,49.0,1.0,4183.0,6.0,0.09277976488172693,nr9.png,6.0,0.0741171684974715,nr87.png,2.0,0.0,nr85.png,6.0,0.09224654784217676,nr99.png,3.0,0.0,nr93.png,1.0,0.15836546074639596,nr41.png,7.0,0.0623863936273681,nr39.png,5.0,0.06451926178556873,nr76.png,4.0,0.0,nr84.png,5.0,0.0,nr74.png,7.0,0.0,nr60.png,1.0,0.0,nr101.png,6.0,0.0,nr18.png,7.0,0.0,nr63.png,5.0,0.07091786626017058,nr94.png,3.0,0.04532344836176315,nr19.png,16
1800,14.0,155.0,0.0,9.0,3910.0,4.0,0.0,nr111.png,4.0,0.0,nr112.png,6.0,0.09564775289741773,nr87.png,5.0,0.10789533101233097,nr15.png,5.0,0.0,nr114.png,7.0,0.0,nr79.png,6.0,0.0,nr31.png,1.0,0.05307283849795739,nr92.png,7.0,0.0,nr39.png,7.0,0.3662609074364532,nr45.png,5.0,0.07931764874420005,nr94.png,7.0,0.02974411827907502,nr12.png,5.0,0.0,nr125.png,5.0,0.0,nr96.png,7.0,0.0,nr62.png,5.0,0.0,nr76.png,16
1801,14.0,155.0,1.0,9.0,4016.0,4.0,0.0,nr111.png,4.0,0.0,nr112.png,6.0,0.09564775289741773,nr87.png,5.0,0.10789533101233097,nr15.png,5.0,0.0,nr114.png,7.0,0.0,nr79.png,6.0,0.0,nr31.png,1.0,0.05307283849795739,nr92.png,7.0,0.0,nr39.png,7.0,0.3662609074364532,nr45.png,5.0,0.07931764874420005,nr94.png,7.0,0.02974411827907502,nr12.png,5.0,0.0,nr125.png,5.0,0.0,nr96.png,7.0,0.0,nr62.png,5.0,0.0,nr76.png,16
1802,14.0,155.0,2.0,9.0,4052.0,4.0,0.0,nr111.png,4.0,0.0,nr112.png,6.0,0.09564775289741773,nr87.png,5.0,0.10789533101233097,nr15.png,5.0,0.0,nr114.png,7.0,0.0,nr79.png,6.0,0.0,nr31.png,1.0,0.05307283849795739,nr92.png,7.0,0.0,nr39.png,7.0,0.3662609074364532,nr45.png,5.0,0.07931764874420005,nr94.png,7.0,0.02974411827907502,nr12.png,5.0,0.0,nr125.png,5.0,0.0,nr96.png,7.0,0.0,nr62.png,5.0,0.0,nr76.png,16
1803,14.0,155.0,3.0,1.0,3828.0,4.0,0.0,nr111.png,4.0,0.0,nr112.png,6.0,0.09564775289741773,nr87.png,5.0,0.10789533101233097,nr15.png,5.0,0.0,nr114.png,7.0,0.0,nr79.png,6.0,0.0,nr31.png,1.0,0.05307283849795739,nr92.png,7.0,0.0,nr39.png,7.0,0.3662609074364532,nr45.png,5.0,0.07931764874420005,nr94.png,7.0,0.02974411827907502,nr12.png,5.0,0.0,nr125.png,5.0,0.0,nr96.png,7.0,0.0,nr62.png,5.0,0.0,nr76.png,16
1804,14.0,155.0,4.0,9.0,5487.0,4.0,0.0,nr111.png,4.0,0.0,nr112.png,6.0,0.09564775289741773,nr87.png,5.0,0.10789533101233097,nr15.png,5.0,0.0,nr114.png,7.0,0.0,nr79.png,6.0,0.0,nr31.png,1.0,0.05307283849795739,nr92.png,7.0,0.0,nr39.png,7.0,0.3662609074364532,nr45.png,5.0,0.07931764874420005,nr94.png,7.0,0.02974411827907502,nr12.png,5.0,0.0,nr125.png,5.0,0.0,nr96.png,7.0,0.0,nr62.png,5.0,0.0,nr76.png,16
1805,14.0,155.0,5.0,9.0,2981.0,4.0,0.0,nr111.png,4.0,0.0,nr112.png,6.0,0.09564775289741773,nr87.png,5.0,0.10789533101233097,nr15.png,5.0,0.0,nr114.png,7.0,0.0,nr79.png,6.0,0.0,nr31.png,1.0,0.05307283849795739,nr92.png,7.0,0.0,nr39.png,7.0,0.3662609074364532,nr45.png,5.0,0.07931764874420005,nr94.png,7.0,0.02974411827907502,nr12.png,5.0,0.0,nr125.png,5.0,0.0,nr96.png,7.0,0.0,nr62.png,5.0,0.0,nr76.png,16
1806,14.0,155.0,6.0,9.0,4921.0,4.0,0.0,nr111.png,4.0,0.0,nr112.png,6.0,0.09564775289741773,nr87.png,5.0,0.10789533101233097,nr15.png,5.0,0.0,nr114.png,7.0,0.0,nr79.png,6.0,0.0,nr31.png,1.0,0.05307283849795739,nr92.png,7.0,0.0,nr39.png,7.0,0.3662609074364532,nr45.png,5.0,0.07931764874420005,nr94.png,7.0,0.02974411827907502,nr12.png,5.0,0.0,nr125.png,5.0,0.0,nr96.png,7.0,0.0,nr62.png,5.0,0.0,nr76.png,16
1807,14.0,155.0,7.0,8.0,4483.0,4.0,0.0,nr111.png,4.0,0.0,nr112.png,6.0,0.09564775289741773,nr87.png,5.0,0.10789533101233097,nr15.png,5.0,0.0,nr114.png,7.0,0.0,nr79.png,6.0,0.0,nr31.png,1.0,0.05307283849795739,nr92.png,7.0,0.0,nr39.png,7.0,0.3662609074364532,nr45.png,5.0,0.07931764874420005,nr94.png,7.0,0.02974411827907502,nr12.png,5.0,0.0,nr125.png,5.0,0.0,nr96.png,7.0,0.0,nr62.png,5.0,0.0,nr76.png,16
1808,14.0,155.0,8.0,9.0,2891.0,4.0,0.0,nr111.png,4.0,0.0,nr112.png,6.0,0.09564775289741773,nr87.png,5.0,0.10789533101233097,nr15.png,5.0,0.0,nr114.png,7.0,0.0,nr79.png,6.0,0.0,nr31.png,1.0,0.05307283849795739,nr92.png,7.0,0.0,nr39.png,7.0,0.3662609074364532,nr45.png,5.0,0.07931764874420005,nr94.png,7.0,0.02974411827907502,nr12.png,5.0,0.0,nr125.png,5.0,0.0,nr96.png,7.0,0.0,nr62.png,5.0,0.0,nr76.png,16
1809,14.0,155.0,9.0,9.0,4891.0,4.0,0.0,nr111.png,4.0,0.0,nr112.png,6.0,0.09564775289741773,nr87.png,5.0,0.10789533101233097,nr15.png,5.0,0.0,nr114.png,7.0,0.0,nr79.png,6.0,0.0,nr31.png,1.0,0.05307283849795739,nr92.png,7.0,0.0,nr39.png,7.0,0.3662609074364532,nr45.png,5.0,0.07931764874420005,nr94.png,7.0,0.02974411827907502,nr12.png,5.0,0.0,nr125.png,5.0,0.0,nr96.png,7.0,0.0,nr62.png,5.0,0.0,nr76.png,16
1810,14.0,155.0,10.0,9.0,2951.0,4.0,0.0,nr111.png,4.0,0.0,nr112.png,6.0,0.09564775289741773,nr87.png,5.0,0.10789533101233097,nr15.png,5.0,0.0,nr114.png,7.0,0.0,nr79.png,6.0,0.0,nr31.png,1.0,0.05307283849795739,nr92.png,7.0,0.0,nr39.png,7.0,0.3662609074364532,nr45.png,5.0,0.07931764874420005,nr94.png,7.0,0.02974411827907502,nr12.png,5.0,0.0,nr125.png,5.0,0.0,nr96.png,7.0,0.0,nr62.png,5.0,0.0,nr76.png,16
1811,14.0,155.0,11.0,14.0,3281.0,4.0,0.0,nr111.png,4.0,0.0,nr112.png,6.0,0.09564775289741773,nr87.png,5.0,0.10789533101233097,nr15.png,5.0,0.0,nr114.png,7.0,0.0,nr79.png,6.0,0.0,nr31.png,1.0,0.05307283849795739,nr92.png,7.0,0.0,nr39.png,7.0,0.3662609074364532,nr45.png,5.0,0.07931764874420005,nr94.png,7.0,0.02974411827907502,nr12.png,5.0,0.0,nr125.png,5.0,0.0,nr96.png,7.0,0.0,nr62.png,5.0,0.0,nr76.png,16
1812,14.0,155.0,12.0,9.0,3896.0,4.0,0.0,nr111.png,4.0,0.0,nr112.png,6.0,0.09564775289741773,nr87.png,5.0,0.10789533101233097,nr15.png,5.0,0.0,nr114.png,7.0,0.0,nr79.png,6.0,0.0,nr31.png,1.0,0.05307283849795739,nr92.png,7.0,0.0,nr39.png,7.0,0.3662609074364532,nr45.png,5.0,0.07931764874420005,nr94.png,7.0,0.02974411827907502,nr12.png,5.0,0.0,nr125.png,5.0,0.0,nr96.png,7.0,0.0,nr62.png,5.0,0.0,nr76.png,16
1813,14.0,155.0,13.0,9.0,4054.0,4.0,0.0,nr111.png,4.0,0.0,nr112.png,6.0,0.09564775289741773,nr87.png,5.0,0.10789533101233097,nr15.png,5.0,0.0,nr114.png,7.0,0.0,nr79.png,6.0,0.0,nr31.png,1.0,0.05307283849795739,nr92.png,7.0,0.0,nr39.png,7.0,0.3662609074364532,nr45.png,5.0,0.07931764874420005,nr94.png,7.0,0.02974411827907502,nr12.png,5.0,0.0,nr125.png,5.0,0.0,nr96.png,7.0,0.0,nr62.png,5.0,0.0,nr76.png,16
1814,14.0,155.0,14.0,8.0,4389.0,4.0,0.0,nr111.png,4.0,0.0,nr112.png,6.0,0.09564775289741773,nr87.png,5.0,0.10789533101233097,nr15.png,5.0,0.0,nr114.png,7.0,0.0,nr79.png,6.0,0.0,nr31.png,1.0,0.05307283849795739,nr92.png,7.0,0.0,nr39.png,7.0,0.3662609074364532,nr45.png,5.0,0.07931764874420005,nr94.png,7.0,0.02974411827907502,nr12.png,5.0,0.0,nr125.png,5.0,0.0,nr96.png,7.0,0.0,nr62.png,5.0,0.0,nr76.png,16
1815,14.0,155.0,15.0,9.0,3935.0,4.0,0.0,nr111.png,4.0,0.0,nr112.png,6.0,0.09564775289741773,nr87.png,5.0,0.10789533101233097,nr15.png,5.0,0.0,nr114.png,7.0,0.0,nr79.png,6.0,0.0,nr31.png,1.0,0.05307283849795739,nr92.png,7.0,0.0,nr39.png,7.0,0.3662609074364532,nr45.png,5.0,0.07931764874420005,nr94.png,7.0,0.02974411827907502,nr12.png,5.0,0.0,nr125.png,5.0,0.0,nr96.png,7.0,0.0,nr62.png,5.0,0.0,nr76.png,16
1816,14.0,155.0,16.0,9.0,4267.0,4.0,0.0,nr111.png,4.0,0.0,nr112.png,6.0,0.09564775289741773,nr87.png,5.0,0.10789533101233097,nr15.png,5.0,0.0,nr114.png,7.0,0.0,nr79.png,6.0,0.0,nr31.png,1.0,0.05307283849795739,nr92.png,7.0,0.0,nr39.png,7.0,0.3662609074364532,nr45.png,5.0,0.07931764874420005,nr94.png,7.0,0.02974411827907502,nr12.png,5.0,0.0,nr125.png,5.0,0.0,nr96.png,7.0,0.0,nr62.png,5.0,0.0,nr76.png,16
1817,14.0,155.0,17.0,9.0,3101.0,4.0,0.0,nr111.png,4.0,0.0,nr112.png,6.0,0.09564775289741773,nr87.png,5.0,0.10789533101233097,nr15.png,5.0,0.0,nr114.png,7.0,0.0,nr79.png,6.0,0.0,nr31.png,1.0,0.05307283849795739,nr92.png,7.0,0.0,nr39.png,7.0,0.3662609074364532,nr45.png,5.0,0.07931764874420005,nr94.png,7.0,0.02974411827907502,nr12.png,5.0,0.0,nr125.png,5.0,0.0,nr96.png,7.0,0.0,nr62.png,5.0,0.0,nr76.png,16
1818,14.0,155.0,18.0,9.0,3928.0,4.0,0.0,nr111.png,4.0,0.0,nr112.png,6.0,0.09564775289741773,nr87.png,5.0,0.10789533101233097,nr15.png,5.0,0.0,nr114.png,7.0,0.0,nr79.png,6.0,0.0,nr31.png,1.0,0.05307283849795739,nr92.png,7.0,0.0,nr39.png,7.0,0.3662609074364532,nr45.png,5.0,0.07931764874420005,nr94.png,7.0,0.02974411827907502,nr12.png,5.0,0.0,nr125.png,5.0,0.0,nr96.png,7.0,0.0,nr62.png,5.0,0.0,nr76.png,16
1819,14.0,155.0,19.0,9.0,4265.0,4.0,0.0,nr111.png,4.0,0.0,nr112.png,6.0,0.09564775289741773,nr87.png,5.0,0.10789533101233097,nr15.png,5.0,0.0,nr114.png,7.0,0.0,nr79.png,6.0,0.0,nr31.png,1.0,0.05307283849795739,nr92.png,7.0,0.0,nr39.png,7.0,0.3662609074364532,nr45.png,5.0,0.07931764874420005,nr94.png,7.0,0.02974411827907502,nr12.png,5.0,0.0,nr125.png,5.0,0.0,nr96.png,7.0,0.0,nr62.png,5.0,0.0,nr76.png,16
1820,14.0,155.0,20.0,9.0,4589.0,4.0,0.0,nr111.png,4.0,0.0,nr112.png,6.0,0.09564775289741773,nr87.png,5.0,0.10789533101233097,nr15.png,5.0,0.0,nr114.png,7.0,0.0,nr79.png,6.0,0.0,nr31.png,1.0,0.05307283849795739,nr92.png,7.0,0.0,nr39.png,7.0,0.3662609074364532,nr45.png,5.0,0.07931764874420005,nr94.png,7.0,0.02974411827907502,nr12.png,5.0,0.0,nr125.png,5.0,0.0,nr96.png,7.0,0.0,nr62.png,5.0,0.0,nr76.png,16
1821,14.0,155.0,21.0,9.0,2428.0,4.0,0.0,nr111.png,4.0,0.0,nr112.png,6.0,0.09564775289741773,nr87.png,5.0,0.10789533101233097,nr15.png,5.0,0.0,nr114.png,7.0,0.0,nr79.png,6.0,0.0,nr31.png,1.0,0.05307283849795739,nr92.png,7.0,0.0,nr39.png,7.0,0.3662609074364532,nr45.png,5.0,0.07931764874420005,nr94.png,7.0,0.02974411827907502,nr12.png,5.0,0.0,nr125.png,5.0,0.0,nr96.png,7.0,0.0,nr62.png,5.0,0.0,nr76.png,16
1822,14.0,155.0,22.0,9.0,5441.0,4.0,0.0,nr111.png,4.0,0.0,nr112.png,6.0,0.09564775289741773,nr87.png,5.0,0.10789533101233097,nr15.png,5.0,0.0,nr114.png,7.0,0.0,nr79.png,6.0,0.0,nr31.png,1.0,0.05307283849795739,nr92.png,7.0,0.0,nr39.png,7.0,0.3662609074364532,nr45.png,5.0,0.07931764874420005,nr94.png,7.0,0.02974411827907502,nr12.png,5.0,0.0,nr125.png,5.0,0.0,nr96.png,7.0,0.0,nr62.png,5.0,0.0,nr76.png,16
1823,14.0,155.0,23.0,9.0,4271.0,4.0,0.0,nr111.png,4.0,0.0,nr112.png,6.0,0.09564775289741773,nr87.png,5.0,0.10789533101233097,nr15.png,5.0,0.0,nr114.png,7.0,0.0,nr79.png,6.0,0.0,nr31.png,1.0,0.05307283849795739,nr92.png,7.0,0.0,nr39.png,7.0,0.3662609074364532,nr45.png,5.0,0.07931764874420005,nr94.png,7.0,0.02974411827907502,nr12.png,5.0,0.0,nr125.png,5.0,0.0,nr96.png,7.0,0.0,nr62.png,5.0,0.0,nr76.png,16
1824,14.0,155.0,24.0,0.0,7896.0,4.0,0.0,nr111.png,4.0,0.0,nr112.png,6.0,0.09564775289741773,nr87.png,5.0,0.10789533101233097,nr15.png,5.0,0.0,nr114.png,7.0,0.0,nr79.png,6.0,0.0,nr31.png,1.0,0.05307283849795739,nr92.png,7.0,0.0,nr39.png,7.0,0.3662609074364532,nr45.png,5.0,0.07931764874420005,nr94.png,7.0,0.02974411827907502,nr12.png,5.0,0.0,nr125.png,5.0,0.0,nr96.png,7.0,0.0,nr62.png,5.0,0.0,nr76.png,16
1825,14.0,155.0,25.0,9.0,4269.0,4.0,0.0,nr111.png,4.0,0.0,nr112.png,6.0,0.09564775289741773,nr87.png,5.0,0.10789533101233097,nr15.png,5.0,0.0,nr114.png,7.0,0.0,nr79.png,6.0,0.0,nr31.png,1.0,0.05307283849795739,nr92.png,7.0,0.0,nr39.png,7.0,0.3662609074364532,nr45.png,5.0,0.07931764874420005,nr94.png,7.0,0.02974411827907502,nr12.png,5.0,0.0,nr125.png,5.0,0.0,nr96.png,7.0,0.0,nr62.png,5.0,0.0,nr76.png,16
1826,14.0,155.0,26.0,9.0,5071.0,4.0,0.0,nr111.png,4.0,0.0,nr112.png,6.0,0.09564775289741773,nr87.png,5.0,0.10789533101233097,nr15.png,5.0,0.0,nr114.png,7.0,0.0,nr79.png,6.0,0.0,nr31.png,1.0,0.05307283849795739,nr92.png,7.0,0.0,nr39.png,7.0,0.3662609074364532,nr45.png,5.0,0.07931764874420005,nr94.png,7.0,0.02974411827907502,nr12.png,5.0,0.0,nr125.png,5.0,0.0,nr96.png,7.0,0.0,nr62.png,5.0,0.0,nr76.png,16
1827,14.0,155.0,27.0,9.0,3400.0,4.0,0.0,nr111.png,4.0,0.0,nr112.png,6.0,0.09564775289741773,nr87.png,5.0,0.10789533101233097,nr15.png,5.0,0.0,nr114.png,7.0,0.0,nr79.png,6.0,0.0,nr31.png,1.0,0.05307283849795739,nr92.png,7.0,0.0,nr39.png,7.0,0.3662609074364532,nr45.png,5.0,0.07931764874420005,nr94.png,7.0,0.02974411827907502,nr12.png,5.0,0.0,nr125.png,5.0,0.0,nr96.png,7.0,0.0,nr62.png,5.0,0.0,nr76.png,16
1828,14.0,155.0,28.0,9.0,3161.0,4.0,0.0,nr111.png,4.0,0.0,nr112.png,6.0,0.09564775289741773,nr87.png,5.0,0.10789533101233097,nr15.png,5.0,0.0,nr114.png,7.0,0.0,nr79.png,6.0,0.0,nr31.png,1.0,0.05307283849795739,nr92.png,7.0,0.0,nr39.png,7.0,0.3662609074364532,nr45.png,5.0,0.07931764874420005,nr94.png,7.0,0.02974411827907502,nr12.png,5.0,0.0,nr125.png,5.0,0.0,nr96.png,7.0,0.0,nr62.png,5.0,0.0,nr76.png,16
1829,14.0,155.0,29.0,9.0,5709.0,4.0,0.0,nr111.png,4.0,0.0,nr112.png,6.0,0.09564775289741773,nr87.png,5.0,0.10789533101233097,nr15.png,5.0,0.0,nr114.png,7.0,0.0,nr79.png,6.0,0.0,nr31.png,1.0,0.05307283849795739,nr92.png,7.0,0.0,nr39.png,7.0,0.3662609074364532,nr45.png,5.0,0.07931764874420005,nr94.png,7.0,0.02974411827907502,nr12.png,5.0,0.0,nr125.png,5.0,0.0,nr96.png,7.0,0.0,nr62.png,5.0,0.0,nr76.png,16
1830,14.0,155.0,30.0,9.0,4426.0,4.0,0.0,nr111.png,4.0,0.0,nr112.png,6.0,0.09564775289741773,nr87.png,5.0,0.10789533101233097,nr15.png,5.0,0.0,nr114.png,7.0,0.0,nr79.png,6.0,0.0,nr31.png,1.0,0.05307283849795739,nr92.png,7.0,0.0,nr39.png,7.0,0.3662609074364532,nr45.png,5.0,0.07931764874420005,nr94.png,7.0,0.02974411827907502,nr12.png,5.0,0.0,nr125.png,5.0,0.0,nr96.png,7.0,0.0,nr62.png,5.0,0.0,nr76.png,16
1831,14.0,155.0,31.0,9.0,5994.0,4.0,0.0,nr111.png,4.0,0.0,nr112.png,6.0,0.09564775289741773,nr87.png,5.0,0.10789533101233097,nr15.png,5.0,0.0,nr114.png,7.0,0.0,nr79.png,6.0,0.0,nr31.png,1.0,0.05307283849795739,nr92.png,7.0,0.0,nr39.png,7.0,0.3662609074364532,nr45.png,5.0,0.07931764874420005,nr94.png,7.0,0.02974411827907502,nr12.png,5.0,0.0,nr125.png,5.0,0.0,nr96.png,7.0,0.0,nr62.png,5.0,0.0,nr76.png,16
1832,14.0,155.0,32.0,9.0,2725.0,4.0,0.0,nr111.png,4.0,0.0,nr112.png,6.0,0.09564775289741773,nr87.png,5.0,0.10789533101233097,nr15.png,5.0,0.0,nr114.png,7.0,0.0,nr79.png,6.0,0.0,nr31.png,1.0,0.05307283849795739,nr92.png,7.0,0.0,nr39.png,7.0,0.3662609074364532,nr45.png,5.0,0.07931764874420005,nr94.png,7.0,0.02974411827907502,nr12.png,5.0,0.0,nr125.png,5.0,0.0,nr96.png,7.0,0.0,nr62.png,5.0,0.0,nr76.png,16
1833,14.0,155.0,33.0,9.0,2730.0,4.0,0.0,nr111.png,4.0,0.0,nr112.png,6.0,0.09564775289741773,nr87.png,5.0,0.10789533101233097,nr15.png,5.0,0.0,nr114.png,7.0,0.0,nr79.png,6.0,0.0,nr31.png,1.0,0.05307283849795739,nr92.png,7.0,0.0,nr39.png,7.0,0.3662609074364532,nr45.png,5.0,0.07931764874420005,nr94.png,7.0,0.02974411827907502,nr12.png,5.0,0.0,nr125.png,5.0,0.0,nr96.png,7.0,0.0,nr62.png,5.0,0.0,nr76.png,16
1834,14.0,155.0,34.0,9.0,2904.0,4.0,0.0,nr111.png,4.0,0.0,nr112.png,6.0,0.09564775289741773,nr87.png,5.0,0.10789533101233097,nr15.png,5.0,0.0,nr114.png,7.0,0.0,nr79.png,6.0,0.0,nr31.png,1.0,0.05307283849795739,nr92.png,7.0,0.0,nr39.png,7.0,0.3662609074364532,nr45.png,5.0,0.07931764874420005,nr94.png,7.0,0.02974411827907502,nr12.png,5.0,0.0,nr125.png,5.0,0.0,nr96.png,7.0,0.0,nr62.png,5.0,0.0,nr76.png,16
1835,14.0,155.0,35.0,9.0,4420.0,4.0,0.0,nr111.png,4.0,0.0,nr112.png,6.0,0.09564775289741773,nr87.png,5.0,0.10789533101233097,nr15.png,5.0,0.0,nr114.png,7.0,0.0,nr79.png,6.0,0.0,nr31.png,1.0,0.05307283849795739,nr92.png,7.0,0.0,nr39.png,7.0,0.3662609074364532,nr45.png,5.0,0.07931764874420005,nr94.png,7.0,0.02974411827907502,nr12.png,5.0,0.0,nr125.png,5.0,0.0,nr96.png,7.0,0.0,nr62.png,5.0,0.0,nr76.png,16
1836,14.0,155.0,36.0,9.0,2871.0,4.0,0.0,nr111.png,4.0,0.0,nr112.png,6.0,0.09564775289741773,nr87.png,5.0,0.10789533101233097,nr15.png,5.0,0.0,nr114.png,7.0,0.0,nr79.png,6.0,0.0,nr31.png,1.0,0.05307283849795739,nr92.png,7.0,0.0,nr39.png,7.0,0.3662609074364532,nr45.png,5.0,0.07931764874420005,nr94.png,7.0,0.02974411827907502,nr12.png,5.0,0.0,nr125.png,5.0,0.0,nr96.png,7.0,0.0,nr62.png,5.0,0.0,nr76.png,16
1837,14.0,155.0,37.0,9.0,4672.0,4.0,0.0,nr111.png,4.0,0.0,nr112.png,6.0,0.09564775289741773,nr87.png,5.0,0.10789533101233097,nr15.png,5.0,0.0,nr114.png,7.0,0.0,nr79.png,6.0,0.0,nr31.png,1.0,0.05307283849795739,nr92.png,7.0,0.0,nr39.png,7.0,0.3662609074364532,nr45.png,5.0,0.07931764874420005,nr94.png,7.0,0.02974411827907502,nr12.png,5.0,0.0,nr125.png,5.0,0.0,nr96.png,7.0,0.0,nr62.png,5.0,0.0,nr76.png,16
1838,14.0,155.0,38.0,9.0,3442.0,4.0,0.0,nr111.png,4.0,0.0,nr112.png,6.0,0.09564775289741773,nr87.png,5.0,0.10789533101233097,nr15.png,5.0,0.0,nr114.png,7.0,0.0,nr79.png,6.0,0.0,nr31.png,1.0,0.05307283849795739,nr92.png,7.0,0.0,nr39.png,7.0,0.3662609074364532,nr45.png,5.0,0.07931764874420005,nr94.png,7.0,0.02974411827907502,nr12.png,5.0,0.0,nr125.png,5.0,0.0,nr96.png,7.0,0.0,nr62.png,5.0,0.0,nr76.png,16
1839,14.0,155.0,39.0,9.0,3952.0,4.0,0.0,nr111.png,4.0,0.0,nr112.png,6.0,0.09564775289741773,nr87.png,5.0,0.10789533101233097,nr15.png,5.0,0.0,nr114.png,7.0,0.0,nr79.png,6.0,0.0,nr31.png,1.0,0.05307283849795739,nr92.png,7.0,0.0,nr39.png,7.0,0.3662609074364532,nr45.png,5.0,0.07931764874420005,nr94.png,7.0,0.02974411827907502,nr12.png,5.0,0.0,nr125.png,5.0,0.0,nr96.png,7.0,0.0,nr62.png,5.0,0.0,nr76.png,16
1840,14.0,155.0,40.0,5.0,4693.0,4.0,0.0,nr111.png,4.0,0.0,nr112.png,6.0,0.09564775289741773,nr87.png,5.0,0.10789533101233097,nr15.png,5.0,0.0,nr114.png,7.0,0.0,nr79.png,6.0,0.0,nr31.png,1.0,0.05307283849795739,nr92.png,7.0,0.0,nr39.png,7.0,0.3662609074364532,nr45.png,5.0,0.07931764874420005,nr94.png,7.0,0.02974411827907502,nr12.png,5.0,0.0,nr125.png,5.0,0.0,nr96.png,7.0,0.0,nr62.png,5.0,0.0,nr76.png,16
1841,14.0,155.0,41.0,8.0,4114.0,4.0,0.0,nr111.png,4.0,0.0,nr112.png,6.0,0.09564775289741773,nr87.png,5.0,0.10789533101233097,nr15.png,5.0,0.0,nr114.png,7.0,0.0,nr79.png,6.0,0.0,nr31.png,1.0,0.05307283849795739,nr92.png,7.0,0.0,nr39.png,7.0,0.3662609074364532,nr45.png,5.0,0.07931764874420005,nr94.png,7.0,0.02974411827907502,nr12.png,5.0,0.0,nr125.png,5.0,0.0,nr96.png,7.0,0.0,nr62.png,5.0,0.0,nr76.png,16
1842,14.0,155.0,42.0,9.0,2830.0,4.0,0.0,nr111.png,4.0,0.0,nr112.png,6.0,0.09564775289741773,nr87.png,5.0,0.10789533101233097,nr15.png,5.0,0.0,nr114.png,7.0,0.0,nr79.png,6.0,0.0,nr31.png,1.0,0.05307283849795739,nr92.png,7.0,0.0,nr39.png,7.0,0.3662609074364532,nr45.png,5.0,0.07931764874420005,nr94.png,7.0,0.02974411827907502,nr12.png,5.0,0.0,nr125.png,5.0,0.0,nr96.png,7.0,0.0,nr62.png,5.0,0.0,nr76.png,16
1843,14.0,155.0,43.0,9.0,4233.0,4.0,0.0,nr111.png,4.0,0.0,nr112.png,6.0,0.09564775289741773,nr87.png,5.0,0.10789533101233097,nr15.png,5.0,0.0,nr114.png,7.0,0.0,nr79.png,6.0,0.0,nr31.png,1.0,0.05307283849795739,nr92.png,7.0,0.0,nr39.png,7.0,0.3662609074364532,nr45.png,5.0,0.07931764874420005,nr94.png,7.0,0.02974411827907502,nr12.png,5.0,0.0,nr125.png,5.0,0.0,nr96.png,7.0,0.0,nr62.png,5.0,0.0,nr76.png,16
1844,14.0,155.0,44.0,9.0,2075.0,4.0,0.0,nr111.png,4.0,0.0,nr112.png,6.0,0.09564775289741773,nr87.png,5.0,0.10789533101233097,nr15.png,5.0,0.0,nr114.png,7.0,0.0,nr79.png,6.0,0.0,nr31.png,1.0,0.05307283849795739,nr92.png,7.0,0.0,nr39.png,7.0,0.3662609074364532,nr45.png,5.0,0.07931764874420005,nr94.png,7.0,0.02974411827907502,nr12.png,5.0,0.0,nr125.png,5.0,0.0,nr96.png,7.0,0.0,nr62.png,5.0,0.0,nr76.png,16
1845,14.0,155.0,45.0,9.0,3563.0,4.0,0.0,nr111.png,4.0,0.0,nr112.png,6.0,0.09564775289741773,nr87.png,5.0,0.10789533101233097,nr15.png,5.0,0.0,nr114.png,7.0,0.0,nr79.png,6.0,0.0,nr31.png,1.0,0.05307283849795739,nr92.png,7.0,0.0,nr39.png,7.0,0.3662609074364532,nr45.png,5.0,0.07931764874420005,nr94.png,7.0,0.02974411827907502,nr12.png,5.0,0.0,nr125.png,5.0,0.0,nr96.png,7.0,0.0,nr62.png,5.0,0.0,nr76.png,16
1846,14.0,155.0,46.0,9.0,4886.0,4.0,0.0,nr111.png,4.0,0.0,nr112.png,6.0,0.09564775289741773,nr87.png,5.0,0.10789533101233097,nr15.png,5.0,0.0,nr114.png,7.0,0.0,nr79.png,6.0,0.0,nr31.png,1.0,0.05307283849795739,nr92.png,7.0,0.0,nr39.png,7.0,0.3662609074364532,nr45.png,5.0,0.07931764874420005,nr94.png,7.0,0.02974411827907502,nr12.png,5.0,0.0,nr125.png,5.0,0.0,nr96.png,7.0,0.0,nr62.png,5.0,0.0,nr76.png,16
1847,14.0,155.0,47.0,9.0,3460.0,4.0,0.0,nr111.png,4.0,0.0,nr112.png,6.0,0.09564775289741773,nr87.png,5.0,0.10789533101233097,nr15.png,5.0,0.0,nr114.png,7.0,0.0,nr79.png,6.0,0.0,nr31.png,1.0,0.05307283849795739,nr92.png,7.0,0.0,nr39.png,7.0,0.3662609074364532,nr45.png,5.0,0.07931764874420005,nr94.png,7.0,0.02974411827907502,nr12.png,5.0,0.0,nr125.png,5.0,0.0,nr96.png,7.0,0.0,nr62.png,5.0,0.0,nr76.png,16
1848,14.0,155.0,48.0,9.0,3629.0,4.0,0.0,nr111.png,4.0,0.0,nr112.png,6.0,0.09564775289741773,nr87.png,5.0,0.10789533101233097,nr15.png,5.0,0.0,nr114.png,7.0,0.0,nr79.png,6.0,0.0,nr31.png,1.0,0.05307283849795739,nr92.png,7.0,0.0,nr39.png,7.0,0.3662609074364532,nr45.png,5.0,0.07931764874420005,nr94.png,7.0,0.02974411827907502,nr12.png,5.0,0.0,nr125.png,5.0,0.0,nr96.png,7.0,0.0,nr62.png,5.0,0.0,nr76.png,16
1849,14.0,155.0,49.0,9.0,4880.0,4.0,0.0,nr111.png,4.0,0.0,nr112.png,6.0,0.09564775289741773,nr87.png,5.0,0.10789533101233097,nr15.png,5.0,0.0,nr114.png,7.0,0.0,nr79.png,6.0,0.0,nr31.png,1.0,0.05307283849795739,nr92.png,7.0,0.0,nr39.png,7.0,0.3662609074364532,nr45.png,5.0,0.07931764874420005,nr94.png,7.0,0.02974411827907502,nr12.png,5.0,0.0,nr125.png,5.0,0.0,nr96.png,7.0,0.0,nr62.png,5.0,0.0,nr76.png,16
1850,14.0,157.0,0.0,2.0,4463.0,2.0,0.0,nr85.png,6.0,0.05725639839108065,nr20.png,7.0,0.032382717122824305,nr51.png,5.0,0.033790661345555785,nr80.png,5.0,0.0,nr125.png,7.0,0.22574039037794916,nr62.png,7.0,0.0,nr12.png,7.0,0.0,nr46.png,6.0,0.07274378484112705,nr99.png,7.0,0.0,nr107.png,4.0,0.0,nr2.png,4.0,0.09503623503437568,nr112.png,3.0,0.07039721113657457,nr93.png,7.0,0.07509035854567954,nr75.png,4.0,0.06054160157745413,nr84.png,5.0,0.025342996009166844,nr76.png,16
1851,14.0,157.0,1.0,8.0,3496.0,2.0,0.0,nr85.png,6.0,0.05725639839108065,nr20.png,7.0,0.032382717122824305,nr51.png,5.0,0.033790661345555785,nr80.png,5.0,0.0,nr125.png,7.0,0.22574039037794916,nr62.png,7.0,0.0,nr12.png,7.0,0.0,nr46.png,6.0,0.07274378484112705,nr99.png,7.0,0.0,nr107.png,4.0,0.0,nr2.png,4.0,0.09503623503437568,nr112.png,3.0,0.07039721113657457,nr93.png,7.0,0.07509035854567954,nr75.png,4.0,0.06054160157745413,nr84.png,5.0,0.025342996009166844,nr76.png,16
1852,14.0,157.0,2.0,5.0,4671.0,2.0,0.0,nr85.png,6.0,0.05725639839108065,nr20.png,7.0,0.032382717122824305,nr51.png,5.0,0.033790661345555785,nr80.png,5.0,0.0,nr125.png,7.0,0.22574039037794916,nr62.png,7.0,0.0,nr12.png,7.0,0.0,nr46.png,6.0,0.07274378484112705,nr99.png,7.0,0.0,nr107.png,4.0,0.0,nr2.png,4.0,0.09503623503437568,nr112.png,3.0,0.07039721113657457,nr93.png,7.0,0.07509035854567954,nr75.png,4.0,0.06054160157745413,nr84.png,5.0,0.025342996009166844,nr76.png,16
1853,14.0,157.0,3.0,2.0,5163.0,2.0,0.0,nr85.png,6.0,0.05725639839108065,nr20.png,7.0,0.032382717122824305,nr51.png,5.0,0.033790661345555785,nr80.png,5.0,0.0,nr125.png,7.0,0.22574039037794916,nr62.png,7.0,0.0,nr12.png,7.0,0.0,nr46.png,6.0,0.07274378484112705,nr99.png,7.0,0.0,nr107.png,4.0,0.0,nr2.png,4.0,0.09503623503437568,nr112.png,3.0,0.07039721113657457,nr93.png,7.0,0.07509035854567954,nr75.png,4.0,0.06054160157745413,nr84.png,5.0,0.025342996009166844,nr76.png,16
1854,14.0,157.0,4.0,5.0,5068.0,2.0,0.0,nr85.png,6.0,0.05725639839108065,nr20.png,7.0,0.032382717122824305,nr51.png,5.0,0.033790661345555785,nr80.png,5.0,0.0,nr125.png,7.0,0.22574039037794916,nr62.png,7.0,0.0,nr12.png,7.0,0.0,nr46.png,6.0,0.07274378484112705,nr99.png,7.0,0.0,nr107.png,4.0,0.0,nr2.png,4.0,0.09503623503437568,nr112.png,3.0,0.07039721113657457,nr93.png,7.0,0.07509035854567954,nr75.png,4.0,0.06054160157745413,nr84.png,5.0,0.025342996009166844,nr76.png,16
1855,14.0,157.0,5.0,5.0,3167.0,2.0,0.0,nr85.png,6.0,0.05725639839108065,nr20.png,7.0,0.032382717122824305,nr51.png,5.0,0.033790661345555785,nr80.png,5.0,0.0,nr125.png,7.0,0.22574039037794916,nr62.png,7.0,0.0,nr12.png,7.0,0.0,nr46.png,6.0,0.07274378484112705,nr99.png,7.0,0.0,nr107.png,4.0,0.0,nr2.png,4.0,0.09503623503437568,nr112.png,3.0,0.07039721113657457,nr93.png,7.0,0.07509035854567954,nr75.png,4.0,0.06054160157745413,nr84.png,5.0,0.025342996009166844,nr76.png,16
1856,14.0,157.0,6.0,5.0,1950.0,2.0,0.0,nr85.png,6.0,0.05725639839108065,nr20.png,7.0,0.032382717122824305,nr51.png,5.0,0.033790661345555785,nr80.png,5.0,0.0,nr125.png,7.0,0.22574039037794916,nr62.png,7.0,0.0,nr12.png,7.0,0.0,nr46.png,6.0,0.07274378484112705,nr99.png,7.0,0.0,nr107.png,4.0,0.0,nr2.png,4.0,0.09503623503437568,nr112.png,3.0,0.07039721113657457,nr93.png,7.0,0.07509035854567954,nr75.png,4.0,0.06054160157745413,nr84.png,5.0,0.025342996009166844,nr76.png,16
1857,14.0,157.0,7.0,5.0,5396.0,2.0,0.0,nr85.png,6.0,0.05725639839108065,nr20.png,7.0,0.032382717122824305,nr51.png,5.0,0.033790661345555785,nr80.png,5.0,0.0,nr125.png,7.0,0.22574039037794916,nr62.png,7.0,0.0,nr12.png,7.0,0.0,nr46.png,6.0,0.07274378484112705,nr99.png,7.0,0.0,nr107.png,4.0,0.0,nr2.png,4.0,0.09503623503437568,nr112.png,3.0,0.07039721113657457,nr93.png,7.0,0.07509035854567954,nr75.png,4.0,0.06054160157745413,nr84.png,5.0,0.025342996009166844,nr76.png,16
1858,14.0,157.0,8.0,2.0,5147.0,2.0,0.0,nr85.png,6.0,0.05725639839108065,nr20.png,7.0,0.032382717122824305,nr51.png,5.0,0.033790661345555785,nr80.png,5.0,0.0,nr125.png,7.0,0.22574039037794916,nr62.png,7.0,0.0,nr12.png,7.0,0.0,nr46.png,6.0,0.07274378484112705,nr99.png,7.0,0.0,nr107.png,4.0,0.0,nr2.png,4.0,0.09503623503437568,nr112.png,3.0,0.07039721113657457,nr93.png,7.0,0.07509035854567954,nr75.png,4.0,0.06054160157745413,nr84.png,5.0,0.025342996009166844,nr76.png,16
1859,14.0,157.0,9.0,5.0,3795.0,2.0,0.0,nr85.png,6.0,0.05725639839108065,nr20.png,7.0,0.032382717122824305,nr51.png,5.0,0.033790661345555785,nr80.png,5.0,0.0,nr125.png,7.0,0.22574039037794916,nr62.png,7.0,0.0,nr12.png,7.0,0.0,nr46.png,6.0,0.07274378484112705,nr99.png,7.0,0.0,nr107.png,4.0,0.0,nr2.png,4.0,0.09503623503437568,nr112.png,3.0,0.07039721113657457,nr93.png,7.0,0.07509035854567954,nr75.png,4.0,0.06054160157745413,nr84.png,5.0,0.025342996009166844,nr76.png,16
1860,14.0,157.0,10.0,8.0,4510.0,2.0,0.0,nr85.png,6.0,0.05725639839108065,nr20.png,7.0,0.032382717122824305,nr51.png,5.0,0.033790661345555785,nr80.png,5.0,0.0,nr125.png,7.0,0.22574039037794916,nr62.png,7.0,0.0,nr12.png,7.0,0.0,nr46.png,6.0,0.07274378484112705,nr99.png,7.0,0.0,nr107.png,4.0,0.0,nr2.png,4.0,0.09503623503437568,nr112.png,3.0,0.07039721113657457,nr93.png,7.0,0.07509035854567954,nr75.png,4.0,0.06054160157745413,nr84.png,5.0,0.025342996009166844,nr76.png,16
1861,14.0,157.0,11.0,5.0,4709.0,2.0,0.0,nr85.png,6.0,0.05725639839108065,nr20.png,7.0,0.032382717122824305,nr51.png,5.0,0.033790661345555785,nr80.png,5.0,0.0,nr125.png,7.0,0.22574039037794916,nr62.png,7.0,0.0,nr12.png,7.0,0.0,nr46.png,6.0,0.07274378484112705,nr99.png,7.0,0.0,nr107.png,4.0,0.0,nr2.png,4.0,0.09503623503437568,nr112.png,3.0,0.07039721113657457,nr93.png,7.0,0.07509035854567954,nr75.png,4.0,0.06054160157745413,nr84.png,5.0,0.025342996009166844,nr76.png,16
1862,14.0,157.0,12.0,5.0,3535.0,2.0,0.0,nr85.png,6.0,0.05725639839108065,nr20.png,7.0,0.032382717122824305,nr51.png,5.0,0.033790661345555785,nr80.png,5.0,0.0,nr125.png,7.0,0.22574039037794916,nr62.png,7.0,0.0,nr12.png,7.0,0.0,nr46.png,6.0,0.07274378484112705,nr99.png,7.0,0.0,nr107.png,4.0,0.0,nr2.png,4.0,0.09503623503437568,nr112.png,3.0,0.07039721113657457,nr93.png,7.0,0.07509035854567954,nr75.png,4.0,0.06054160157745413,nr84.png,5.0,0.025342996009166844,nr76.png,16
1863,14.0,157.0,13.0,5.0,5062.0,2.0,0.0,nr85.png,6.0,0.05725639839108065,nr20.png,7.0,0.032382717122824305,nr51.png,5.0,0.033790661345555785,nr80.png,5.0,0.0,nr125.png,7.0,0.22574039037794916,nr62.png,7.0,0.0,nr12.png,7.0,0.0,nr46.png,6.0,0.07274378484112705,nr99.png,7.0,0.0,nr107.png,4.0,0.0,nr2.png,4.0,0.09503623503437568,nr112.png,3.0,0.07039721113657457,nr93.png,7.0,0.07509035854567954,nr75.png,4.0,0.06054160157745413,nr84.png,5.0,0.025342996009166844,nr76.png,16
1864,14.0,157.0,14.0,6.0,3651.0,2.0,0.0,nr85.png,6.0,0.05725639839108065,nr20.png,7.0,0.032382717122824305,nr51.png,5.0,0.033790661345555785,nr80.png,5.0,0.0,nr125.png,7.0,0.22574039037794916,nr62.png,7.0,0.0,nr12.png,7.0,0.0,nr46.png,6.0,0.07274378484112705,nr99.png,7.0,0.0,nr107.png,4.0,0.0,nr2.png,4.0,0.09503623503437568,nr112.png,3.0,0.07039721113657457,nr93.png,7.0,0.07509035854567954,nr75.png,4.0,0.06054160157745413,nr84.png,5.0,0.025342996009166844,nr76.png,16
1865,14.0,157.0,15.0,3.0,4498.0,2.0,0.0,nr85.png,6.0,0.05725639839108065,nr20.png,7.0,0.032382717122824305,nr51.png,5.0,0.033790661345555785,nr80.png,5.0,0.0,nr125.png,7.0,0.22574039037794916,nr62.png,7.0,0.0,nr12.png,7.0,0.0,nr46.png,6.0,0.07274378484112705,nr99.png,7.0,0.0,nr107.png,4.0,0.0,nr2.png,4.0,0.09503623503437568,nr112.png,3.0,0.07039721113657457,nr93.png,7.0,0.07509035854567954,nr75.png,4.0,0.06054160157745413,nr84.png,5.0,0.025342996009166844,nr76.png,16
1866,14.0,157.0,16.0,5.0,4269.0,2.0,0.0,nr85.png,6.0,0.05725639839108065,nr20.png,7.0,0.032382717122824305,nr51.png,5.0,0.033790661345555785,nr80.png,5.0,0.0,nr125.png,7.0,0.22574039037794916,nr62.png,7.0,0.0,nr12.png,7.0,0.0,nr46.png,6.0,0.07274378484112705,nr99.png,7.0,0.0,nr107.png,4.0,0.0,nr2.png,4.0,0.09503623503437568,nr112.png,3.0,0.07039721113657457,nr93.png,7.0,0.07509035854567954,nr75.png,4.0,0.06054160157745413,nr84.png,5.0,0.025342996009166844,nr76.png,16
1867,14.0,157.0,17.0,5.0,6168.0,2.0,0.0,nr85.png,6.0,0.05725639839108065,nr20.png,7.0,0.032382717122824305,nr51.png,5.0,0.033790661345555785,nr80.png,5.0,0.0,nr125.png,7.0,0.22574039037794916,nr62.png,7.0,0.0,nr12.png,7.0,0.0,nr46.png,6.0,0.07274378484112705,nr99.png,7.0,0.0,nr107.png,4.0,0.0,nr2.png,4.0,0.09503623503437568,nr112.png,3.0,0.07039721113657457,nr93.png,7.0,0.07509035854567954,nr75.png,4.0,0.06054160157745413,nr84.png,5.0,0.025342996009166844,nr76.png,16
1868,14.0,157.0,18.0,5.0,4076.0,2.0,0.0,nr85.png,6.0,0.05725639839108065,nr20.png,7.0,0.032382717122824305,nr51.png,5.0,0.033790661345555785,nr80.png,5.0,0.0,nr125.png,7.0,0.22574039037794916,nr62.png,7.0,0.0,nr12.png,7.0,0.0,nr46.png,6.0,0.07274378484112705,nr99.png,7.0,0.0,nr107.png,4.0,0.0,nr2.png,4.0,0.09503623503437568,nr112.png,3.0,0.07039721113657457,nr93.png,7.0,0.07509035854567954,nr75.png,4.0,0.06054160157745413,nr84.png,5.0,0.025342996009166844,nr76.png,16
1869,14.0,157.0,19.0,5.0,6009.0,2.0,0.0,nr85.png,6.0,0.05725639839108065,nr20.png,7.0,0.032382717122824305,nr51.png,5.0,0.033790661345555785,nr80.png,5.0,0.0,nr125.png,7.0,0.22574039037794916,nr62.png,7.0,0.0,nr12.png,7.0,0.0,nr46.png,6.0,0.07274378484112705,nr99.png,7.0,0.0,nr107.png,4.0,0.0,nr2.png,4.0,0.09503623503437568,nr112.png,3.0,0.07039721113657457,nr93.png,7.0,0.07509035854567954,nr75.png,4.0,0.06054160157745413,nr84.png,5.0,0.025342996009166844,nr76.png,16
1870,14.0,157.0,20.0,9.0,4442.0,2.0,0.0,nr85.png,6.0,0.05725639839108065,nr20.png,7.0,0.032382717122824305,nr51.png,5.0,0.033790661345555785,nr80.png,5.0,0.0,nr125.png,7.0,0.22574039037794916,nr62.png,7.0,0.0,nr12.png,7.0,0.0,nr46.png,6.0,0.07274378484112705,nr99.png,7.0,0.0,nr107.png,4.0,0.0,nr2.png,4.0,0.09503623503437568,nr112.png,3.0,0.07039721113657457,nr93.png,7.0,0.07509035854567954,nr75.png,4.0,0.06054160157745413,nr84.png,5.0,0.025342996009166844,nr76.png,16
1871,14.0,157.0,21.0,5.0,4502.0,2.0,0.0,nr85.png,6.0,0.05725639839108065,nr20.png,7.0,0.032382717122824305,nr51.png,5.0,0.033790661345555785,nr80.png,5.0,0.0,nr125.png,7.0,0.22574039037794916,nr62.png,7.0,0.0,nr12.png,7.0,0.0,nr46.png,6.0,0.07274378484112705,nr99.png,7.0,0.0,nr107.png,4.0,0.0,nr2.png,4.0,0.09503623503437568,nr112.png,3.0,0.07039721113657457,nr93.png,7.0,0.07509035854567954,nr75.png,4.0,0.06054160157745413,nr84.png,5.0,0.025342996009166844,nr76.png,16
1872,14.0,157.0,22.0,13.0,3761.0,2.0,0.0,nr85.png,6.0,0.05725639839108065,nr20.png,7.0,0.032382717122824305,nr51.png,5.0,0.033790661345555785,nr80.png,5.0,0.0,nr125.png,7.0,0.22574039037794916,nr62.png,7.0,0.0,nr12.png,7.0,0.0,nr46.png,6.0,0.07274378484112705,nr99.png,7.0,0.0,nr107.png,4.0,0.0,nr2.png,4.0,0.09503623503437568,nr112.png,3.0,0.07039721113657457,nr93.png,7.0,0.07509035854567954,nr75.png,4.0,0.06054160157745413,nr84.png,5.0,0.025342996009166844,nr76.png,16
1873,14.0,157.0,23.0,5.0,3484.0,2.0,0.0,nr85.png,6.0,0.05725639839108065,nr20.png,7.0,0.032382717122824305,nr51.png,5.0,0.033790661345555785,nr80.png,5.0,0.0,nr125.png,7.0,0.22574039037794916,nr62.png,7.0,0.0,nr12.png,7.0,0.0,nr46.png,6.0,0.07274378484112705,nr99.png,7.0,0.0,nr107.png,4.0,0.0,nr2.png,4.0,0.09503623503437568,nr112.png,3.0,0.07039721113657457,nr93.png,7.0,0.07509035854567954,nr75.png,4.0,0.06054160157745413,nr84.png,5.0,0.025342996009166844,nr76.png,16
1874,14.0,157.0,24.0,1.0,4579.0,2.0,0.0,nr85.png,6.0,0.05725639839108065,nr20.png,7.0,0.032382717122824305,nr51.png,5.0,0.033790661345555785,nr80.png,5.0,0.0,nr125.png,7.0,0.22574039037794916,nr62.png,7.0,0.0,nr12.png,7.0,0.0,nr46.png,6.0,0.07274378484112705,nr99.png,7.0,0.0,nr107.png,4.0,0.0,nr2.png,4.0,0.09503623503437568,nr112.png,3.0,0.07039721113657457,nr93.png,7.0,0.07509035854567954,nr75.png,4.0,0.06054160157745413,nr84.png,5.0,0.025342996009166844,nr76.png,16
1875,14.0,157.0,25.0,2.0,6163.0,2.0,0.0,nr85.png,6.0,0.05725639839108065,nr20.png,7.0,0.032382717122824305,nr51.png,5.0,0.033790661345555785,nr80.png,5.0,0.0,nr125.png,7.0,0.22574039037794916,nr62.png,7.0,0.0,nr12.png,7.0,0.0,nr46.png,6.0,0.07274378484112705,nr99.png,7.0,0.0,nr107.png,4.0,0.0,nr2.png,4.0,0.09503623503437568,nr112.png,3.0,0.07039721113657457,nr93.png,7.0,0.07509035854567954,nr75.png,4.0,0.06054160157745413,nr84.png,5.0,0.025342996009166844,nr76.png,16
1876,14.0,157.0,26.0,1.0,3962.0,2.0,0.0,nr85.png,6.0,0.05725639839108065,nr20.png,7.0,0.032382717122824305,nr51.png,5.0,0.033790661345555785,nr80.png,5.0,0.0,nr125.png,7.0,0.22574039037794916,nr62.png,7.0,0.0,nr12.png,7.0,0.0,nr46.png,6.0,0.07274378484112705,nr99.png,7.0,0.0,nr107.png,4.0,0.0,nr2.png,4.0,0.09503623503437568,nr112.png,3.0,0.07039721113657457,nr93.png,7.0,0.07509035854567954,nr75.png,4.0,0.06054160157745413,nr84.png,5.0,0.025342996009166844,nr76.png,16
1877,14.0,157.0,27.0,5.0,3949.0,2.0,0.0,nr85.png,6.0,0.05725639839108065,nr20.png,7.0,0.032382717122824305,nr51.png,5.0,0.033790661345555785,nr80.png,5.0,0.0,nr125.png,7.0,0.22574039037794916,nr62.png,7.0,0.0,nr12.png,7.0,0.0,nr46.png,6.0,0.07274378484112705,nr99.png,7.0,0.0,nr107.png,4.0,0.0,nr2.png,4.0,0.09503623503437568,nr112.png,3.0,0.07039721113657457,nr93.png,7.0,0.07509035854567954,nr75.png,4.0,0.06054160157745413,nr84.png,5.0,0.025342996009166844,nr76.png,16
1878,14.0,157.0,28.0,13.0,3874.0,2.0,0.0,nr85.png,6.0,0.05725639839108065,nr20.png,7.0,0.032382717122824305,nr51.png,5.0,0.033790661345555785,nr80.png,5.0,0.0,nr125.png,7.0,0.22574039037794916,nr62.png,7.0,0.0,nr12.png,7.0,0.0,nr46.png,6.0,0.07274378484112705,nr99.png,7.0,0.0,nr107.png,4.0,0.0,nr2.png,4.0,0.09503623503437568,nr112.png,3.0,0.07039721113657457,nr93.png,7.0,0.07509035854567954,nr75.png,4.0,0.06054160157745413,nr84.png,5.0,0.025342996009166844,nr76.png,16
1879,14.0,157.0,29.0,5.0,4111.0,2.0,0.0,nr85.png,6.0,0.05725639839108065,nr20.png,7.0,0.032382717122824305,nr51.png,5.0,0.033790661345555785,nr80.png,5.0,0.0,nr125.png,7.0,0.22574039037794916,nr62.png,7.0,0.0,nr12.png,7.0,0.0,nr46.png,6.0,0.07274378484112705,nr99.png,7.0,0.0,nr107.png,4.0,0.0,nr2.png,4.0,0.09503623503437568,nr112.png,3.0,0.07039721113657457,nr93.png,7.0,0.07509035854567954,nr75.png,4.0,0.06054160157745413,nr84.png,5.0,0.025342996009166844,nr76.png,16
1880,14.0,157.0,30.0,5.0,2996.0,2.0,0.0,nr85.png,6.0,0.05725639839108065,nr20.png,7.0,0.032382717122824305,nr51.png,5.0,0.033790661345555785,nr80.png,5.0,0.0,nr125.png,7.0,0.22574039037794916,nr62.png,7.0,0.0,nr12.png,7.0,0.0,nr46.png,6.0,0.07274378484112705,nr99.png,7.0,0.0,nr107.png,4.0,0.0,nr2.png,4.0,0.09503623503437568,nr112.png,3.0,0.07039721113657457,nr93.png,7.0,0.07509035854567954,nr75.png,4.0,0.06054160157745413,nr84.png,5.0,0.025342996009166844,nr76.png,16
1881,14.0,157.0,31.0,5.0,4786.0,2.0,0.0,nr85.png,6.0,0.05725639839108065,nr20.png,7.0,0.032382717122824305,nr51.png,5.0,0.033790661345555785,nr80.png,5.0,0.0,nr125.png,7.0,0.22574039037794916,nr62.png,7.0,0.0,nr12.png,7.0,0.0,nr46.png,6.0,0.07274378484112705,nr99.png,7.0,0.0,nr107.png,4.0,0.0,nr2.png,4.0,0.09503623503437568,nr112.png,3.0,0.07039721113657457,nr93.png,7.0,0.07509035854567954,nr75.png,4.0,0.06054160157745413,nr84.png,5.0,0.025342996009166844,nr76.png,16
1882,14.0,157.0,32.0,1.0,4156.0,2.0,0.0,nr85.png,6.0,0.05725639839108065,nr20.png,7.0,0.032382717122824305,nr51.png,5.0,0.033790661345555785,nr80.png,5.0,0.0,nr125.png,7.0,0.22574039037794916,nr62.png,7.0,0.0,nr12.png,7.0,0.0,nr46.png,6.0,0.07274378484112705,nr99.png,7.0,0.0,nr107.png,4.0,0.0,nr2.png,4.0,0.09503623503437568,nr112.png,3.0,0.07039721113657457,nr93.png,7.0,0.07509035854567954,nr75.png,4.0,0.06054160157745413,nr84.png,5.0,0.025342996009166844,nr76.png,16
1883,14.0,157.0,33.0,5.0,4949.0,2.0,0.0,nr85.png,6.0,0.05725639839108065,nr20.png,7.0,0.032382717122824305,nr51.png,5.0,0.033790661345555785,nr80.png,5.0,0.0,nr125.png,7.0,0.22574039037794916,nr62.png,7.0,0.0,nr12.png,7.0,0.0,nr46.png,6.0,0.07274378484112705,nr99.png,7.0,0.0,nr107.png,4.0,0.0,nr2.png,4.0,0.09503623503437568,nr112.png,3.0,0.07039721113657457,nr93.png,7.0,0.07509035854567954,nr75.png,4.0,0.06054160157745413,nr84.png,5.0,0.025342996009166844,nr76.png,16
1884,14.0,157.0,34.0,5.0,5866.0,2.0,0.0,nr85.png,6.0,0.05725639839108065,nr20.png,7.0,0.032382717122824305,nr51.png,5.0,0.033790661345555785,nr80.png,5.0,0.0,nr125.png,7.0,0.22574039037794916,nr62.png,7.0,0.0,nr12.png,7.0,0.0,nr46.png,6.0,0.07274378484112705,nr99.png,7.0,0.0,nr107.png,4.0,0.0,nr2.png,4.0,0.09503623503437568,nr112.png,3.0,0.07039721113657457,nr93.png,7.0,0.07509035854567954,nr75.png,4.0,0.06054160157745413,nr84.png,5.0,0.025342996009166844,nr76.png,16
1885,14.0,157.0,35.0,5.0,5841.0,2.0,0.0,nr85.png,6.0,0.05725639839108065,nr20.png,7.0,0.032382717122824305,nr51.png,5.0,0.033790661345555785,nr80.png,5.0,0.0,nr125.png,7.0,0.22574039037794916,nr62.png,7.0,0.0,nr12.png,7.0,0.0,nr46.png,6.0,0.07274378484112705,nr99.png,7.0,0.0,nr107.png,4.0,0.0,nr2.png,4.0,0.09503623503437568,nr112.png,3.0,0.07039721113657457,nr93.png,7.0,0.07509035854567954,nr75.png,4.0,0.06054160157745413,nr84.png,5.0,0.025342996009166844,nr76.png,16
1886,14.0,157.0,36.0,5.0,2859.0,2.0,0.0,nr85.png,6.0,0.05725639839108065,nr20.png,7.0,0.032382717122824305,nr51.png,5.0,0.033790661345555785,nr80.png,5.0,0.0,nr125.png,7.0,0.22574039037794916,nr62.png,7.0,0.0,nr12.png,7.0,0.0,nr46.png,6.0,0.07274378484112705,nr99.png,7.0,0.0,nr107.png,4.0,0.0,nr2.png,4.0,0.09503623503437568,nr112.png,3.0,0.07039721113657457,nr93.png,7.0,0.07509035854567954,nr75.png,4.0,0.06054160157745413,nr84.png,5.0,0.025342996009166844,nr76.png,16
1887,14.0,157.0,37.0,5.0,4745.0,2.0,0.0,nr85.png,6.0,0.05725639839108065,nr20.png,7.0,0.032382717122824305,nr51.png,5.0,0.033790661345555785,nr80.png,5.0,0.0,nr125.png,7.0,0.22574039037794916,nr62.png,7.0,0.0,nr12.png,7.0,0.0,nr46.png,6.0,0.07274378484112705,nr99.png,7.0,0.0,nr107.png,4.0,0.0,nr2.png,4.0,0.09503623503437568,nr112.png,3.0,0.07039721113657457,nr93.png,7.0,0.07509035854567954,nr75.png,4.0,0.06054160157745413,nr84.png,5.0,0.025342996009166844,nr76.png,16
1888,14.0,157.0,38.0,13.0,4150.0,2.0,0.0,nr85.png,6.0,0.05725639839108065,nr20.png,7.0,0.032382717122824305,nr51.png,5.0,0.033790661345555785,nr80.png,5.0,0.0,nr125.png,7.0,0.22574039037794916,nr62.png,7.0,0.0,nr12.png,7.0,0.0,nr46.png,6.0,0.07274378484112705,nr99.png,7.0,0.0,nr107.png,4.0,0.0,nr2.png,4.0,0.09503623503437568,nr112.png,3.0,0.07039721113657457,nr93.png,7.0,0.07509035854567954,nr75.png,4.0,0.06054160157745413,nr84.png,5.0,0.025342996009166844,nr76.png,16
1889,14.0,157.0,39.0,13.0,5236.0,2.0,0.0,nr85.png,6.0,0.05725639839108065,nr20.png,7.0,0.032382717122824305,nr51.png,5.0,0.033790661345555785,nr80.png,5.0,0.0,nr125.png,7.0,0.22574039037794916,nr62.png,7.0,0.0,nr12.png,7.0,0.0,nr46.png,6.0,0.07274378484112705,nr99.png,7.0,0.0,nr107.png,4.0,0.0,nr2.png,4.0,0.09503623503437568,nr112.png,3.0,0.07039721113657457,nr93.png,7.0,0.07509035854567954,nr75.png,4.0,0.06054160157745413,nr84.png,5.0,0.025342996009166844,nr76.png,16
1890,14.0,157.0,40.0,5.0,3204.0,2.0,0.0,nr85.png,6.0,0.05725639839108065,nr20.png,7.0,0.032382717122824305,nr51.png,5.0,0.033790661345555785,nr80.png,5.0,0.0,nr125.png,7.0,0.22574039037794916,nr62.png,7.0,0.0,nr12.png,7.0,0.0,nr46.png,6.0,0.07274378484112705,nr99.png,7.0,0.0,nr107.png,4.0,0.0,nr2.png,4.0,0.09503623503437568,nr112.png,3.0,0.07039721113657457,nr93.png,7.0,0.07509035854567954,nr75.png,4.0,0.06054160157745413,nr84.png,5.0,0.025342996009166844,nr76.png,16
1891,14.0,157.0,41.0,2.0,5097.0,2.0,0.0,nr85.png,6.0,0.05725639839108065,nr20.png,7.0,0.032382717122824305,nr51.png,5.0,0.033790661345555785,nr80.png,5.0,0.0,nr125.png,7.0,0.22574039037794916,nr62.png,7.0,0.0,nr12.png,7.0,0.0,nr46.png,6.0,0.07274378484112705,nr99.png,7.0,0.0,nr107.png,4.0,0.0,nr2.png,4.0,0.09503623503437568,nr112.png,3.0,0.07039721113657457,nr93.png,7.0,0.07509035854567954,nr75.png,4.0,0.06054160157745413,nr84.png,5.0,0.025342996009166844,nr76.png,16
1892,14.0,157.0,42.0,5.0,4888.0,2.0,0.0,nr85.png,6.0,0.05725639839108065,nr20.png,7.0,0.032382717122824305,nr51.png,5.0,0.033790661345555785,nr80.png,5.0,0.0,nr125.png,7.0,0.22574039037794916,nr62.png,7.0,0.0,nr12.png,7.0,0.0,nr46.png,6.0,0.07274378484112705,nr99.png,7.0,0.0,nr107.png,4.0,0.0,nr2.png,4.0,0.09503623503437568,nr112.png,3.0,0.07039721113657457,nr93.png,7.0,0.07509035854567954,nr75.png,4.0,0.06054160157745413,nr84.png,5.0,0.025342996009166844,nr76.png,16
1893,14.0,157.0,43.0,5.0,3570.0,2.0,0.0,nr85.png,6.0,0.05725639839108065,nr20.png,7.0,0.032382717122824305,nr51.png,5.0,0.033790661345555785,nr80.png,5.0,0.0,nr125.png,7.0,0.22574039037794916,nr62.png,7.0,0.0,nr12.png,7.0,0.0,nr46.png,6.0,0.07274378484112705,nr99.png,7.0,0.0,nr107.png,4.0,0.0,nr2.png,4.0,0.09503623503437568,nr112.png,3.0,0.07039721113657457,nr93.png,7.0,0.07509035854567954,nr75.png,4.0,0.06054160157745413,nr84.png,5.0,0.025342996009166844,nr76.png,16
1894,14.0,157.0,44.0,5.0,3311.0,2.0,0.0,nr85.png,6.0,0.05725639839108065,nr20.png,7.0,0.032382717122824305,nr51.png,5.0,0.033790661345555785,nr80.png,5.0,0.0,nr125.png,7.0,0.22574039037794916,nr62.png,7.0,0.0,nr12.png,7.0,0.0,nr46.png,6.0,0.07274378484112705,nr99.png,7.0,0.0,nr107.png,4.0,0.0,nr2.png,4.0,0.09503623503437568,nr112.png,3.0,0.07039721113657457,nr93.png,7.0,0.07509035854567954,nr75.png,4.0,0.06054160157745413,nr84.png,5.0,0.025342996009166844,nr76.png,16
1895,14.0,157.0,45.0,15.0,5111.0,2.0,0.0,nr85.png,6.0,0.05725639839108065,nr20.png,7.0,0.032382717122824305,nr51.png,5.0,0.033790661345555785,nr80.png,5.0,0.0,nr125.png,7.0,0.22574039037794916,nr62.png,7.0,0.0,nr12.png,7.0,0.0,nr46.png,6.0,0.07274378484112705,nr99.png,7.0,0.0,nr107.png,4.0,0.0,nr2.png,4.0,0.09503623503437568,nr112.png,3.0,0.07039721113657457,nr93.png,7.0,0.07509035854567954,nr75.png,4.0,0.06054160157745413,nr84.png,5.0,0.025342996009166844,nr76.png,16
1896,14.0,157.0,46.0,5.0,4980.0,2.0,0.0,nr85.png,6.0,0.05725639839108065,nr20.png,7.0,0.032382717122824305,nr51.png,5.0,0.033790661345555785,nr80.png,5.0,0.0,nr125.png,7.0,0.22574039037794916,nr62.png,7.0,0.0,nr12.png,7.0,0.0,nr46.png,6.0,0.07274378484112705,nr99.png,7.0,0.0,nr107.png,4.0,0.0,nr2.png,4.0,0.09503623503437568,nr112.png,3.0,0.07039721113657457,nr93.png,7.0,0.07509035854567954,nr75.png,4.0,0.06054160157745413,nr84.png,5.0,0.025342996009166844,nr76.png,16
1897,14.0,157.0,47.0,5.0,3617.0,2.0,0.0,nr85.png,6.0,0.05725639839108065,nr20.png,7.0,0.032382717122824305,nr51.png,5.0,0.033790661345555785,nr80.png,5.0,0.0,nr125.png,7.0,0.22574039037794916,nr62.png,7.0,0.0,nr12.png,7.0,0.0,nr46.png,6.0,0.07274378484112705,nr99.png,7.0,0.0,nr107.png,4.0,0.0,nr2.png,4.0,0.09503623503437568,nr112.png,3.0,0.07039721113657457,nr93.png,7.0,0.07509035854567954,nr75.png,4.0,0.06054160157745413,nr84.png,5.0,0.025342996009166844,nr76.png,16
1898,14.0,157.0,48.0,5.0,4729.0,2.0,0.0,nr85.png,6.0,0.05725639839108065,nr20.png,7.0,0.032382717122824305,nr51.png,5.0,0.033790661345555785,nr80.png,5.0,0.0,nr125.png,7.0,0.22574039037794916,nr62.png,7.0,0.0,nr12.png,7.0,0.0,nr46.png,6.0,0.07274378484112705,nr99.png,7.0,0.0,nr107.png,4.0,0.0,nr2.png,4.0,0.09503623503437568,nr112.png,3.0,0.07039721113657457,nr93.png,7.0,0.07509035854567954,nr75.png,4.0,0.06054160157745413,nr84.png,5.0,0.025342996009166844,nr76.png,16
1899,14.0,157.0,49.0,5.0,5637.0,2.0,0.0,nr85.png,6.0,0.05725639839108065,nr20.png,7.0,0.032382717122824305,nr51.png,5.0,0.033790661345555785,nr80.png,5.0,0.0,nr125.png,7.0,0.22574039037794916,nr62.png,7.0,0.0,nr12.png,7.0,0.0,nr46.png,6.0,0.07274378484112705,nr99.png,7.0,0.0,nr107.png,4.0,0.0,nr2.png,4.0,0.09503623503437568,nr112.png,3.0,0.07039721113657457,nr93.png,7.0,0.07509035854567954,nr75.png,4.0,0.06054160157745413,nr84.png,5.0,0.025342996009166844,nr76.png,16
1900,14.0,159.0,0.0,5.0,4762.0,7.0,0.10834942766682104,nr62.png,4.0,0.08852378771076443,nr100.png,7.0,0.14892283036758808,nr63.png,5.0,0.0,nr106.png,3.0,0.04149552548942083,nr48.png,7.0,0.0959007700199948,nr45.png,5.0,0.034579604574517364,nr14.png,7.0,0.0,nr97.png,1.0,0.0,nr102.png,5.0,0.0,nr3.png,5.0,0.0,nr52.png,7.0,0.0,nr54.png,5.0,0.0,nr80.png,7.0,0.0,nr28.png,7.0,0.1687484703236447,nr51.png,6.0,0.0,nr99.png,16
1901,14.0,159.0,1.0,5.0,5407.0,7.0,0.10834942766682104,nr62.png,4.0,0.08852378771076443,nr100.png,7.0,0.14892283036758808,nr63.png,5.0,0.0,nr106.png,3.0,0.04149552548942083,nr48.png,7.0,0.0959007700199948,nr45.png,5.0,0.034579604574517364,nr14.png,7.0,0.0,nr97.png,1.0,0.0,nr102.png,5.0,0.0,nr3.png,5.0,0.0,nr52.png,7.0,0.0,nr54.png,5.0,0.0,nr80.png,7.0,0.0,nr28.png,7.0,0.1687484703236447,nr51.png,6.0,0.0,nr99.png,16
1902,14.0,159.0,2.0,10.0,8234.0,7.0,0.10834942766682104,nr62.png,4.0,0.08852378771076443,nr100.png,7.0,0.14892283036758808,nr63.png,5.0,0.0,nr106.png,3.0,0.04149552548942083,nr48.png,7.0,0.0959007700199948,nr45.png,5.0,0.034579604574517364,nr14.png,7.0,0.0,nr97.png,1.0,0.0,nr102.png,5.0,0.0,nr3.png,5.0,0.0,nr52.png,7.0,0.0,nr54.png,5.0,0.0,nr80.png,7.0,0.0,nr28.png,7.0,0.1687484703236447,nr51.png,6.0,0.0,nr99.png,16
1903,14.0,159.0,3.0,0.0,5114.0,7.0,0.10834942766682104,nr62.png,4.0,0.08852378771076443,nr100.png,7.0,0.14892283036758808,nr63.png,5.0,0.0,nr106.png,3.0,0.04149552548942083,nr48.png,7.0,0.0959007700199948,nr45.png,5.0,0.034579604574517364,nr14.png,7.0,0.0,nr97.png,1.0,0.0,nr102.png,5.0,0.0,nr3.png,5.0,0.0,nr52.png,7.0,0.0,nr54.png,5.0,0.0,nr80.png,7.0,0.0,nr28.png,7.0,0.1687484703236447,nr51.png,6.0,0.0,nr99.png,16
1904,14.0,159.0,4.0,11.0,4022.0,7.0,0.10834942766682104,nr62.png,4.0,0.08852378771076443,nr100.png,7.0,0.14892283036758808,nr63.png,5.0,0.0,nr106.png,3.0,0.04149552548942083,nr48.png,7.0,0.0959007700199948,nr45.png,5.0,0.034579604574517364,nr14.png,7.0,0.0,nr97.png,1.0,0.0,nr102.png,5.0,0.0,nr3.png,5.0,0.0,nr52.png,7.0,0.0,nr54.png,5.0,0.0,nr80.png,7.0,0.0,nr28.png,7.0,0.1687484703236447,nr51.png,6.0,0.0,nr99.png,16
1905,14.0,159.0,5.0,2.0,4280.0,7.0,0.10834942766682104,nr62.png,4.0,0.08852378771076443,nr100.png,7.0,0.14892283036758808,nr63.png,5.0,0.0,nr106.png,3.0,0.04149552548942083,nr48.png,7.0,0.0959007700199948,nr45.png,5.0,0.034579604574517364,nr14.png,7.0,0.0,nr97.png,1.0,0.0,nr102.png,5.0,0.0,nr3.png,5.0,0.0,nr52.png,7.0,0.0,nr54.png,5.0,0.0,nr80.png,7.0,0.0,nr28.png,7.0,0.1687484703236447,nr51.png,6.0,0.0,nr99.png,16
1906,14.0,159.0,6.0,0.0,4243.0,7.0,0.10834942766682104,nr62.png,4.0,0.08852378771076443,nr100.png,7.0,0.14892283036758808,nr63.png,5.0,0.0,nr106.png,3.0,0.04149552548942083,nr48.png,7.0,0.0959007700199948,nr45.png,5.0,0.034579604574517364,nr14.png,7.0,0.0,nr97.png,1.0,0.0,nr102.png,5.0,0.0,nr3.png,5.0,0.0,nr52.png,7.0,0.0,nr54.png,5.0,0.0,nr80.png,7.0,0.0,nr28.png,7.0,0.1687484703236447,nr51.png,6.0,0.0,nr99.png,16
1907,14.0,159.0,7.0,14.0,3237.0,7.0,0.10834942766682104,nr62.png,4.0,0.08852378771076443,nr100.png,7.0,0.14892283036758808,nr63.png,5.0,0.0,nr106.png,3.0,0.04149552548942083,nr48.png,7.0,0.0959007700199948,nr45.png,5.0,0.034579604574517364,nr14.png,7.0,0.0,nr97.png,1.0,0.0,nr102.png,5.0,0.0,nr3.png,5.0,0.0,nr52.png,7.0,0.0,nr54.png,5.0,0.0,nr80.png,7.0,0.0,nr28.png,7.0,0.1687484703236447,nr51.png,6.0,0.0,nr99.png,16
1908,14.0,159.0,8.0,12.0,2848.0,7.0,0.10834942766682104,nr62.png,4.0,0.08852378771076443,nr100.png,7.0,0.14892283036758808,nr63.png,5.0,0.0,nr106.png,3.0,0.04149552548942083,nr48.png,7.0,0.0959007700199948,nr45.png,5.0,0.034579604574517364,nr14.png,7.0,0.0,nr97.png,1.0,0.0,nr102.png,5.0,0.0,nr3.png,5.0,0.0,nr52.png,7.0,0.0,nr54.png,5.0,0.0,nr80.png,7.0,0.0,nr28.png,7.0,0.1687484703236447,nr51.png,6.0,0.0,nr99.png,16
1909,14.0,159.0,9.0,2.0,5538.0,7.0,0.10834942766682104,nr62.png,4.0,0.08852378771076443,nr100.png,7.0,0.14892283036758808,nr63.png,5.0,0.0,nr106.png,3.0,0.04149552548942083,nr48.png,7.0,0.0959007700199948,nr45.png,5.0,0.034579604574517364,nr14.png,7.0,0.0,nr97.png,1.0,0.0,nr102.png,5.0,0.0,nr3.png,5.0,0.0,nr52.png,7.0,0.0,nr54.png,5.0,0.0,nr80.png,7.0,0.0,nr28.png,7.0,0.1687484703236447,nr51.png,6.0,0.0,nr99.png,16
1910,14.0,159.0,10.0,2.0,3338.0,7.0,0.10834942766682104,nr62.png,4.0,0.08852378771076443,nr100.png,7.0,0.14892283036758808,nr63.png,5.0,0.0,nr106.png,3.0,0.04149552548942083,nr48.png,7.0,0.0959007700199948,nr45.png,5.0,0.034579604574517364,nr14.png,7.0,0.0,nr97.png,1.0,0.0,nr102.png,5.0,0.0,nr3.png,5.0,0.0,nr52.png,7.0,0.0,nr54.png,5.0,0.0,nr80.png,7.0,0.0,nr28.png,7.0,0.1687484703236447,nr51.png,6.0,0.0,nr99.png,16
1911,14.0,159.0,11.0,0.0,5755.0,7.0,0.10834942766682104,nr62.png,4.0,0.08852378771076443,nr100.png,7.0,0.14892283036758808,nr63.png,5.0,0.0,nr106.png,3.0,0.04149552548942083,nr48.png,7.0,0.0959007700199948,nr45.png,5.0,0.034579604574517364,nr14.png,7.0,0.0,nr97.png,1.0,0.0,nr102.png,5.0,0.0,nr3.png,5.0,0.0,nr52.png,7.0,0.0,nr54.png,5.0,0.0,nr80.png,7.0,0.0,nr28.png,7.0,0.1687484703236447,nr51.png,6.0,0.0,nr99.png,16
1912,14.0,159.0,12.0,5.0,5292.0,7.0,0.10834942766682104,nr62.png,4.0,0.08852378771076443,nr100.png,7.0,0.14892283036758808,nr63.png,5.0,0.0,nr106.png,3.0,0.04149552548942083,nr48.png,7.0,0.0959007700199948,nr45.png,5.0,0.034579604574517364,nr14.png,7.0,0.0,nr97.png,1.0,0.0,nr102.png,5.0,0.0,nr3.png,5.0,0.0,nr52.png,7.0,0.0,nr54.png,5.0,0.0,nr80.png,7.0,0.0,nr28.png,7.0,0.1687484703236447,nr51.png,6.0,0.0,nr99.png,16
1913,14.0,159.0,13.0,9.0,7934.0,7.0,0.10834942766682104,nr62.png,4.0,0.08852378771076443,nr100.png,7.0,0.14892283036758808,nr63.png,5.0,0.0,nr106.png,3.0,0.04149552548942083,nr48.png,7.0,0.0959007700199948,nr45.png,5.0,0.034579604574517364,nr14.png,7.0,0.0,nr97.png,1.0,0.0,nr102.png,5.0,0.0,nr3.png,5.0,0.0,nr52.png,7.0,0.0,nr54.png,5.0,0.0,nr80.png,7.0,0.0,nr28.png,7.0,0.1687484703236447,nr51.png,6.0,0.0,nr99.png,16
1914,14.0,159.0,14.0,2.0,3874.0,7.0,0.10834942766682104,nr62.png,4.0,0.08852378771076443,nr100.png,7.0,0.14892283036758808,nr63.png,5.0,0.0,nr106.png,3.0,0.04149552548942083,nr48.png,7.0,0.0959007700199948,nr45.png,5.0,0.034579604574517364,nr14.png,7.0,0.0,nr97.png,1.0,0.0,nr102.png,5.0,0.0,nr3.png,5.0,0.0,nr52.png,7.0,0.0,nr54.png,5.0,0.0,nr80.png,7.0,0.0,nr28.png,7.0,0.1687484703236447,nr51.png,6.0,0.0,nr99.png,16
1915,14.0,159.0,15.0,2.0,4345.0,7.0,0.10834942766682104,nr62.png,4.0,0.08852378771076443,nr100.png,7.0,0.14892283036758808,nr63.png,5.0,0.0,nr106.png,3.0,0.04149552548942083,nr48.png,7.0,0.0959007700199948,nr45.png,5.0,0.034579604574517364,nr14.png,7.0,0.0,nr97.png,1.0,0.0,nr102.png,5.0,0.0,nr3.png,5.0,0.0,nr52.png,7.0,0.0,nr54.png,5.0,0.0,nr80.png,7.0,0.0,nr28.png,7.0,0.1687484703236447,nr51.png,6.0,0.0,nr99.png,16
1916,14.0,159.0,16.0,14.0,6243.0,7.0,0.10834942766682104,nr62.png,4.0,0.08852378771076443,nr100.png,7.0,0.14892283036758808,nr63.png,5.0,0.0,nr106.png,3.0,0.04149552548942083,nr48.png,7.0,0.0959007700199948,nr45.png,5.0,0.034579604574517364,nr14.png,7.0,0.0,nr97.png,1.0,0.0,nr102.png,5.0,0.0,nr3.png,5.0,0.0,nr52.png,7.0,0.0,nr54.png,5.0,0.0,nr80.png,7.0,0.0,nr28.png,7.0,0.1687484703236447,nr51.png,6.0,0.0,nr99.png,16
1917,14.0,159.0,17.0,2.0,4886.0,7.0,0.10834942766682104,nr62.png,4.0,0.08852378771076443,nr100.png,7.0,0.14892283036758808,nr63.png,5.0,0.0,nr106.png,3.0,0.04149552548942083,nr48.png,7.0,0.0959007700199948,nr45.png,5.0,0.034579604574517364,nr14.png,7.0,0.0,nr97.png,1.0,0.0,nr102.png,5.0,0.0,nr3.png,5.0,0.0,nr52.png,7.0,0.0,nr54.png,5.0,0.0,nr80.png,7.0,0.0,nr28.png,7.0,0.1687484703236447,nr51.png,6.0,0.0,nr99.png,16
1918,14.0,159.0,18.0,13.0,4384.0,7.0,0.10834942766682104,nr62.png,4.0,0.08852378771076443,nr100.png,7.0,0.14892283036758808,nr63.png,5.0,0.0,nr106.png,3.0,0.04149552548942083,nr48.png,7.0,0.0959007700199948,nr45.png,5.0,0.034579604574517364,nr14.png,7.0,0.0,nr97.png,1.0,0.0,nr102.png,5.0,0.0,nr3.png,5.0,0.0,nr52.png,7.0,0.0,nr54.png,5.0,0.0,nr80.png,7.0,0.0,nr28.png,7.0,0.1687484703236447,nr51.png,6.0,0.0,nr99.png,16
1919,14.0,159.0,19.0,14.0,3715.0,7.0,0.10834942766682104,nr62.png,4.0,0.08852378771076443,nr100.png,7.0,0.14892283036758808,nr63.png,5.0,0.0,nr106.png,3.0,0.04149552548942083,nr48.png,7.0,0.0959007700199948,nr45.png,5.0,0.034579604574517364,nr14.png,7.0,0.0,nr97.png,1.0,0.0,nr102.png,5.0,0.0,nr3.png,5.0,0.0,nr52.png,7.0,0.0,nr54.png,5.0,0.0,nr80.png,7.0,0.0,nr28.png,7.0,0.1687484703236447,nr51.png,6.0,0.0,nr99.png,16
1920,14.0,159.0,20.0,14.0,3352.0,7.0,0.10834942766682104,nr62.png,4.0,0.08852378771076443,nr100.png,7.0,0.14892283036758808,nr63.png,5.0,0.0,nr106.png,3.0,0.04149552548942083,nr48.png,7.0,0.0959007700199948,nr45.png,5.0,0.034579604574517364,nr14.png,7.0,0.0,nr97.png,1.0,0.0,nr102.png,5.0,0.0,nr3.png,5.0,0.0,nr52.png,7.0,0.0,nr54.png,5.0,0.0,nr80.png,7.0,0.0,nr28.png,7.0,0.1687484703236447,nr51.png,6.0,0.0,nr99.png,16
1921,14.0,159.0,21.0,5.0,5328.0,7.0,0.10834942766682104,nr62.png,4.0,0.08852378771076443,nr100.png,7.0,0.14892283036758808,nr63.png,5.0,0.0,nr106.png,3.0,0.04149552548942083,nr48.png,7.0,0.0959007700199948,nr45.png,5.0,0.034579604574517364,nr14.png,7.0,0.0,nr97.png,1.0,0.0,nr102.png,5.0,0.0,nr3.png,5.0,0.0,nr52.png,7.0,0.0,nr54.png,5.0,0.0,nr80.png,7.0,0.0,nr28.png,7.0,0.1687484703236447,nr51.png,6.0,0.0,nr99.png,16
1922,14.0,159.0,22.0,2.0,4261.0,7.0,0.10834942766682104,nr62.png,4.0,0.08852378771076443,nr100.png,7.0,0.14892283036758808,nr63.png,5.0,0.0,nr106.png,3.0,0.04149552548942083,nr48.png,7.0,0.0959007700199948,nr45.png,5.0,0.034579604574517364,nr14.png,7.0,0.0,nr97.png,1.0,0.0,nr102.png,5.0,0.0,nr3.png,5.0,0.0,nr52.png,7.0,0.0,nr54.png,5.0,0.0,nr80.png,7.0,0.0,nr28.png,7.0,0.1687484703236447,nr51.png,6.0,0.0,nr99.png,16
1923,14.0,159.0,23.0,14.0,5746.0,7.0,0.10834942766682104,nr62.png,4.0,0.08852378771076443,nr100.png,7.0,0.14892283036758808,nr63.png,5.0,0.0,nr106.png,3.0,0.04149552548942083,nr48.png,7.0,0.0959007700199948,nr45.png,5.0,0.034579604574517364,nr14.png,7.0,0.0,nr97.png,1.0,0.0,nr102.png,5.0,0.0,nr3.png,5.0,0.0,nr52.png,7.0,0.0,nr54.png,5.0,0.0,nr80.png,7.0,0.0,nr28.png,7.0,0.1687484703236447,nr51.png,6.0,0.0,nr99.png,16
1924,14.0,159.0,24.0,2.0,5471.0,7.0,0.10834942766682104,nr62.png,4.0,0.08852378771076443,nr100.png,7.0,0.14892283036758808,nr63.png,5.0,0.0,nr106.png,3.0,0.04149552548942083,nr48.png,7.0,0.0959007700199948,nr45.png,5.0,0.034579604574517364,nr14.png,7.0,0.0,nr97.png,1.0,0.0,nr102.png,5.0,0.0,nr3.png,5.0,0.0,nr52.png,7.0,0.0,nr54.png,5.0,0.0,nr80.png,7.0,0.0,nr28.png,7.0,0.1687484703236447,nr51.png,6.0,0.0,nr99.png,16
1925,14.0,159.0,25.0,14.0,5460.0,7.0,0.10834942766682104,nr62.png,4.0,0.08852378771076443,nr100.png,7.0,0.14892283036758808,nr63.png,5.0,0.0,nr106.png,3.0,0.04149552548942083,nr48.png,7.0,0.0959007700199948,nr45.png,5.0,0.034579604574517364,nr14.png,7.0,0.0,nr97.png,1.0,0.0,nr102.png,5.0,0.0,nr3.png,5.0,0.0,nr52.png,7.0,0.0,nr54.png,5.0,0.0,nr80.png,7.0,0.0,nr28.png,7.0,0.1687484703236447,nr51.png,6.0,0.0,nr99.png,16
1926,14.0,159.0,26.0,7.0,6358.0,7.0,0.10834942766682104,nr62.png,4.0,0.08852378771076443,nr100.png,7.0,0.14892283036758808,nr63.png,5.0,0.0,nr106.png,3.0,0.04149552548942083,nr48.png,7.0,0.0959007700199948,nr45.png,5.0,0.034579604574517364,nr14.png,7.0,0.0,nr97.png,1.0,0.0,nr102.png,5.0,0.0,nr3.png,5.0,0.0,nr52.png,7.0,0.0,nr54.png,5.0,0.0,nr80.png,7.0,0.0,nr28.png,7.0,0.1687484703236447,nr51.png,6.0,0.0,nr99.png,16
1927,14.0,159.0,27.0,2.0,4355.0,7.0,0.10834942766682104,nr62.png,4.0,0.08852378771076443,nr100.png,7.0,0.14892283036758808,nr63.png,5.0,0.0,nr106.png,3.0,0.04149552548942083,nr48.png,7.0,0.0959007700199948,nr45.png,5.0,0.034579604574517364,nr14.png,7.0,0.0,nr97.png,1.0,0.0,nr102.png,5.0,0.0,nr3.png,5.0,0.0,nr52.png,7.0,0.0,nr54.png,5.0,0.0,nr80.png,7.0,0.0,nr28.png,7.0,0.1687484703236447,nr51.png,6.0,0.0,nr99.png,16
1928,14.0,159.0,28.0,7.0,5876.0,7.0,0.10834942766682104,nr62.png,4.0,0.08852378771076443,nr100.png,7.0,0.14892283036758808,nr63.png,5.0,0.0,nr106.png,3.0,0.04149552548942083,nr48.png,7.0,0.0959007700199948,nr45.png,5.0,0.034579604574517364,nr14.png,7.0,0.0,nr97.png,1.0,0.0,nr102.png,5.0,0.0,nr3.png,5.0,0.0,nr52.png,7.0,0.0,nr54.png,5.0,0.0,nr80.png,7.0,0.0,nr28.png,7.0,0.1687484703236447,nr51.png,6.0,0.0,nr99.png,16
1929,14.0,159.0,29.0,2.0,5057.0,7.0,0.10834942766682104,nr62.png,4.0,0.08852378771076443,nr100.png,7.0,0.14892283036758808,nr63.png,5.0,0.0,nr106.png,3.0,0.04149552548942083,nr48.png,7.0,0.0959007700199948,nr45.png,5.0,0.034579604574517364,nr14.png,7.0,0.0,nr97.png,1.0,0.0,nr102.png,5.0,0.0,nr3.png,5.0,0.0,nr52.png,7.0,0.0,nr54.png,5.0,0.0,nr80.png,7.0,0.0,nr28.png,7.0,0.1687484703236447,nr51.png,6.0,0.0,nr99.png,16
1930,14.0,159.0,30.0,14.0,4230.0,7.0,0.10834942766682104,nr62.png,4.0,0.08852378771076443,nr100.png,7.0,0.14892283036758808,nr63.png,5.0,0.0,nr106.png,3.0,0.04149552548942083,nr48.png,7.0,0.0959007700199948,nr45.png,5.0,0.034579604574517364,nr14.png,7.0,0.0,nr97.png,1.0,0.0,nr102.png,5.0,0.0,nr3.png,5.0,0.0,nr52.png,7.0,0.0,nr54.png,5.0,0.0,nr80.png,7.0,0.0,nr28.png,7.0,0.1687484703236447,nr51.png,6.0,0.0,nr99.png,16
1931,14.0,159.0,31.0,2.0,6135.0,7.0,0.10834942766682104,nr62.png,4.0,0.08852378771076443,nr100.png,7.0,0.14892283036758808,nr63.png,5.0,0.0,nr106.png,3.0,0.04149552548942083,nr48.png,7.0,0.0959007700199948,nr45.png,5.0,0.034579604574517364,nr14.png,7.0,0.0,nr97.png,1.0,0.0,nr102.png,5.0,0.0,nr3.png,5.0,0.0,nr52.png,7.0,0.0,nr54.png,5.0,0.0,nr80.png,7.0,0.0,nr28.png,7.0,0.1687484703236447,nr51.png,6.0,0.0,nr99.png,16
1932,14.0,159.0,32.0,14.0,3850.0,7.0,0.10834942766682104,nr62.png,4.0,0.08852378771076443,nr100.png,7.0,0.14892283036758808,nr63.png,5.0,0.0,nr106.png,3.0,0.04149552548942083,nr48.png,7.0,0.0959007700199948,nr45.png,5.0,0.034579604574517364,nr14.png,7.0,0.0,nr97.png,1.0,0.0,nr102.png,5.0,0.0,nr3.png,5.0,0.0,nr52.png,7.0,0.0,nr54.png,5.0,0.0,nr80.png,7.0,0.0,nr28.png,7.0,0.1687484703236447,nr51.png,6.0,0.0,nr99.png,16
1933,14.0,159.0,33.0,5.0,5150.0,7.0,0.10834942766682104,nr62.png,4.0,0.08852378771076443,nr100.png,7.0,0.14892283036758808,nr63.png,5.0,0.0,nr106.png,3.0,0.04149552548942083,nr48.png,7.0,0.0959007700199948,nr45.png,5.0,0.034579604574517364,nr14.png,7.0,0.0,nr97.png,1.0,0.0,nr102.png,5.0,0.0,nr3.png,5.0,0.0,nr52.png,7.0,0.0,nr54.png,5.0,0.0,nr80.png,7.0,0.0,nr28.png,7.0,0.1687484703236447,nr51.png,6.0,0.0,nr99.png,16
1934,14.0,159.0,34.0,11.0,4158.0,7.0,0.10834942766682104,nr62.png,4.0,0.08852378771076443,nr100.png,7.0,0.14892283036758808,nr63.png,5.0,0.0,nr106.png,3.0,0.04149552548942083,nr48.png,7.0,0.0959007700199948,nr45.png,5.0,0.034579604574517364,nr14.png,7.0,0.0,nr97.png,1.0,0.0,nr102.png,5.0,0.0,nr3.png,5.0,0.0,nr52.png,7.0,0.0,nr54.png,5.0,0.0,nr80.png,7.0,0.0,nr28.png,7.0,0.1687484703236447,nr51.png,6.0,0.0,nr99.png,16
1935,14.0,159.0,35.0,2.0,3347.0,7.0,0.10834942766682104,nr62.png,4.0,0.08852378771076443,nr100.png,7.0,0.14892283036758808,nr63.png,5.0,0.0,nr106.png,3.0,0.04149552548942083,nr48.png,7.0,0.0959007700199948,nr45.png,5.0,0.034579604574517364,nr14.png,7.0,0.0,nr97.png,1.0,0.0,nr102.png,5.0,0.0,nr3.png,5.0,0.0,nr52.png,7.0,0.0,nr54.png,5.0,0.0,nr80.png,7.0,0.0,nr28.png,7.0,0.1687484703236447,nr51.png,6.0,0.0,nr99.png,16
1936,14.0,159.0,36.0,2.0,4611.0,7.0,0.10834942766682104,nr62.png,4.0,0.08852378771076443,nr100.png,7.0,0.14892283036758808,nr63.png,5.0,0.0,nr106.png,3.0,0.04149552548942083,nr48.png,7.0,0.0959007700199948,nr45.png,5.0,0.034579604574517364,nr14.png,7.0,0.0,nr97.png,1.0,0.0,nr102.png,5.0,0.0,nr3.png,5.0,0.0,nr52.png,7.0,0.0,nr54.png,5.0,0.0,nr80.png,7.0,0.0,nr28.png,7.0,0.1687484703236447,nr51.png,6.0,0.0,nr99.png,16
1937,14.0,159.0,37.0,5.0,3472.0,7.0,0.10834942766682104,nr62.png,4.0,0.08852378771076443,nr100.png,7.0,0.14892283036758808,nr63.png,5.0,0.0,nr106.png,3.0,0.04149552548942083,nr48.png,7.0,0.0959007700199948,nr45.png,5.0,0.034579604574517364,nr14.png,7.0,0.0,nr97.png,1.0,0.0,nr102.png,5.0,0.0,nr3.png,5.0,0.0,nr52.png,7.0,0.0,nr54.png,5.0,0.0,nr80.png,7.0,0.0,nr28.png,7.0,0.1687484703236447,nr51.png,6.0,0.0,nr99.png,16
1938,14.0,159.0,38.0,14.0,3576.0,7.0,0.10834942766682104,nr62.png,4.0,0.08852378771076443,nr100.png,7.0,0.14892283036758808,nr63.png,5.0,0.0,nr106.png,3.0,0.04149552548942083,nr48.png,7.0,0.0959007700199948,nr45.png,5.0,0.034579604574517364,nr14.png,7.0,0.0,nr97.png,1.0,0.0,nr102.png,5.0,0.0,nr3.png,5.0,0.0,nr52.png,7.0,0.0,nr54.png,5.0,0.0,nr80.png,7.0,0.0,nr28.png,7.0,0.1687484703236447,nr51.png,6.0,0.0,nr99.png,16
1939,14.0,159.0,39.0,12.0,4860.0,7.0,0.10834942766682104,nr62.png,4.0,0.08852378771076443,nr100.png,7.0,0.14892283036758808,nr63.png,5.0,0.0,nr106.png,3.0,0.04149552548942083,nr48.png,7.0,0.0959007700199948,nr45.png,5.0,0.034579604574517364,nr14.png,7.0,0.0,nr97.png,1.0,0.0,nr102.png,5.0,0.0,nr3.png,5.0,0.0,nr52.png,7.0,0.0,nr54.png,5.0,0.0,nr80.png,7.0,0.0,nr28.png,7.0,0.1687484703236447,nr51.png,6.0,0.0,nr99.png,16
1940,14.0,159.0,40.0,14.0,3190.0,7.0,0.10834942766682104,nr62.png,4.0,0.08852378771076443,nr100.png,7.0,0.14892283036758808,nr63.png,5.0,0.0,nr106.png,3.0,0.04149552548942083,nr48.png,7.0,0.0959007700199948,nr45.png,5.0,0.034579604574517364,nr14.png,7.0,0.0,nr97.png,1.0,0.0,nr102.png,5.0,0.0,nr3.png,5.0,0.0,nr52.png,7.0,0.0,nr54.png,5.0,0.0,nr80.png,7.0,0.0,nr28.png,7.0,0.1687484703236447,nr51.png,6.0,0.0,nr99.png,16
1941,14.0,159.0,41.0,5.0,6214.0,7.0,0.10834942766682104,nr62.png,4.0,0.08852378771076443,nr100.png,7.0,0.14892283036758808,nr63.png,5.0,0.0,nr106.png,3.0,0.04149552548942083,nr48.png,7.0,0.0959007700199948,nr45.png,5.0,0.034579604574517364,nr14.png,7.0,0.0,nr97.png,1.0,0.0,nr102.png,5.0,0.0,nr3.png,5.0,0.0,nr52.png,7.0,0.0,nr54.png,5.0,0.0,nr80.png,7.0,0.0,nr28.png,7.0,0.1687484703236447,nr51.png,6.0,0.0,nr99.png,16
1942,14.0,159.0,42.0,2.0,2834.0,7.0,0.10834942766682104,nr62.png,4.0,0.08852378771076443,nr100.png,7.0,0.14892283036758808,nr63.png,5.0,0.0,nr106.png,3.0,0.04149552548942083,nr48.png,7.0,0.0959007700199948,nr45.png,5.0,0.034579604574517364,nr14.png,7.0,0.0,nr97.png,1.0,0.0,nr102.png,5.0,0.0,nr3.png,5.0,0.0,nr52.png,7.0,0.0,nr54.png,5.0,0.0,nr80.png,7.0,0.0,nr28.png,7.0,0.1687484703236447,nr51.png,6.0,0.0,nr99.png,16
1943,14.0,159.0,43.0,14.0,3971.0,7.0,0.10834942766682104,nr62.png,4.0,0.08852378771076443,nr100.png,7.0,0.14892283036758808,nr63.png,5.0,0.0,nr106.png,3.0,0.04149552548942083,nr48.png,7.0,0.0959007700199948,nr45.png,5.0,0.034579604574517364,nr14.png,7.0,0.0,nr97.png,1.0,0.0,nr102.png,5.0,0.0,nr3.png,5.0,0.0,nr52.png,7.0,0.0,nr54.png,5.0,0.0,nr80.png,7.0,0.0,nr28.png,7.0,0.1687484703236447,nr51.png,6.0,0.0,nr99.png,16
1944,14.0,159.0,44.0,2.0,4532.0,7.0,0.10834942766682104,nr62.png,4.0,0.08852378771076443,nr100.png,7.0,0.14892283036758808,nr63.png,5.0,0.0,nr106.png,3.0,0.04149552548942083,nr48.png,7.0,0.0959007700199948,nr45.png,5.0,0.034579604574517364,nr14.png,7.0,0.0,nr97.png,1.0,0.0,nr102.png,5.0,0.0,nr3.png,5.0,0.0,nr52.png,7.0,0.0,nr54.png,5.0,0.0,nr80.png,7.0,0.0,nr28.png,7.0,0.1687484703236447,nr51.png,6.0,0.0,nr99.png,16
1945,14.0,159.0,45.0,14.0,4520.0,7.0,0.10834942766682104,nr62.png,4.0,0.08852378771076443,nr100.png,7.0,0.14892283036758808,nr63.png,5.0,0.0,nr106.png,3.0,0.04149552548942083,nr48.png,7.0,0.0959007700199948,nr45.png,5.0,0.034579604574517364,nr14.png,7.0,0.0,nr97.png,1.0,0.0,nr102.png,5.0,0.0,nr3.png,5.0,0.0,nr52.png,7.0,0.0,nr54.png,5.0,0.0,nr80.png,7.0,0.0,nr28.png,7.0,0.1687484703236447,nr51.png,6.0,0.0,nr99.png,16
1946,14.0,159.0,46.0,12.0,5954.0,7.0,0.10834942766682104,nr62.png,4.0,0.08852378771076443,nr100.png,7.0,0.14892283036758808,nr63.png,5.0,0.0,nr106.png,3.0,0.04149552548942083,nr48.png,7.0,0.0959007700199948,nr45.png,5.0,0.034579604574517364,nr14.png,7.0,0.0,nr97.png,1.0,0.0,nr102.png,5.0,0.0,nr3.png,5.0,0.0,nr52.png,7.0,0.0,nr54.png,5.0,0.0,nr80.png,7.0,0.0,nr28.png,7.0,0.1687484703236447,nr51.png,6.0,0.0,nr99.png,16
1947,14.0,159.0,47.0,14.0,5293.0,7.0,0.10834942766682104,nr62.png,4.0,0.08852378771076443,nr100.png,7.0,0.14892283036758808,nr63.png,5.0,0.0,nr106.png,3.0,0.04149552548942083,nr48.png,7.0,0.0959007700199948,nr45.png,5.0,0.034579604574517364,nr14.png,7.0,0.0,nr97.png,1.0,0.0,nr102.png,5.0,0.0,nr3.png,5.0,0.0,nr52.png,7.0,0.0,nr54.png,5.0,0.0,nr80.png,7.0,0.0,nr28.png,7.0,0.1687484703236447,nr51.png,6.0,0.0,nr99.png,16
1948,14.0,159.0,48.0,13.0,4319.0,7.0,0.10834942766682104,nr62.png,4.0,0.08852378771076443,nr100.png,7.0,0.14892283036758808,nr63.png,5.0,0.0,nr106.png,3.0,0.04149552548942083,nr48.png,7.0,0.0959007700199948,nr45.png,5.0,0.034579604574517364,nr14.png,7.0,0.0,nr97.png,1.0,0.0,nr102.png,5.0,0.0,nr3.png,5.0,0.0,nr52.png,7.0,0.0,nr54.png,5.0,0.0,nr80.png,7.0,0.0,nr28.png,7.0,0.1687484703236447,nr51.png,6.0,0.0,nr99.png,16
1949,14.0,159.0,49.0,2.0,2801.0,7.0,0.10834942766682104,nr62.png,4.0,0.08852378771076443,nr100.png,7.0,0.14892283036758808,nr63.png,5.0,0.0,nr106.png,3.0,0.04149552548942083,nr48.png,7.0,0.0959007700199948,nr45.png,5.0,0.034579604574517364,nr14.png,7.0,0.0,nr97.png,1.0,0.0,nr102.png,5.0,0.0,nr3.png,5.0,0.0,nr52.png,7.0,0.0,nr54.png,5.0,0.0,nr80.png,7.0,0.0,nr28.png,7.0,0.1687484703236447,nr51.png,6.0,0.0,nr99.png,16
1950,14.0,163.0,0.0,0.0,4805.0,7.0,0.0,nr63.png,4.0,0.08240138150602053,nr113.png,6.0,0.04864659872042176,nr18.png,1.0,0.05758168828131555,nr124.png,7.0,0.0,nr60.png,4.0,0.1240984661235249,nr2.png,6.0,0.0,nr31.png,5.0,0.09778959130533764,nr106.png,7.0,0.104739105408255,nr8.png,3.0,0.1057318931372432,nr90.png,5.0,0.0,nr114.png,5.0,0.0,nr52.png,5.0,0.01315443740909364,nr15.png,7.0,0.08537974469298514,nr58.png,7.0,0.0,nr49.png,7.0,0.0,nr51.png,16
1951,14.0,163.0,1.0,13.0,4568.0,7.0,0.0,nr63.png,4.0,0.08240138150602053,nr113.png,6.0,0.04864659872042176,nr18.png,1.0,0.05758168828131555,nr124.png,7.0,0.0,nr60.png,4.0,0.1240984661235249,nr2.png,6.0,0.0,nr31.png,5.0,0.09778959130533764,nr106.png,7.0,0.104739105408255,nr8.png,3.0,0.1057318931372432,nr90.png,5.0,0.0,nr114.png,5.0,0.0,nr52.png,5.0,0.01315443740909364,nr15.png,7.0,0.08537974469298514,nr58.png,7.0,0.0,nr49.png,7.0,0.0,nr51.png,16
1952,14.0,163.0,2.0,8.0,4285.0,7.0,0.0,nr63.png,4.0,0.08240138150602053,nr113.png,6.0,0.04864659872042176,nr18.png,1.0,0.05758168828131555,nr124.png,7.0,0.0,nr60.png,4.0,0.1240984661235249,nr2.png,6.0,0.0,nr31.png,5.0,0.09778959130533764,nr106.png,7.0,0.104739105408255,nr8.png,3.0,0.1057318931372432,nr90.png,5.0,0.0,nr114.png,5.0,0.0,nr52.png,5.0,0.01315443740909364,nr15.png,7.0,0.08537974469298514,nr58.png,7.0,0.0,nr49.png,7.0,0.0,nr51.png,16
1953,14.0,163.0,3.0,2.0,7339.0,7.0,0.0,nr63.png,4.0,0.08240138150602053,nr113.png,6.0,0.04864659872042176,nr18.png,1.0,0.05758168828131555,nr124.png,7.0,0.0,nr60.png,4.0,0.1240984661235249,nr2.png,6.0,0.0,nr31.png,5.0,0.09778959130533764,nr106.png,7.0,0.104739105408255,nr8.png,3.0,0.1057318931372432,nr90.png,5.0,0.0,nr114.png,5.0,0.0,nr52.png,5.0,0.01315443740909364,nr15.png,7.0,0.08537974469298514,nr58.png,7.0,0.0,nr49.png,7.0,0.0,nr51.png,16
1954,14.0,163.0,4.0,0.0,3758.0,7.0,0.0,nr63.png,4.0,0.08240138150602053,nr113.png,6.0,0.04864659872042176,nr18.png,1.0,0.05758168828131555,nr124.png,7.0,0.0,nr60.png,4.0,0.1240984661235249,nr2.png,6.0,0.0,nr31.png,5.0,0.09778959130533764,nr106.png,7.0,0.104739105408255,nr8.png,3.0,0.1057318931372432,nr90.png,5.0,0.0,nr114.png,5.0,0.0,nr52.png,5.0,0.01315443740909364,nr15.png,7.0,0.08537974469298514,nr58.png,7.0,0.0,nr49.png,7.0,0.0,nr51.png,16
1955,14.0,163.0,5.0,8.0,3531.0,7.0,0.0,nr63.png,4.0,0.08240138150602053,nr113.png,6.0,0.04864659872042176,nr18.png,1.0,0.05758168828131555,nr124.png,7.0,0.0,nr60.png,4.0,0.1240984661235249,nr2.png,6.0,0.0,nr31.png,5.0,0.09778959130533764,nr106.png,7.0,0.104739105408255,nr8.png,3.0,0.1057318931372432,nr90.png,5.0,0.0,nr114.png,5.0,0.0,nr52.png,5.0,0.01315443740909364,nr15.png,7.0,0.08537974469298514,nr58.png,7.0,0.0,nr49.png,7.0,0.0,nr51.png,16
1956,14.0,163.0,6.0,13.0,4864.0,7.0,0.0,nr63.png,4.0,0.08240138150602053,nr113.png,6.0,0.04864659872042176,nr18.png,1.0,0.05758168828131555,nr124.png,7.0,0.0,nr60.png,4.0,0.1240984661235249,nr2.png,6.0,0.0,nr31.png,5.0,0.09778959130533764,nr106.png,7.0,0.104739105408255,nr8.png,3.0,0.1057318931372432,nr90.png,5.0,0.0,nr114.png,5.0,0.0,nr52.png,5.0,0.01315443740909364,nr15.png,7.0,0.08537974469298514,nr58.png,7.0,0.0,nr49.png,7.0,0.0,nr51.png,16
1957,14.0,163.0,7.0,8.0,3326.0,7.0,0.0,nr63.png,4.0,0.08240138150602053,nr113.png,6.0,0.04864659872042176,nr18.png,1.0,0.05758168828131555,nr124.png,7.0,0.0,nr60.png,4.0,0.1240984661235249,nr2.png,6.0,0.0,nr31.png,5.0,0.09778959130533764,nr106.png,7.0,0.104739105408255,nr8.png,3.0,0.1057318931372432,nr90.png,5.0,0.0,nr114.png,5.0,0.0,nr52.png,5.0,0.01315443740909364,nr15.png,7.0,0.08537974469298514,nr58.png,7.0,0.0,nr49.png,7.0,0.0,nr51.png,16
1958,14.0,163.0,8.0,15.0,4418.0,7.0,0.0,nr63.png,4.0,0.08240138150602053,nr113.png,6.0,0.04864659872042176,nr18.png,1.0,0.05758168828131555,nr124.png,7.0,0.0,nr60.png,4.0,0.1240984661235249,nr2.png,6.0,0.0,nr31.png,5.0,0.09778959130533764,nr106.png,7.0,0.104739105408255,nr8.png,3.0,0.1057318931372432,nr90.png,5.0,0.0,nr114.png,5.0,0.0,nr52.png,5.0,0.01315443740909364,nr15.png,7.0,0.08537974469298514,nr58.png,7.0,0.0,nr49.png,7.0,0.0,nr51.png,16
1959,14.0,163.0,9.0,6.0,4088.0,7.0,0.0,nr63.png,4.0,0.08240138150602053,nr113.png,6.0,0.04864659872042176,nr18.png,1.0,0.05758168828131555,nr124.png,7.0,0.0,nr60.png,4.0,0.1240984661235249,nr2.png,6.0,0.0,nr31.png,5.0,0.09778959130533764,nr106.png,7.0,0.104739105408255,nr8.png,3.0,0.1057318931372432,nr90.png,5.0,0.0,nr114.png,5.0,0.0,nr52.png,5.0,0.01315443740909364,nr15.png,7.0,0.08537974469298514,nr58.png,7.0,0.0,nr49.png,7.0,0.0,nr51.png,16
1960,14.0,163.0,10.0,0.0,4781.0,7.0,0.0,nr63.png,4.0,0.08240138150602053,nr113.png,6.0,0.04864659872042176,nr18.png,1.0,0.05758168828131555,nr124.png,7.0,0.0,nr60.png,4.0,0.1240984661235249,nr2.png,6.0,0.0,nr31.png,5.0,0.09778959130533764,nr106.png,7.0,0.104739105408255,nr8.png,3.0,0.1057318931372432,nr90.png,5.0,0.0,nr114.png,5.0,0.0,nr52.png,5.0,0.01315443740909364,nr15.png,7.0,0.08537974469298514,nr58.png,7.0,0.0,nr49.png,7.0,0.0,nr51.png,16
1961,14.0,163.0,11.0,13.0,4115.0,7.0,0.0,nr63.png,4.0,0.08240138150602053,nr113.png,6.0,0.04864659872042176,nr18.png,1.0,0.05758168828131555,nr124.png,7.0,0.0,nr60.png,4.0,0.1240984661235249,nr2.png,6.0,0.0,nr31.png,5.0,0.09778959130533764,nr106.png,7.0,0.104739105408255,nr8.png,3.0,0.1057318931372432,nr90.png,5.0,0.0,nr114.png,5.0,0.0,nr52.png,5.0,0.01315443740909364,nr15.png,7.0,0.08537974469298514,nr58.png,7.0,0.0,nr49.png,7.0,0.0,nr51.png,16
1962,14.0,163.0,12.0,15.0,5526.0,7.0,0.0,nr63.png,4.0,0.08240138150602053,nr113.png,6.0,0.04864659872042176,nr18.png,1.0,0.05758168828131555,nr124.png,7.0,0.0,nr60.png,4.0,0.1240984661235249,nr2.png,6.0,0.0,nr31.png,5.0,0.09778959130533764,nr106.png,7.0,0.104739105408255,nr8.png,3.0,0.1057318931372432,nr90.png,5.0,0.0,nr114.png,5.0,0.0,nr52.png,5.0,0.01315443740909364,nr15.png,7.0,0.08537974469298514,nr58.png,7.0,0.0,nr49.png,7.0,0.0,nr51.png,16
1963,14.0,163.0,13.0,4.0,4129.0,7.0,0.0,nr63.png,4.0,0.08240138150602053,nr113.png,6.0,0.04864659872042176,nr18.png,1.0,0.05758168828131555,nr124.png,7.0,0.0,nr60.png,4.0,0.1240984661235249,nr2.png,6.0,0.0,nr31.png,5.0,0.09778959130533764,nr106.png,7.0,0.104739105408255,nr8.png,3.0,0.1057318931372432,nr90.png,5.0,0.0,nr114.png,5.0,0.0,nr52.png,5.0,0.01315443740909364,nr15.png,7.0,0.08537974469298514,nr58.png,7.0,0.0,nr49.png,7.0,0.0,nr51.png,16
1964,14.0,163.0,14.0,2.0,4629.0,7.0,0.0,nr63.png,4.0,0.08240138150602053,nr113.png,6.0,0.04864659872042176,nr18.png,1.0,0.05758168828131555,nr124.png,7.0,0.0,nr60.png,4.0,0.1240984661235249,nr2.png,6.0,0.0,nr31.png,5.0,0.09778959130533764,nr106.png,7.0,0.104739105408255,nr8.png,3.0,0.1057318931372432,nr90.png,5.0,0.0,nr114.png,5.0,0.0,nr52.png,5.0,0.01315443740909364,nr15.png,7.0,0.08537974469298514,nr58.png,7.0,0.0,nr49.png,7.0,0.0,nr51.png,16
1965,14.0,163.0,15.0,8.0,5110.0,7.0,0.0,nr63.png,4.0,0.08240138150602053,nr113.png,6.0,0.04864659872042176,nr18.png,1.0,0.05758168828131555,nr124.png,7.0,0.0,nr60.png,4.0,0.1240984661235249,nr2.png,6.0,0.0,nr31.png,5.0,0.09778959130533764,nr106.png,7.0,0.104739105408255,nr8.png,3.0,0.1057318931372432,nr90.png,5.0,0.0,nr114.png,5.0,0.0,nr52.png,5.0,0.01315443740909364,nr15.png,7.0,0.08537974469298514,nr58.png,7.0,0.0,nr49.png,7.0,0.0,nr51.png,16
1966,14.0,163.0,16.0,8.0,2728.0,7.0,0.0,nr63.png,4.0,0.08240138150602053,nr113.png,6.0,0.04864659872042176,nr18.png,1.0,0.05758168828131555,nr124.png,7.0,0.0,nr60.png,4.0,0.1240984661235249,nr2.png,6.0,0.0,nr31.png,5.0,0.09778959130533764,nr106.png,7.0,0.104739105408255,nr8.png,3.0,0.1057318931372432,nr90.png,5.0,0.0,nr114.png,5.0,0.0,nr52.png,5.0,0.01315443740909364,nr15.png,7.0,0.08537974469298514,nr58.png,7.0,0.0,nr49.png,7.0,0.0,nr51.png,16
1967,14.0,163.0,17.0,4.0,4474.0,7.0,0.0,nr63.png,4.0,0.08240138150602053,nr113.png,6.0,0.04864659872042176,nr18.png,1.0,0.05758168828131555,nr124.png,7.0,0.0,nr60.png,4.0,0.1240984661235249,nr2.png,6.0,0.0,nr31.png,5.0,0.09778959130533764,nr106.png,7.0,0.104739105408255,nr8.png,3.0,0.1057318931372432,nr90.png,5.0,0.0,nr114.png,5.0,0.0,nr52.png,5.0,0.01315443740909364,nr15.png,7.0,0.08537974469298514,nr58.png,7.0,0.0,nr49.png,7.0,0.0,nr51.png,16
1968,14.0,163.0,18.0,14.0,6005.0,7.0,0.0,nr63.png,4.0,0.08240138150602053,nr113.png,6.0,0.04864659872042176,nr18.png,1.0,0.05758168828131555,nr124.png,7.0,0.0,nr60.png,4.0,0.1240984661235249,nr2.png,6.0,0.0,nr31.png,5.0,0.09778959130533764,nr106.png,7.0,0.104739105408255,nr8.png,3.0,0.1057318931372432,nr90.png,5.0,0.0,nr114.png,5.0,0.0,nr52.png,5.0,0.01315443740909364,nr15.png,7.0,0.08537974469298514,nr58.png,7.0,0.0,nr49.png,7.0,0.0,nr51.png,16
1969,14.0,163.0,19.0,0.0,3909.0,7.0,0.0,nr63.png,4.0,0.08240138150602053,nr113.png,6.0,0.04864659872042176,nr18.png,1.0,0.05758168828131555,nr124.png,7.0,0.0,nr60.png,4.0,0.1240984661235249,nr2.png,6.0,0.0,nr31.png,5.0,0.09778959130533764,nr106.png,7.0,0.104739105408255,nr8.png,3.0,0.1057318931372432,nr90.png,5.0,0.0,nr114.png,5.0,0.0,nr52.png,5.0,0.01315443740909364,nr15.png,7.0,0.08537974469298514,nr58.png,7.0,0.0,nr49.png,7.0,0.0,nr51.png,16
1970,14.0,163.0,20.0,8.0,3534.0,7.0,0.0,nr63.png,4.0,0.08240138150602053,nr113.png,6.0,0.04864659872042176,nr18.png,1.0,0.05758168828131555,nr124.png,7.0,0.0,nr60.png,4.0,0.1240984661235249,nr2.png,6.0,0.0,nr31.png,5.0,0.09778959130533764,nr106.png,7.0,0.104739105408255,nr8.png,3.0,0.1057318931372432,nr90.png,5.0,0.0,nr114.png,5.0,0.0,nr52.png,5.0,0.01315443740909364,nr15.png,7.0,0.08537974469298514,nr58.png,7.0,0.0,nr49.png,7.0,0.0,nr51.png,16
1971,14.0,163.0,21.0,0.0,4591.0,7.0,0.0,nr63.png,4.0,0.08240138150602053,nr113.png,6.0,0.04864659872042176,nr18.png,1.0,0.05758168828131555,nr124.png,7.0,0.0,nr60.png,4.0,0.1240984661235249,nr2.png,6.0,0.0,nr31.png,5.0,0.09778959130533764,nr106.png,7.0,0.104739105408255,nr8.png,3.0,0.1057318931372432,nr90.png,5.0,0.0,nr114.png,5.0,0.0,nr52.png,5.0,0.01315443740909364,nr15.png,7.0,0.08537974469298514,nr58.png,7.0,0.0,nr49.png,7.0,0.0,nr51.png,16
1972,14.0,163.0,22.0,8.0,5455.0,7.0,0.0,nr63.png,4.0,0.08240138150602053,nr113.png,6.0,0.04864659872042176,nr18.png,1.0,0.05758168828131555,nr124.png,7.0,0.0,nr60.png,4.0,0.1240984661235249,nr2.png,6.0,0.0,nr31.png,5.0,0.09778959130533764,nr106.png,7.0,0.104739105408255,nr8.png,3.0,0.1057318931372432,nr90.png,5.0,0.0,nr114.png,5.0,0.0,nr52.png,5.0,0.01315443740909364,nr15.png,7.0,0.08537974469298514,nr58.png,7.0,0.0,nr49.png,7.0,0.0,nr51.png,16
1973,14.0,163.0,23.0,8.0,4120.0,7.0,0.0,nr63.png,4.0,0.08240138150602053,nr113.png,6.0,0.04864659872042176,nr18.png,1.0,0.05758168828131555,nr124.png,7.0,0.0,nr60.png,4.0,0.1240984661235249,nr2.png,6.0,0.0,nr31.png,5.0,0.09778959130533764,nr106.png,7.0,0.104739105408255,nr8.png,3.0,0.1057318931372432,nr90.png,5.0,0.0,nr114.png,5.0,0.0,nr52.png,5.0,0.01315443740909364,nr15.png,7.0,0.08537974469298514,nr58.png,7.0,0.0,nr49.png,7.0,0.0,nr51.png,16
1974,14.0,163.0,24.0,4.0,4736.0,7.0,0.0,nr63.png,4.0,0.08240138150602053,nr113.png,6.0,0.04864659872042176,nr18.png,1.0,0.05758168828131555,nr124.png,7.0,0.0,nr60.png,4.0,0.1240984661235249,nr2.png,6.0,0.0,nr31.png,5.0,0.09778959130533764,nr106.png,7.0,0.104739105408255,nr8.png,3.0,0.1057318931372432,nr90.png,5.0,0.0,nr114.png,5.0,0.0,nr52.png,5.0,0.01315443740909364,nr15.png,7.0,0.08537974469298514,nr58.png,7.0,0.0,nr49.png,7.0,0.0,nr51.png,16
1975,14.0,163.0,25.0,0.0,4945.0,7.0,0.0,nr63.png,4.0,0.08240138150602053,nr113.png,6.0,0.04864659872042176,nr18.png,1.0,0.05758168828131555,nr124.png,7.0,0.0,nr60.png,4.0,0.1240984661235249,nr2.png,6.0,0.0,nr31.png,5.0,0.09778959130533764,nr106.png,7.0,0.104739105408255,nr8.png,3.0,0.1057318931372432,nr90.png,5.0,0.0,nr114.png,5.0,0.0,nr52.png,5.0,0.01315443740909364,nr15.png,7.0,0.08537974469298514,nr58.png,7.0,0.0,nr49.png,7.0,0.0,nr51.png,16
1976,14.0,163.0,26.0,13.0,4320.0,7.0,0.0,nr63.png,4.0,0.08240138150602053,nr113.png,6.0,0.04864659872042176,nr18.png,1.0,0.05758168828131555,nr124.png,7.0,0.0,nr60.png,4.0,0.1240984661235249,nr2.png,6.0,0.0,nr31.png,5.0,0.09778959130533764,nr106.png,7.0,0.104739105408255,nr8.png,3.0,0.1057318931372432,nr90.png,5.0,0.0,nr114.png,5.0,0.0,nr52.png,5.0,0.01315443740909364,nr15.png,7.0,0.08537974469298514,nr58.png,7.0,0.0,nr49.png,7.0,0.0,nr51.png,16
1977,14.0,163.0,27.0,4.0,4012.0,7.0,0.0,nr63.png,4.0,0.08240138150602053,nr113.png,6.0,0.04864659872042176,nr18.png,1.0,0.05758168828131555,nr124.png,7.0,0.0,nr60.png,4.0,0.1240984661235249,nr2.png,6.0,0.0,nr31.png,5.0,0.09778959130533764,nr106.png,7.0,0.104739105408255,nr8.png,3.0,0.1057318931372432,nr90.png,5.0,0.0,nr114.png,5.0,0.0,nr52.png,5.0,0.01315443740909364,nr15.png,7.0,0.08537974469298514,nr58.png,7.0,0.0,nr49.png,7.0,0.0,nr51.png,16
1978,14.0,163.0,28.0,5.0,5039.0,7.0,0.0,nr63.png,4.0,0.08240138150602053,nr113.png,6.0,0.04864659872042176,nr18.png,1.0,0.05758168828131555,nr124.png,7.0,0.0,nr60.png,4.0,0.1240984661235249,nr2.png,6.0,0.0,nr31.png,5.0,0.09778959130533764,nr106.png,7.0,0.104739105408255,nr8.png,3.0,0.1057318931372432,nr90.png,5.0,0.0,nr114.png,5.0,0.0,nr52.png,5.0,0.01315443740909364,nr15.png,7.0,0.08537974469298514,nr58.png,7.0,0.0,nr49.png,7.0,0.0,nr51.png,16
1979,14.0,163.0,29.0,15.0,5105.0,7.0,0.0,nr63.png,4.0,0.08240138150602053,nr113.png,6.0,0.04864659872042176,nr18.png,1.0,0.05758168828131555,nr124.png,7.0,0.0,nr60.png,4.0,0.1240984661235249,nr2.png,6.0,0.0,nr31.png,5.0,0.09778959130533764,nr106.png,7.0,0.104739105408255,nr8.png,3.0,0.1057318931372432,nr90.png,5.0,0.0,nr114.png,5.0,0.0,nr52.png,5.0,0.01315443740909364,nr15.png,7.0,0.08537974469298514,nr58.png,7.0,0.0,nr49.png,7.0,0.0,nr51.png,16
1980,14.0,163.0,30.0,4.0,4680.0,7.0,0.0,nr63.png,4.0,0.08240138150602053,nr113.png,6.0,0.04864659872042176,nr18.png,1.0,0.05758168828131555,nr124.png,7.0,0.0,nr60.png,4.0,0.1240984661235249,nr2.png,6.0,0.0,nr31.png,5.0,0.09778959130533764,nr106.png,7.0,0.104739105408255,nr8.png,3.0,0.1057318931372432,nr90.png,5.0,0.0,nr114.png,5.0,0.0,nr52.png,5.0,0.01315443740909364,nr15.png,7.0,0.08537974469298514,nr58.png,7.0,0.0,nr49.png,7.0,0.0,nr51.png,16
1981,14.0,163.0,31.0,8.0,5366.0,7.0,0.0,nr63.png,4.0,0.08240138150602053,nr113.png,6.0,0.04864659872042176,nr18.png,1.0,0.05758168828131555,nr124.png,7.0,0.0,nr60.png,4.0,0.1240984661235249,nr2.png,6.0,0.0,nr31.png,5.0,0.09778959130533764,nr106.png,7.0,0.104739105408255,nr8.png,3.0,0.1057318931372432,nr90.png,5.0,0.0,nr114.png,5.0,0.0,nr52.png,5.0,0.01315443740909364,nr15.png,7.0,0.08537974469298514,nr58.png,7.0,0.0,nr49.png,7.0,0.0,nr51.png,16
1982,14.0,163.0,32.0,13.0,5302.0,7.0,0.0,nr63.png,4.0,0.08240138150602053,nr113.png,6.0,0.04864659872042176,nr18.png,1.0,0.05758168828131555,nr124.png,7.0,0.0,nr60.png,4.0,0.1240984661235249,nr2.png,6.0,0.0,nr31.png,5.0,0.09778959130533764,nr106.png,7.0,0.104739105408255,nr8.png,3.0,0.1057318931372432,nr90.png,5.0,0.0,nr114.png,5.0,0.0,nr52.png,5.0,0.01315443740909364,nr15.png,7.0,0.08537974469298514,nr58.png,7.0,0.0,nr49.png,7.0,0.0,nr51.png,16
1983,14.0,163.0,33.0,15.0,4124.0,7.0,0.0,nr63.png,4.0,0.08240138150602053,nr113.png,6.0,0.04864659872042176,nr18.png,1.0,0.05758168828131555,nr124.png,7.0,0.0,nr60.png,4.0,0.1240984661235249,nr2.png,6.0,0.0,nr31.png,5.0,0.09778959130533764,nr106.png,7.0,0.104739105408255,nr8.png,3.0,0.1057318931372432,nr90.png,5.0,0.0,nr114.png,5.0,0.0,nr52.png,5.0,0.01315443740909364,nr15.png,7.0,0.08537974469298514,nr58.png,7.0,0.0,nr49.png,7.0,0.0,nr51.png,16
1984,14.0,163.0,34.0,4.0,4709.0,7.0,0.0,nr63.png,4.0,0.08240138150602053,nr113.png,6.0,0.04864659872042176,nr18.png,1.0,0.05758168828131555,nr124.png,7.0,0.0,nr60.png,4.0,0.1240984661235249,nr2.png,6.0,0.0,nr31.png,5.0,0.09778959130533764,nr106.png,7.0,0.104739105408255,nr8.png,3.0,0.1057318931372432,nr90.png,5.0,0.0,nr114.png,5.0,0.0,nr52.png,5.0,0.01315443740909364,nr15.png,7.0,0.08537974469298514,nr58.png,7.0,0.0,nr49.png,7.0,0.0,nr51.png,16
1985,14.0,163.0,35.0,15.0,4301.0,7.0,0.0,nr63.png,4.0,0.08240138150602053,nr113.png,6.0,0.04864659872042176,nr18.png,1.0,0.05758168828131555,nr124.png,7.0,0.0,nr60.png,4.0,0.1240984661235249,nr2.png,6.0,0.0,nr31.png,5.0,0.09778959130533764,nr106.png,7.0,0.104739105408255,nr8.png,3.0,0.1057318931372432,nr90.png,5.0,0.0,nr114.png,5.0,0.0,nr52.png,5.0,0.01315443740909364,nr15.png,7.0,0.08537974469298514,nr58.png,7.0,0.0,nr49.png,7.0,0.0,nr51.png,16
1986,14.0,163.0,36.0,3.0,5889.0,7.0,0.0,nr63.png,4.0,0.08240138150602053,nr113.png,6.0,0.04864659872042176,nr18.png,1.0,0.05758168828131555,nr124.png,7.0,0.0,nr60.png,4.0,0.1240984661235249,nr2.png,6.0,0.0,nr31.png,5.0,0.09778959130533764,nr106.png,7.0,0.104739105408255,nr8.png,3.0,0.1057318931372432,nr90.png,5.0,0.0,nr114.png,5.0,0.0,nr52.png,5.0,0.01315443740909364,nr15.png,7.0,0.08537974469298514,nr58.png,7.0,0.0,nr49.png,7.0,0.0,nr51.png,16
1987,14.0,163.0,37.0,14.0,4442.0,7.0,0.0,nr63.png,4.0,0.08240138150602053,nr113.png,6.0,0.04864659872042176,nr18.png,1.0,0.05758168828131555,nr124.png,7.0,0.0,nr60.png,4.0,0.1240984661235249,nr2.png,6.0,0.0,nr31.png,5.0,0.09778959130533764,nr106.png,7.0,0.104739105408255,nr8.png,3.0,0.1057318931372432,nr90.png,5.0,0.0,nr114.png,5.0,0.0,nr52.png,5.0,0.01315443740909364,nr15.png,7.0,0.08537974469298514,nr58.png,7.0,0.0,nr49.png,7.0,0.0,nr51.png,16
1988,14.0,163.0,38.0,13.0,6314.0,7.0,0.0,nr63.png,4.0,0.08240138150602053,nr113.png,6.0,0.04864659872042176,nr18.png,1.0,0.05758168828131555,nr124.png,7.0,0.0,nr60.png,4.0,0.1240984661235249,nr2.png,6.0,0.0,nr31.png,5.0,0.09778959130533764,nr106.png,7.0,0.104739105408255,nr8.png,3.0,0.1057318931372432,nr90.png,5.0,0.0,nr114.png,5.0,0.0,nr52.png,5.0,0.01315443740909364,nr15.png,7.0,0.08537974469298514,nr58.png,7.0,0.0,nr49.png,7.0,0.0,nr51.png,16
1989,14.0,163.0,39.0,8.0,4563.0,7.0,0.0,nr63.png,4.0,0.08240138150602053,nr113.png,6.0,0.04864659872042176,nr18.png,1.0,0.05758168828131555,nr124.png,7.0,0.0,nr60.png,4.0,0.1240984661235249,nr2.png,6.0,0.0,nr31.png,5.0,0.09778959130533764,nr106.png,7.0,0.104739105408255,nr8.png,3.0,0.1057318931372432,nr90.png,5.0,0.0,nr114.png,5.0,0.0,nr52.png,5.0,0.01315443740909364,nr15.png,7.0,0.08537974469298514,nr58.png,7.0,0.0,nr49.png,7.0,0.0,nr51.png,16
1990,14.0,163.0,40.0,11.0,4211.0,7.0,0.0,nr63.png,4.0,0.08240138150602053,nr113.png,6.0,0.04864659872042176,nr18.png,1.0,0.05758168828131555,nr124.png,7.0,0.0,nr60.png,4.0,0.1240984661235249,nr2.png,6.0,0.0,nr31.png,5.0,0.09778959130533764,nr106.png,7.0,0.104739105408255,nr8.png,3.0,0.1057318931372432,nr90.png,5.0,0.0,nr114.png,5.0,0.0,nr52.png,5.0,0.01315443740909364,nr15.png,7.0,0.08537974469298514,nr58.png,7.0,0.0,nr49.png,7.0,0.0,nr51.png,16
1991,14.0,163.0,41.0,4.0,4121.0,7.0,0.0,nr63.png,4.0,0.08240138150602053,nr113.png,6.0,0.04864659872042176,nr18.png,1.0,0.05758168828131555,nr124.png,7.0,0.0,nr60.png,4.0,0.1240984661235249,nr2.png,6.0,0.0,nr31.png,5.0,0.09778959130533764,nr106.png,7.0,0.104739105408255,nr8.png,3.0,0.1057318931372432,nr90.png,5.0,0.0,nr114.png,5.0,0.0,nr52.png,5.0,0.01315443740909364,nr15.png,7.0,0.08537974469298514,nr58.png,7.0,0.0,nr49.png,7.0,0.0,nr51.png,16
1992,14.0,163.0,42.0,13.0,3360.0,7.0,0.0,nr63.png,4.0,0.08240138150602053,nr113.png,6.0,0.04864659872042176,nr18.png,1.0,0.05758168828131555,nr124.png,7.0,0.0,nr60.png,4.0,0.1240984661235249,nr2.png,6.0,0.0,nr31.png,5.0,0.09778959130533764,nr106.png,7.0,0.104739105408255,nr8.png,3.0,0.1057318931372432,nr90.png,5.0,0.0,nr114.png,5.0,0.0,nr52.png,5.0,0.01315443740909364,nr15.png,7.0,0.08537974469298514,nr58.png,7.0,0.0,nr49.png,7.0,0.0,nr51.png,16
1993,14.0,163.0,43.0,13.0,5126.0,7.0,0.0,nr63.png,4.0,0.08240138150602053,nr113.png,6.0,0.04864659872042176,nr18.png,1.0,0.05758168828131555,nr124.png,7.0,0.0,nr60.png,4.0,0.1240984661235249,nr2.png,6.0,0.0,nr31.png,5.0,0.09778959130533764,nr106.png,7.0,0.104739105408255,nr8.png,3.0,0.1057318931372432,nr90.png,5.0,0.0,nr114.png,5.0,0.0,nr52.png,5.0,0.01315443740909364,nr15.png,7.0,0.08537974469298514,nr58.png,7.0,0.0,nr49.png,7.0,0.0,nr51.png,16
1994,14.0,163.0,44.0,4.0,3461.0,7.0,0.0,nr63.png,4.0,0.08240138150602053,nr113.png,6.0,0.04864659872042176,nr18.png,1.0,0.05758168828131555,nr124.png,7.0,0.0,nr60.png,4.0,0.1240984661235249,nr2.png,6.0,0.0,nr31.png,5.0,0.09778959130533764,nr106.png,7.0,0.104739105408255,nr8.png,3.0,0.1057318931372432,nr90.png,5.0,0.0,nr114.png,5.0,0.0,nr52.png,5.0,0.01315443740909364,nr15.png,7.0,0.08537974469298514,nr58.png,7.0,0.0,nr49.png,7.0,0.0,nr51.png,16
1995,14.0,163.0,45.0,14.0,3956.0,7.0,0.0,nr63.png,4.0,0.08240138150602053,nr113.png,6.0,0.04864659872042176,nr18.png,1.0,0.05758168828131555,nr124.png,7.0,0.0,nr60.png,4.0,0.1240984661235249,nr2.png,6.0,0.0,nr31.png,5.0,0.09778959130533764,nr106.png,7.0,0.104739105408255,nr8.png,3.0,0.1057318931372432,nr90.png,5.0,0.0,nr114.png,5.0,0.0,nr52.png,5.0,0.01315443740909364,nr15.png,7.0,0.08537974469298514,nr58.png,7.0,0.0,nr49.png,7.0,0.0,nr51.png,16
1996,14.0,163.0,46.0,8.0,5030.0,7.0,0.0,nr63.png,4.0,0.08240138150602053,nr113.png,6.0,0.04864659872042176,nr18.png,1.0,0.05758168828131555,nr124.png,7.0,0.0,nr60.png,4.0,0.1240984661235249,nr2.png,6.0,0.0,nr31.png,5.0,0.09778959130533764,nr106.png,7.0,0.104739105408255,nr8.png,3.0,0.1057318931372432,nr90.png,5.0,0.0,nr114.png,5.0,0.0,nr52.png,5.0,0.01315443740909364,nr15.png,7.0,0.08537974469298514,nr58.png,7.0,0.0,nr49.png,7.0,0.0,nr51.png,16
1997,14.0,163.0,47.0,13.0,3690.0,7.0,0.0,nr63.png,4.0,0.08240138150602053,nr113.png,6.0,0.04864659872042176,nr18.png,1.0,0.05758168828131555,nr124.png,7.0,0.0,nr60.png,4.0,0.1240984661235249,nr2.png,6.0,0.0,nr31.png,5.0,0.09778959130533764,nr106.png,7.0,0.104739105408255,nr8.png,3.0,0.1057318931372432,nr90.png,5.0,0.0,nr114.png,5.0,0.0,nr52.png,5.0,0.01315443740909364,nr15.png,7.0,0.08537974469298514,nr58.png,7.0,0.0,nr49.png,7.0,0.0,nr51.png,16
1998,14.0,163.0,48.0,13.0,3302.0,7.0,0.0,nr63.png,4.0,0.08240138150602053,nr113.png,6.0,0.04864659872042176,nr18.png,1.0,0.05758168828131555,nr124.png,7.0,0.0,nr60.png,4.0,0.1240984661235249,nr2.png,6.0,0.0,nr31.png,5.0,0.09778959130533764,nr106.png,7.0,0.104739105408255,nr8.png,3.0,0.1057318931372432,nr90.png,5.0,0.0,nr114.png,5.0,0.0,nr52.png,5.0,0.01315443740909364,nr15.png,7.0,0.08537974469298514,nr58.png,7.0,0.0,nr49.png,7.0,0.0,nr51.png,16
1999,14.0,163.0,49.0,14.0,3059.0,7.0,0.0,nr63.png,4.0,0.08240138150602053,nr113.png,6.0,0.04864659872042176,nr18.png,1.0,0.05758168828131555,nr124.png,7.0,0.0,nr60.png,4.0,0.1240984661235249,nr2.png,6.0,0.0,nr31.png,5.0,0.09778959130533764,nr106.png,7.0,0.104739105408255,nr8.png,3.0,0.1057318931372432,nr90.png,5.0,0.0,nr114.png,5.0,0.0,nr52.png,5.0,0.01315443740909364,nr15.png,7.0,0.08537974469298514,nr58.png,7.0,0.0,nr49.png,7.0,0.0,nr51.png,16
2000,14.0,164.0,0.0,10.0,5482.0,7.0,0.105649525926046,nr8.png,5.0,0.0,nr74.png,3.0,0.07524895008977636,nr19.png,7.0,0.06050015587218019,nr58.png,6.0,0.04755733645673866,nr87.png,5.0,0.07855990389372652,nr52.png,3.0,0.03973144564740192,nr7.png,5.0,0.033711529640219805,nr80.png,6.0,0.0,nr18.png,7.0,0.0,nr42.png,7.0,0.13063217735585175,nr46.png,6.0,0.04876131965817508,nr44.png,3.0,0.0,nr93.png,5.0,0.0,nr76.png,7.0,0.0,nr51.png,7.0,0.0996296099188639,nr95.png,16
2001,14.0,164.0,1.0,14.0,4567.0,7.0,0.105649525926046,nr8.png,5.0,0.0,nr74.png,3.0,0.07524895008977636,nr19.png,7.0,0.06050015587218019,nr58.png,6.0,0.04755733645673866,nr87.png,5.0,0.07855990389372652,nr52.png,3.0,0.03973144564740192,nr7.png,5.0,0.033711529640219805,nr80.png,6.0,0.0,nr18.png,7.0,0.0,nr42.png,7.0,0.13063217735585175,nr46.png,6.0,0.04876131965817508,nr44.png,3.0,0.0,nr93.png,5.0,0.0,nr76.png,7.0,0.0,nr51.png,7.0,0.0996296099188639,nr95.png,16
2002,14.0,164.0,2.0,0.0,4957.0,7.0,0.105649525926046,nr8.png,5.0,0.0,nr74.png,3.0,0.07524895008977636,nr19.png,7.0,0.06050015587218019,nr58.png,6.0,0.04755733645673866,nr87.png,5.0,0.07855990389372652,nr52.png,3.0,0.03973144564740192,nr7.png,5.0,0.033711529640219805,nr80.png,6.0,0.0,nr18.png,7.0,0.0,nr42.png,7.0,0.13063217735585175,nr46.png,6.0,0.04876131965817508,nr44.png,3.0,0.0,nr93.png,5.0,0.0,nr76.png,7.0,0.0,nr51.png,7.0,0.0996296099188639,nr95.png,16
2003,14.0,164.0,3.0,0.0,4473.0,7.0,0.105649525926046,nr8.png,5.0,0.0,nr74.png,3.0,0.07524895008977636,nr19.png,7.0,0.06050015587218019,nr58.png,6.0,0.04755733645673866,nr87.png,5.0,0.07855990389372652,nr52.png,3.0,0.03973144564740192,nr7.png,5.0,0.033711529640219805,nr80.png,6.0,0.0,nr18.png,7.0,0.0,nr42.png,7.0,0.13063217735585175,nr46.png,6.0,0.04876131965817508,nr44.png,3.0,0.0,nr93.png,5.0,0.0,nr76.png,7.0,0.0,nr51.png,7.0,0.0996296099188639,nr95.png,16
2004,14.0,164.0,4.0,9.0,4420.0,7.0,0.105649525926046,nr8.png,5.0,0.0,nr74.png,3.0,0.07524895008977636,nr19.png,7.0,0.06050015587218019,nr58.png,6.0,0.04755733645673866,nr87.png,5.0,0.07855990389372652,nr52.png,3.0,0.03973144564740192,nr7.png,5.0,0.033711529640219805,nr80.png,6.0,0.0,nr18.png,7.0,0.0,nr42.png,7.0,0.13063217735585175,nr46.png,6.0,0.04876131965817508,nr44.png,3.0,0.0,nr93.png,5.0,0.0,nr76.png,7.0,0.0,nr51.png,7.0,0.0996296099188639,nr95.png,16
2005,14.0,164.0,5.0,15.0,4193.0,7.0,0.105649525926046,nr8.png,5.0,0.0,nr74.png,3.0,0.07524895008977636,nr19.png,7.0,0.06050015587218019,nr58.png,6.0,0.04755733645673866,nr87.png,5.0,0.07855990389372652,nr52.png,3.0,0.03973144564740192,nr7.png,5.0,0.033711529640219805,nr80.png,6.0,0.0,nr18.png,7.0,0.0,nr42.png,7.0,0.13063217735585175,nr46.png,6.0,0.04876131965817508,nr44.png,3.0,0.0,nr93.png,5.0,0.0,nr76.png,7.0,0.0,nr51.png,7.0,0.0996296099188639,nr95.png,16
2006,14.0,164.0,6.0,0.0,4359.0,7.0,0.105649525926046,nr8.png,5.0,0.0,nr74.png,3.0,0.07524895008977636,nr19.png,7.0,0.06050015587218019,nr58.png,6.0,0.04755733645673866,nr87.png,5.0,0.07855990389372652,nr52.png,3.0,0.03973144564740192,nr7.png,5.0,0.033711529640219805,nr80.png,6.0,0.0,nr18.png,7.0,0.0,nr42.png,7.0,0.13063217735585175,nr46.png,6.0,0.04876131965817508,nr44.png,3.0,0.0,nr93.png,5.0,0.0,nr76.png,7.0,0.0,nr51.png,7.0,0.0996296099188639,nr95.png,16
2007,14.0,164.0,7.0,0.0,4362.0,7.0,0.105649525926046,nr8.png,5.0,0.0,nr74.png,3.0,0.07524895008977636,nr19.png,7.0,0.06050015587218019,nr58.png,6.0,0.04755733645673866,nr87.png,5.0,0.07855990389372652,nr52.png,3.0,0.03973144564740192,nr7.png,5.0,0.033711529640219805,nr80.png,6.0,0.0,nr18.png,7.0,0.0,nr42.png,7.0,0.13063217735585175,nr46.png,6.0,0.04876131965817508,nr44.png,3.0,0.0,nr93.png,5.0,0.0,nr76.png,7.0,0.0,nr51.png,7.0,0.0996296099188639,nr95.png,16
2008,14.0,164.0,8.0,10.0,3637.0,7.0,0.105649525926046,nr8.png,5.0,0.0,nr74.png,3.0,0.07524895008977636,nr19.png,7.0,0.06050015587218019,nr58.png,6.0,0.04755733645673866,nr87.png,5.0,0.07855990389372652,nr52.png,3.0,0.03973144564740192,nr7.png,5.0,0.033711529640219805,nr80.png,6.0,0.0,nr18.png,7.0,0.0,nr42.png,7.0,0.13063217735585175,nr46.png,6.0,0.04876131965817508,nr44.png,3.0,0.0,nr93.png,5.0,0.0,nr76.png,7.0,0.0,nr51.png,7.0,0.0996296099188639,nr95.png,16
2009,14.0,164.0,9.0,8.0,3495.0,7.0,0.105649525926046,nr8.png,5.0,0.0,nr74.png,3.0,0.07524895008977636,nr19.png,7.0,0.06050015587218019,nr58.png,6.0,0.04755733645673866,nr87.png,5.0,0.07855990389372652,nr52.png,3.0,0.03973144564740192,nr7.png,5.0,0.033711529640219805,nr80.png,6.0,0.0,nr18.png,7.0,0.0,nr42.png,7.0,0.13063217735585175,nr46.png,6.0,0.04876131965817508,nr44.png,3.0,0.0,nr93.png,5.0,0.0,nr76.png,7.0,0.0,nr51.png,7.0,0.0996296099188639,nr95.png,16
2010,14.0,164.0,10.0,9.0,4125.0,7.0,0.105649525926046,nr8.png,5.0,0.0,nr74.png,3.0,0.07524895008977636,nr19.png,7.0,0.06050015587218019,nr58.png,6.0,0.04755733645673866,nr87.png,5.0,0.07855990389372652,nr52.png,3.0,0.03973144564740192,nr7.png,5.0,0.033711529640219805,nr80.png,6.0,0.0,nr18.png,7.0,0.0,nr42.png,7.0,0.13063217735585175,nr46.png,6.0,0.04876131965817508,nr44.png,3.0,0.0,nr93.png,5.0,0.0,nr76.png,7.0,0.0,nr51.png,7.0,0.0996296099188639,nr95.png,16
2011,14.0,164.0,11.0,3.0,4051.0,7.0,0.105649525926046,nr8.png,5.0,0.0,nr74.png,3.0,0.07524895008977636,nr19.png,7.0,0.06050015587218019,nr58.png,6.0,0.04755733645673866,nr87.png,5.0,0.07855990389372652,nr52.png,3.0,0.03973144564740192,nr7.png,5.0,0.033711529640219805,nr80.png,6.0,0.0,nr18.png,7.0,0.0,nr42.png,7.0,0.13063217735585175,nr46.png,6.0,0.04876131965817508,nr44.png,3.0,0.0,nr93.png,5.0,0.0,nr76.png,7.0,0.0,nr51.png,7.0,0.0996296099188639,nr95.png,16
2012,14.0,164.0,12.0,8.0,3555.0,7.0,0.105649525926046,nr8.png,5.0,0.0,nr74.png,3.0,0.07524895008977636,nr19.png,7.0,0.06050015587218019,nr58.png,6.0,0.04755733645673866,nr87.png,5.0,0.07855990389372652,nr52.png,3.0,0.03973144564740192,nr7.png,5.0,0.033711529640219805,nr80.png,6.0,0.0,nr18.png,7.0,0.0,nr42.png,7.0,0.13063217735585175,nr46.png,6.0,0.04876131965817508,nr44.png,3.0,0.0,nr93.png,5.0,0.0,nr76.png,7.0,0.0,nr51.png,7.0,0.0996296099188639,nr95.png,16
2013,14.0,164.0,13.0,14.0,2720.0,7.0,0.105649525926046,nr8.png,5.0,0.0,nr74.png,3.0,0.07524895008977636,nr19.png,7.0,0.06050015587218019,nr58.png,6.0,0.04755733645673866,nr87.png,5.0,0.07855990389372652,nr52.png,3.0,0.03973144564740192,nr7.png,5.0,0.033711529640219805,nr80.png,6.0,0.0,nr18.png,7.0,0.0,nr42.png,7.0,0.13063217735585175,nr46.png,6.0,0.04876131965817508,nr44.png,3.0,0.0,nr93.png,5.0,0.0,nr76.png,7.0,0.0,nr51.png,7.0,0.0996296099188639,nr95.png,16
2014,14.0,164.0,14.0,9.0,3931.0,7.0,0.105649525926046,nr8.png,5.0,0.0,nr74.png,3.0,0.07524895008977636,nr19.png,7.0,0.06050015587218019,nr58.png,6.0,0.04755733645673866,nr87.png,5.0,0.07855990389372652,nr52.png,3.0,0.03973144564740192,nr7.png,5.0,0.033711529640219805,nr80.png,6.0,0.0,nr18.png,7.0,0.0,nr42.png,7.0,0.13063217735585175,nr46.png,6.0,0.04876131965817508,nr44.png,3.0,0.0,nr93.png,5.0,0.0,nr76.png,7.0,0.0,nr51.png,7.0,0.0996296099188639,nr95.png,16
2015,14.0,164.0,15.0,10.0,3635.0,7.0,0.105649525926046,nr8.png,5.0,0.0,nr74.png,3.0,0.07524895008977636,nr19.png,7.0,0.06050015587218019,nr58.png,6.0,0.04755733645673866,nr87.png,5.0,0.07855990389372652,nr52.png,3.0,0.03973144564740192,nr7.png,5.0,0.033711529640219805,nr80.png,6.0,0.0,nr18.png,7.0,0.0,nr42.png,7.0,0.13063217735585175,nr46.png,6.0,0.04876131965817508,nr44.png,3.0,0.0,nr93.png,5.0,0.0,nr76.png,7.0,0.0,nr51.png,7.0,0.0996296099188639,nr95.png,16
2016,14.0,164.0,16.0,0.0,4657.0,7.0,0.105649525926046,nr8.png,5.0,0.0,nr74.png,3.0,0.07524895008977636,nr19.png,7.0,0.06050015587218019,nr58.png,6.0,0.04755733645673866,nr87.png,5.0,0.07855990389372652,nr52.png,3.0,0.03973144564740192,nr7.png,5.0,0.033711529640219805,nr80.png,6.0,0.0,nr18.png,7.0,0.0,nr42.png,7.0,0.13063217735585175,nr46.png,6.0,0.04876131965817508,nr44.png,3.0,0.0,nr93.png,5.0,0.0,nr76.png,7.0,0.0,nr51.png,7.0,0.0996296099188639,nr95.png,16
2017,14.0,164.0,17.0,15.0,4247.0,7.0,0.105649525926046,nr8.png,5.0,0.0,nr74.png,3.0,0.07524895008977636,nr19.png,7.0,0.06050015587218019,nr58.png,6.0,0.04755733645673866,nr87.png,5.0,0.07855990389372652,nr52.png,3.0,0.03973144564740192,nr7.png,5.0,0.033711529640219805,nr80.png,6.0,0.0,nr18.png,7.0,0.0,nr42.png,7.0,0.13063217735585175,nr46.png,6.0,0.04876131965817508,nr44.png,3.0,0.0,nr93.png,5.0,0.0,nr76.png,7.0,0.0,nr51.png,7.0,0.0996296099188639,nr95.png,16
2018,14.0,164.0,18.0,10.0,3952.0,7.0,0.105649525926046,nr8.png,5.0,0.0,nr74.png,3.0,0.07524895008977636,nr19.png,7.0,0.06050015587218019,nr58.png,6.0,0.04755733645673866,nr87.png,5.0,0.07855990389372652,nr52.png,3.0,0.03973144564740192,nr7.png,5.0,0.033711529640219805,nr80.png,6.0,0.0,nr18.png,7.0,0.0,nr42.png,7.0,0.13063217735585175,nr46.png,6.0,0.04876131965817508,nr44.png,3.0,0.0,nr93.png,5.0,0.0,nr76.png,7.0,0.0,nr51.png,7.0,0.0996296099188639,nr95.png,16
2019,14.0,164.0,19.0,10.0,4378.0,7.0,0.105649525926046,nr8.png,5.0,0.0,nr74.png,3.0,0.07524895008977636,nr19.png,7.0,0.06050015587218019,nr58.png,6.0,0.04755733645673866,nr87.png,5.0,0.07855990389372652,nr52.png,3.0,0.03973144564740192,nr7.png,5.0,0.033711529640219805,nr80.png,6.0,0.0,nr18.png,7.0,0.0,nr42.png,7.0,0.13063217735585175,nr46.png,6.0,0.04876131965817508,nr44.png,3.0,0.0,nr93.png,5.0,0.0,nr76.png,7.0,0.0,nr51.png,7.0,0.0996296099188639,nr95.png,16
2020,14.0,164.0,20.0,10.0,4479.0,7.0,0.105649525926046,nr8.png,5.0,0.0,nr74.png,3.0,0.07524895008977636,nr19.png,7.0,0.06050015587218019,nr58.png,6.0,0.04755733645673866,nr87.png,5.0,0.07855990389372652,nr52.png,3.0,0.03973144564740192,nr7.png,5.0,0.033711529640219805,nr80.png,6.0,0.0,nr18.png,7.0,0.0,nr42.png,7.0,0.13063217735585175,nr46.png,6.0,0.04876131965817508,nr44.png,3.0,0.0,nr93.png,5.0,0.0,nr76.png,7.0,0.0,nr51.png,7.0,0.0996296099188639,nr95.png,16
2021,14.0,164.0,21.0,10.0,3691.0,7.0,0.105649525926046,nr8.png,5.0,0.0,nr74.png,3.0,0.07524895008977636,nr19.png,7.0,0.06050015587218019,nr58.png,6.0,0.04755733645673866,nr87.png,5.0,0.07855990389372652,nr52.png,3.0,0.03973144564740192,nr7.png,5.0,0.033711529640219805,nr80.png,6.0,0.0,nr18.png,7.0,0.0,nr42.png,7.0,0.13063217735585175,nr46.png,6.0,0.04876131965817508,nr44.png,3.0,0.0,nr93.png,5.0,0.0,nr76.png,7.0,0.0,nr51.png,7.0,0.0996296099188639,nr95.png,16
2022,14.0,164.0,22.0,14.0,3689.0,7.0,0.105649525926046,nr8.png,5.0,0.0,nr74.png,3.0,0.07524895008977636,nr19.png,7.0,0.06050015587218019,nr58.png,6.0,0.04755733645673866,nr87.png,5.0,0.07855990389372652,nr52.png,3.0,0.03973144564740192,nr7.png,5.0,0.033711529640219805,nr80.png,6.0,0.0,nr18.png,7.0,0.0,nr42.png,7.0,0.13063217735585175,nr46.png,6.0,0.04876131965817508,nr44.png,3.0,0.0,nr93.png,5.0,0.0,nr76.png,7.0,0.0,nr51.png,7.0,0.0996296099188639,nr95.png,16
2023,14.0,164.0,23.0,1.0,3621.0,7.0,0.105649525926046,nr8.png,5.0,0.0,nr74.png,3.0,0.07524895008977636,nr19.png,7.0,0.06050015587218019,nr58.png,6.0,0.04755733645673866,nr87.png,5.0,0.07855990389372652,nr52.png,3.0,0.03973144564740192,nr7.png,5.0,0.033711529640219805,nr80.png,6.0,0.0,nr18.png,7.0,0.0,nr42.png,7.0,0.13063217735585175,nr46.png,6.0,0.04876131965817508,nr44.png,3.0,0.0,nr93.png,5.0,0.0,nr76.png,7.0,0.0,nr51.png,7.0,0.0996296099188639,nr95.png,16
2024,14.0,164.0,24.0,0.0,3343.0,7.0,0.105649525926046,nr8.png,5.0,0.0,nr74.png,3.0,0.07524895008977636,nr19.png,7.0,0.06050015587218019,nr58.png,6.0,0.04755733645673866,nr87.png,5.0,0.07855990389372652,nr52.png,3.0,0.03973144564740192,nr7.png,5.0,0.033711529640219805,nr80.png,6.0,0.0,nr18.png,7.0,0.0,nr42.png,7.0,0.13063217735585175,nr46.png,6.0,0.04876131965817508,nr44.png,3.0,0.0,nr93.png,5.0,0.0,nr76.png,7.0,0.0,nr51.png,7.0,0.0996296099188639,nr95.png,16
2025,14.0,164.0,25.0,8.0,4784.0,7.0,0.105649525926046,nr8.png,5.0,0.0,nr74.png,3.0,0.07524895008977636,nr19.png,7.0,0.06050015587218019,nr58.png,6.0,0.04755733645673866,nr87.png,5.0,0.07855990389372652,nr52.png,3.0,0.03973144564740192,nr7.png,5.0,0.033711529640219805,nr80.png,6.0,0.0,nr18.png,7.0,0.0,nr42.png,7.0,0.13063217735585175,nr46.png,6.0,0.04876131965817508,nr44.png,3.0,0.0,nr93.png,5.0,0.0,nr76.png,7.0,0.0,nr51.png,7.0,0.0996296099188639,nr95.png,16
2026,14.0,164.0,26.0,15.0,3052.0,7.0,0.105649525926046,nr8.png,5.0,0.0,nr74.png,3.0,0.07524895008977636,nr19.png,7.0,0.06050015587218019,nr58.png,6.0,0.04755733645673866,nr87.png,5.0,0.07855990389372652,nr52.png,3.0,0.03973144564740192,nr7.png,5.0,0.033711529640219805,nr80.png,6.0,0.0,nr18.png,7.0,0.0,nr42.png,7.0,0.13063217735585175,nr46.png,6.0,0.04876131965817508,nr44.png,3.0,0.0,nr93.png,5.0,0.0,nr76.png,7.0,0.0,nr51.png,7.0,0.0996296099188639,nr95.png,16
2027,14.0,164.0,27.0,15.0,3691.0,7.0,0.105649525926046,nr8.png,5.0,0.0,nr74.png,3.0,0.07524895008977636,nr19.png,7.0,0.06050015587218019,nr58.png,6.0,0.04755733645673866,nr87.png,5.0,0.07855990389372652,nr52.png,3.0,0.03973144564740192,nr7.png,5.0,0.033711529640219805,nr80.png,6.0,0.0,nr18.png,7.0,0.0,nr42.png,7.0,0.13063217735585175,nr46.png,6.0,0.04876131965817508,nr44.png,3.0,0.0,nr93.png,5.0,0.0,nr76.png,7.0,0.0,nr51.png,7.0,0.0996296099188639,nr95.png,16
2028,14.0,164.0,28.0,7.0,5585.0,7.0,0.105649525926046,nr8.png,5.0,0.0,nr74.png,3.0,0.07524895008977636,nr19.png,7.0,0.06050015587218019,nr58.png,6.0,0.04755733645673866,nr87.png,5.0,0.07855990389372652,nr52.png,3.0,0.03973144564740192,nr7.png,5.0,0.033711529640219805,nr80.png,6.0,0.0,nr18.png,7.0,0.0,nr42.png,7.0,0.13063217735585175,nr46.png,6.0,0.04876131965817508,nr44.png,3.0,0.0,nr93.png,5.0,0.0,nr76.png,7.0,0.0,nr51.png,7.0,0.0996296099188639,nr95.png,16
2029,14.0,164.0,29.0,3.0,8056.0,7.0,0.105649525926046,nr8.png,5.0,0.0,nr74.png,3.0,0.07524895008977636,nr19.png,7.0,0.06050015587218019,nr58.png,6.0,0.04755733645673866,nr87.png,5.0,0.07855990389372652,nr52.png,3.0,0.03973144564740192,nr7.png,5.0,0.033711529640219805,nr80.png,6.0,0.0,nr18.png,7.0,0.0,nr42.png,7.0,0.13063217735585175,nr46.png,6.0,0.04876131965817508,nr44.png,3.0,0.0,nr93.png,5.0,0.0,nr76.png,7.0,0.0,nr51.png,7.0,0.0996296099188639,nr95.png,16
2030,14.0,164.0,30.0,0.0,5351.0,7.0,0.105649525926046,nr8.png,5.0,0.0,nr74.png,3.0,0.07524895008977636,nr19.png,7.0,0.06050015587218019,nr58.png,6.0,0.04755733645673866,nr87.png,5.0,0.07855990389372652,nr52.png,3.0,0.03973144564740192,nr7.png,5.0,0.033711529640219805,nr80.png,6.0,0.0,nr18.png,7.0,0.0,nr42.png,7.0,0.13063217735585175,nr46.png,6.0,0.04876131965817508,nr44.png,3.0,0.0,nr93.png,5.0,0.0,nr76.png,7.0,0.0,nr51.png,7.0,0.0996296099188639,nr95.png,16
2031,14.0,164.0,31.0,1.0,7246.0,7.0,0.105649525926046,nr8.png,5.0,0.0,nr74.png,3.0,0.07524895008977636,nr19.png,7.0,0.06050015587218019,nr58.png,6.0,0.04755733645673866,nr87.png,5.0,0.07855990389372652,nr52.png,3.0,0.03973144564740192,nr7.png,5.0,0.033711529640219805,nr80.png,6.0,0.0,nr18.png,7.0,0.0,nr42.png,7.0,0.13063217735585175,nr46.png,6.0,0.04876131965817508,nr44.png,3.0,0.0,nr93.png,5.0,0.0,nr76.png,7.0,0.0,nr51.png,7.0,0.0996296099188639,nr95.png,16
2032,14.0,164.0,32.0,15.0,2775.0,7.0,0.105649525926046,nr8.png,5.0,0.0,nr74.png,3.0,0.07524895008977636,nr19.png,7.0,0.06050015587218019,nr58.png,6.0,0.04755733645673866,nr87.png,5.0,0.07855990389372652,nr52.png,3.0,0.03973144564740192,nr7.png,5.0,0.033711529640219805,nr80.png,6.0,0.0,nr18.png,7.0,0.0,nr42.png,7.0,0.13063217735585175,nr46.png,6.0,0.04876131965817508,nr44.png,3.0,0.0,nr93.png,5.0,0.0,nr76.png,7.0,0.0,nr51.png,7.0,0.0996296099188639,nr95.png,16
2033,14.0,164.0,33.0,3.0,3792.0,7.0,0.105649525926046,nr8.png,5.0,0.0,nr74.png,3.0,0.07524895008977636,nr19.png,7.0,0.06050015587218019,nr58.png,6.0,0.04755733645673866,nr87.png,5.0,0.07855990389372652,nr52.png,3.0,0.03973144564740192,nr7.png,5.0,0.033711529640219805,nr80.png,6.0,0.0,nr18.png,7.0,0.0,nr42.png,7.0,0.13063217735585175,nr46.png,6.0,0.04876131965817508,nr44.png,3.0,0.0,nr93.png,5.0,0.0,nr76.png,7.0,0.0,nr51.png,7.0,0.0996296099188639,nr95.png,16
2034,14.0,164.0,34.0,10.0,3590.0,7.0,0.105649525926046,nr8.png,5.0,0.0,nr74.png,3.0,0.07524895008977636,nr19.png,7.0,0.06050015587218019,nr58.png,6.0,0.04755733645673866,nr87.png,5.0,0.07855990389372652,nr52.png,3.0,0.03973144564740192,nr7.png,5.0,0.033711529640219805,nr80.png,6.0,0.0,nr18.png,7.0,0.0,nr42.png,7.0,0.13063217735585175,nr46.png,6.0,0.04876131965817508,nr44.png,3.0,0.0,nr93.png,5.0,0.0,nr76.png,7.0,0.0,nr51.png,7.0,0.0996296099188639,nr95.png,16
2035,14.0,164.0,35.0,3.0,4215.0,7.0,0.105649525926046,nr8.png,5.0,0.0,nr74.png,3.0,0.07524895008977636,nr19.png,7.0,0.06050015587218019,nr58.png,6.0,0.04755733645673866,nr87.png,5.0,0.07855990389372652,nr52.png,3.0,0.03973144564740192,nr7.png,5.0,0.033711529640219805,nr80.png,6.0,0.0,nr18.png,7.0,0.0,nr42.png,7.0,0.13063217735585175,nr46.png,6.0,0.04876131965817508,nr44.png,3.0,0.0,nr93.png,5.0,0.0,nr76.png,7.0,0.0,nr51.png,7.0,0.0996296099188639,nr95.png,16
2036,14.0,164.0,36.0,10.0,5201.0,7.0,0.105649525926046,nr8.png,5.0,0.0,nr74.png,3.0,0.07524895008977636,nr19.png,7.0,0.06050015587218019,nr58.png,6.0,0.04755733645673866,nr87.png,5.0,0.07855990389372652,nr52.png,3.0,0.03973144564740192,nr7.png,5.0,0.033711529640219805,nr80.png,6.0,0.0,nr18.png,7.0,0.0,nr42.png,7.0,0.13063217735585175,nr46.png,6.0,0.04876131965817508,nr44.png,3.0,0.0,nr93.png,5.0,0.0,nr76.png,7.0,0.0,nr51.png,7.0,0.0996296099188639,nr95.png,16
2037,14.0,164.0,37.0,3.0,4023.0,7.0,0.105649525926046,nr8.png,5.0,0.0,nr74.png,3.0,0.07524895008977636,nr19.png,7.0,0.06050015587218019,nr58.png,6.0,0.04755733645673866,nr87.png,5.0,0.07855990389372652,nr52.png,3.0,0.03973144564740192,nr7.png,5.0,0.033711529640219805,nr80.png,6.0,0.0,nr18.png,7.0,0.0,nr42.png,7.0,0.13063217735585175,nr46.png,6.0,0.04876131965817508,nr44.png,3.0,0.0,nr93.png,5.0,0.0,nr76.png,7.0,0.0,nr51.png,7.0,0.0996296099188639,nr95.png,16
2038,14.0,164.0,38.0,8.0,3422.0,7.0,0.105649525926046,nr8.png,5.0,0.0,nr74.png,3.0,0.07524895008977636,nr19.png,7.0,0.06050015587218019,nr58.png,6.0,0.04755733645673866,nr87.png,5.0,0.07855990389372652,nr52.png,3.0,0.03973144564740192,nr7.png,5.0,0.033711529640219805,nr80.png,6.0,0.0,nr18.png,7.0,0.0,nr42.png,7.0,0.13063217735585175,nr46.png,6.0,0.04876131965817508,nr44.png,3.0,0.0,nr93.png,5.0,0.0,nr76.png,7.0,0.0,nr51.png,7.0,0.0996296099188639,nr95.png,16
2039,14.0,164.0,39.0,15.0,5499.0,7.0,0.105649525926046,nr8.png,5.0,0.0,nr74.png,3.0,0.07524895008977636,nr19.png,7.0,0.06050015587218019,nr58.png,6.0,0.04755733645673866,nr87.png,5.0,0.07855990389372652,nr52.png,3.0,0.03973144564740192,nr7.png,5.0,0.033711529640219805,nr80.png,6.0,0.0,nr18.png,7.0,0.0,nr42.png,7.0,0.13063217735585175,nr46.png,6.0,0.04876131965817508,nr44.png,3.0,0.0,nr93.png,5.0,0.0,nr76.png,7.0,0.0,nr51.png,7.0,0.0996296099188639,nr95.png,16
2040,14.0,164.0,40.0,0.0,4015.0,7.0,0.105649525926046,nr8.png,5.0,0.0,nr74.png,3.0,0.07524895008977636,nr19.png,7.0,0.06050015587218019,nr58.png,6.0,0.04755733645673866,nr87.png,5.0,0.07855990389372652,nr52.png,3.0,0.03973144564740192,nr7.png,5.0,0.033711529640219805,nr80.png,6.0,0.0,nr18.png,7.0,0.0,nr42.png,7.0,0.13063217735585175,nr46.png,6.0,0.04876131965817508,nr44.png,3.0,0.0,nr93.png,5.0,0.0,nr76.png,7.0,0.0,nr51.png,7.0,0.0996296099188639,nr95.png,16
2041,14.0,164.0,41.0,11.0,8598.0,7.0,0.105649525926046,nr8.png,5.0,0.0,nr74.png,3.0,0.07524895008977636,nr19.png,7.0,0.06050015587218019,nr58.png,6.0,0.04755733645673866,nr87.png,5.0,0.07855990389372652,nr52.png,3.0,0.03973144564740192,nr7.png,5.0,0.033711529640219805,nr80.png,6.0,0.0,nr18.png,7.0,0.0,nr42.png,7.0,0.13063217735585175,nr46.png,6.0,0.04876131965817508,nr44.png,3.0,0.0,nr93.png,5.0,0.0,nr76.png,7.0,0.0,nr51.png,7.0,0.0996296099188639,nr95.png,16
2042,14.0,164.0,42.0,10.0,4962.0,7.0,0.105649525926046,nr8.png,5.0,0.0,nr74.png,3.0,0.07524895008977636,nr19.png,7.0,0.06050015587218019,nr58.png,6.0,0.04755733645673866,nr87.png,5.0,0.07855990389372652,nr52.png,3.0,0.03973144564740192,nr7.png,5.0,0.033711529640219805,nr80.png,6.0,0.0,nr18.png,7.0,0.0,nr42.png,7.0,0.13063217735585175,nr46.png,6.0,0.04876131965817508,nr44.png,3.0,0.0,nr93.png,5.0,0.0,nr76.png,7.0,0.0,nr51.png,7.0,0.0996296099188639,nr95.png,16
2043,14.0,164.0,43.0,10.0,3372.0,7.0,0.105649525926046,nr8.png,5.0,0.0,nr74.png,3.0,0.07524895008977636,nr19.png,7.0,0.06050015587218019,nr58.png,6.0,0.04755733645673866,nr87.png,5.0,0.07855990389372652,nr52.png,3.0,0.03973144564740192,nr7.png,5.0,0.033711529640219805,nr80.png,6.0,0.0,nr18.png,7.0,0.0,nr42.png,7.0,0.13063217735585175,nr46.png,6.0,0.04876131965817508,nr44.png,3.0,0.0,nr93.png,5.0,0.0,nr76.png,7.0,0.0,nr51.png,7.0,0.0996296099188639,nr95.png,16
2044,14.0,164.0,44.0,0.0,4092.0,7.0,0.105649525926046,nr8.png,5.0,0.0,nr74.png,3.0,0.07524895008977636,nr19.png,7.0,0.06050015587218019,nr58.png,6.0,0.04755733645673866,nr87.png,5.0,0.07855990389372652,nr52.png,3.0,0.03973144564740192,nr7.png,5.0,0.033711529640219805,nr80.png,6.0,0.0,nr18.png,7.0,0.0,nr42.png,7.0,0.13063217735585175,nr46.png,6.0,0.04876131965817508,nr44.png,3.0,0.0,nr93.png,5.0,0.0,nr76.png,7.0,0.0,nr51.png,7.0,0.0996296099188639,nr95.png,16
2045,14.0,164.0,45.0,14.0,3945.0,7.0,0.105649525926046,nr8.png,5.0,0.0,nr74.png,3.0,0.07524895008977636,nr19.png,7.0,0.06050015587218019,nr58.png,6.0,0.04755733645673866,nr87.png,5.0,0.07855990389372652,nr52.png,3.0,0.03973144564740192,nr7.png,5.0,0.033711529640219805,nr80.png,6.0,0.0,nr18.png,7.0,0.0,nr42.png,7.0,0.13063217735585175,nr46.png,6.0,0.04876131965817508,nr44.png,3.0,0.0,nr93.png,5.0,0.0,nr76.png,7.0,0.0,nr51.png,7.0,0.0996296099188639,nr95.png,16
2046,14.0,164.0,46.0,0.0,3686.0,7.0,0.105649525926046,nr8.png,5.0,0.0,nr74.png,3.0,0.07524895008977636,nr19.png,7.0,0.06050015587218019,nr58.png,6.0,0.04755733645673866,nr87.png,5.0,0.07855990389372652,nr52.png,3.0,0.03973144564740192,nr7.png,5.0,0.033711529640219805,nr80.png,6.0,0.0,nr18.png,7.0,0.0,nr42.png,7.0,0.13063217735585175,nr46.png,6.0,0.04876131965817508,nr44.png,3.0,0.0,nr93.png,5.0,0.0,nr76.png,7.0,0.0,nr51.png,7.0,0.0996296099188639,nr95.png,16
2047,14.0,164.0,47.0,0.0,4462.0,7.0,0.105649525926046,nr8.png,5.0,0.0,nr74.png,3.0,0.07524895008977636,nr19.png,7.0,0.06050015587218019,nr58.png,6.0,0.04755733645673866,nr87.png,5.0,0.07855990389372652,nr52.png,3.0,0.03973144564740192,nr7.png,5.0,0.033711529640219805,nr80.png,6.0,0.0,nr18.png,7.0,0.0,nr42.png,7.0,0.13063217735585175,nr46.png,6.0,0.04876131965817508,nr44.png,3.0,0.0,nr93.png,5.0,0.0,nr76.png,7.0,0.0,nr51.png,7.0,0.0996296099188639,nr95.png,16
2048,14.0,164.0,48.0,11.0,4365.0,7.0,0.105649525926046,nr8.png,5.0,0.0,nr74.png,3.0,0.07524895008977636,nr19.png,7.0,0.06050015587218019,nr58.png,6.0,0.04755733645673866,nr87.png,5.0,0.07855990389372652,nr52.png,3.0,0.03973144564740192,nr7.png,5.0,0.033711529640219805,nr80.png,6.0,0.0,nr18.png,7.0,0.0,nr42.png,7.0,0.13063217735585175,nr46.png,6.0,0.04876131965817508,nr44.png,3.0,0.0,nr93.png,5.0,0.0,nr76.png,7.0,0.0,nr51.png,7.0,0.0996296099188639,nr95.png,16
2049,14.0,164.0,49.0,10.0,4476.0,7.0,0.105649525926046,nr8.png,5.0,0.0,nr74.png,3.0,0.07524895008977636,nr19.png,7.0,0.06050015587218019,nr58.png,6.0,0.04755733645673866,nr87.png,5.0,0.07855990389372652,nr52.png,3.0,0.03973144564740192,nr7.png,5.0,0.033711529640219805,nr80.png,6.0,0.0,nr18.png,7.0,0.0,nr42.png,7.0,0.13063217735585175,nr46.png,6.0,0.04876131965817508,nr44.png,3.0,0.0,nr93.png,5.0,0.0,nr76.png,7.0,0.0,nr51.png,7.0,0.0996296099188639,nr95.png,16
2050,14.0,165.0,0.0,11.0,4135.0,4.0,0.0,nr29.png,4.0,0.0,nr100.png,5.0,0.08054579781543962,nr74.png,4.0,0.03036972704516577,nr113.png,5.0,0.0,nr11.png,5.0,0.02574824684264054,nr106.png,7.0,0.14392609773578555,nr49.png,7.0,0.08351674937420585,nr46.png,7.0,0.057108291074061714,nr95.png,7.0,0.03499120724769099,nr88.png,7.0,0.05347712805779189,nr8.png,5.0,0.08054579781543962,nr96.png,1.0,0.05149649368528108,nr102.png,6.0,0.05974913690407613,nr21.png,2.0,0.0561179738878063,nr85.png,6.0,0.0,nr44.png,16
2051,14.0,165.0,1.0,13.0,4382.0,4.0,0.0,nr29.png,4.0,0.0,nr100.png,5.0,0.08054579781543962,nr74.png,4.0,0.03036972704516577,nr113.png,5.0,0.0,nr11.png,5.0,0.02574824684264054,nr106.png,7.0,0.14392609773578555,nr49.png,7.0,0.08351674937420585,nr46.png,7.0,0.057108291074061714,nr95.png,7.0,0.03499120724769099,nr88.png,7.0,0.05347712805779189,nr8.png,5.0,0.08054579781543962,nr96.png,1.0,0.05149649368528108,nr102.png,6.0,0.05974913690407613,nr21.png,2.0,0.0561179738878063,nr85.png,6.0,0.0,nr44.png,16
2052,14.0,165.0,2.0,13.0,4508.0,4.0,0.0,nr29.png,4.0,0.0,nr100.png,5.0,0.08054579781543962,nr74.png,4.0,0.03036972704516577,nr113.png,5.0,0.0,nr11.png,5.0,0.02574824684264054,nr106.png,7.0,0.14392609773578555,nr49.png,7.0,0.08351674937420585,nr46.png,7.0,0.057108291074061714,nr95.png,7.0,0.03499120724769099,nr88.png,7.0,0.05347712805779189,nr8.png,5.0,0.08054579781543962,nr96.png,1.0,0.05149649368528108,nr102.png,6.0,0.05974913690407613,nr21.png,2.0,0.0561179738878063,nr85.png,6.0,0.0,nr44.png,16
2053,14.0,165.0,3.0,8.0,5563.0,4.0,0.0,nr29.png,4.0,0.0,nr100.png,5.0,0.08054579781543962,nr74.png,4.0,0.03036972704516577,nr113.png,5.0,0.0,nr11.png,5.0,0.02574824684264054,nr106.png,7.0,0.14392609773578555,nr49.png,7.0,0.08351674937420585,nr46.png,7.0,0.057108291074061714,nr95.png,7.0,0.03499120724769099,nr88.png,7.0,0.05347712805779189,nr8.png,5.0,0.08054579781543962,nr96.png,1.0,0.05149649368528108,nr102.png,6.0,0.05974913690407613,nr21.png,2.0,0.0561179738878063,nr85.png,6.0,0.0,nr44.png,16
2054,14.0,165.0,4.0,8.0,5476.0,4.0,0.0,nr29.png,4.0,0.0,nr100.png,5.0,0.08054579781543962,nr74.png,4.0,0.03036972704516577,nr113.png,5.0,0.0,nr11.png,5.0,0.02574824684264054,nr106.png,7.0,0.14392609773578555,nr49.png,7.0,0.08351674937420585,nr46.png,7.0,0.057108291074061714,nr95.png,7.0,0.03499120724769099,nr88.png,7.0,0.05347712805779189,nr8.png,5.0,0.08054579781543962,nr96.png,1.0,0.05149649368528108,nr102.png,6.0,0.05974913690407613,nr21.png,2.0,0.0561179738878063,nr85.png,6.0,0.0,nr44.png,16
2055,14.0,165.0,5.0,10.0,4443.0,4.0,0.0,nr29.png,4.0,0.0,nr100.png,5.0,0.08054579781543962,nr74.png,4.0,0.03036972704516577,nr113.png,5.0,0.0,nr11.png,5.0,0.02574824684264054,nr106.png,7.0,0.14392609773578555,nr49.png,7.0,0.08351674937420585,nr46.png,7.0,0.057108291074061714,nr95.png,7.0,0.03499120724769099,nr88.png,7.0,0.05347712805779189,nr8.png,5.0,0.08054579781543962,nr96.png,1.0,0.05149649368528108,nr102.png,6.0,0.05974913690407613,nr21.png,2.0,0.0561179738878063,nr85.png,6.0,0.0,nr44.png,16
2056,14.0,165.0,6.0,15.0,4056.0,4.0,0.0,nr29.png,4.0,0.0,nr100.png,5.0,0.08054579781543962,nr74.png,4.0,0.03036972704516577,nr113.png,5.0,0.0,nr11.png,5.0,0.02574824684264054,nr106.png,7.0,0.14392609773578555,nr49.png,7.0,0.08351674937420585,nr46.png,7.0,0.057108291074061714,nr95.png,7.0,0.03499120724769099,nr88.png,7.0,0.05347712805779189,nr8.png,5.0,0.08054579781543962,nr96.png,1.0,0.05149649368528108,nr102.png,6.0,0.05974913690407613,nr21.png,2.0,0.0561179738878063,nr85.png,6.0,0.0,nr44.png,16
2057,14.0,165.0,7.0,10.0,3509.0,4.0,0.0,nr29.png,4.0,0.0,nr100.png,5.0,0.08054579781543962,nr74.png,4.0,0.03036972704516577,nr113.png,5.0,0.0,nr11.png,5.0,0.02574824684264054,nr106.png,7.0,0.14392609773578555,nr49.png,7.0,0.08351674937420585,nr46.png,7.0,0.057108291074061714,nr95.png,7.0,0.03499120724769099,nr88.png,7.0,0.05347712805779189,nr8.png,5.0,0.08054579781543962,nr96.png,1.0,0.05149649368528108,nr102.png,6.0,0.05974913690407613,nr21.png,2.0,0.0561179738878063,nr85.png,6.0,0.0,nr44.png,16
2058,14.0,165.0,8.0,13.0,5318.0,4.0,0.0,nr29.png,4.0,0.0,nr100.png,5.0,0.08054579781543962,nr74.png,4.0,0.03036972704516577,nr113.png,5.0,0.0,nr11.png,5.0,0.02574824684264054,nr106.png,7.0,0.14392609773578555,nr49.png,7.0,0.08351674937420585,nr46.png,7.0,0.057108291074061714,nr95.png,7.0,0.03499120724769099,nr88.png,7.0,0.05347712805779189,nr8.png,5.0,0.08054579781543962,nr96.png,1.0,0.05149649368528108,nr102.png,6.0,0.05974913690407613,nr21.png,2.0,0.0561179738878063,nr85.png,6.0,0.0,nr44.png,16
2059,14.0,165.0,9.0,10.0,3626.0,4.0,0.0,nr29.png,4.0,0.0,nr100.png,5.0,0.08054579781543962,nr74.png,4.0,0.03036972704516577,nr113.png,5.0,0.0,nr11.png,5.0,0.02574824684264054,nr106.png,7.0,0.14392609773578555,nr49.png,7.0,0.08351674937420585,nr46.png,7.0,0.057108291074061714,nr95.png,7.0,0.03499120724769099,nr88.png,7.0,0.05347712805779189,nr8.png,5.0,0.08054579781543962,nr96.png,1.0,0.05149649368528108,nr102.png,6.0,0.05974913690407613,nr21.png,2.0,0.0561179738878063,nr85.png,6.0,0.0,nr44.png,16
2060,14.0,165.0,10.0,15.0,6535.0,4.0,0.0,nr29.png,4.0,0.0,nr100.png,5.0,0.08054579781543962,nr74.png,4.0,0.03036972704516577,nr113.png,5.0,0.0,nr11.png,5.0,0.02574824684264054,nr106.png,7.0,0.14392609773578555,nr49.png,7.0,0.08351674937420585,nr46.png,7.0,0.057108291074061714,nr95.png,7.0,0.03499120724769099,nr88.png,7.0,0.05347712805779189,nr8.png,5.0,0.08054579781543962,nr96.png,1.0,0.05149649368528108,nr102.png,6.0,0.05974913690407613,nr21.png,2.0,0.0561179738878063,nr85.png,6.0,0.0,nr44.png,16
2061,14.0,165.0,11.0,10.0,3857.0,4.0,0.0,nr29.png,4.0,0.0,nr100.png,5.0,0.08054579781543962,nr74.png,4.0,0.03036972704516577,nr113.png,5.0,0.0,nr11.png,5.0,0.02574824684264054,nr106.png,7.0,0.14392609773578555,nr49.png,7.0,0.08351674937420585,nr46.png,7.0,0.057108291074061714,nr95.png,7.0,0.03499120724769099,nr88.png,7.0,0.05347712805779189,nr8.png,5.0,0.08054579781543962,nr96.png,1.0,0.05149649368528108,nr102.png,6.0,0.05974913690407613,nr21.png,2.0,0.0561179738878063,nr85.png,6.0,0.0,nr44.png,16
2062,14.0,165.0,12.0,9.0,3213.0,4.0,0.0,nr29.png,4.0,0.0,nr100.png,5.0,0.08054579781543962,nr74.png,4.0,0.03036972704516577,nr113.png,5.0,0.0,nr11.png,5.0,0.02574824684264054,nr106.png,7.0,0.14392609773578555,nr49.png,7.0,0.08351674937420585,nr46.png,7.0,0.057108291074061714,nr95.png,7.0,0.03499120724769099,nr88.png,7.0,0.05347712805779189,nr8.png,5.0,0.08054579781543962,nr96.png,1.0,0.05149649368528108,nr102.png,6.0,0.05974913690407613,nr21.png,2.0,0.0561179738878063,nr85.png,6.0,0.0,nr44.png,16
2063,14.0,165.0,13.0,10.0,5063.0,4.0,0.0,nr29.png,4.0,0.0,nr100.png,5.0,0.08054579781543962,nr74.png,4.0,0.03036972704516577,nr113.png,5.0,0.0,nr11.png,5.0,0.02574824684264054,nr106.png,7.0,0.14392609773578555,nr49.png,7.0,0.08351674937420585,nr46.png,7.0,0.057108291074061714,nr95.png,7.0,0.03499120724769099,nr88.png,7.0,0.05347712805779189,nr8.png,5.0,0.08054579781543962,nr96.png,1.0,0.05149649368528108,nr102.png,6.0,0.05974913690407613,nr21.png,2.0,0.0561179738878063,nr85.png,6.0,0.0,nr44.png,16
2064,14.0,165.0,14.0,9.0,3437.0,4.0,0.0,nr29.png,4.0,0.0,nr100.png,5.0,0.08054579781543962,nr74.png,4.0,0.03036972704516577,nr113.png,5.0,0.0,nr11.png,5.0,0.02574824684264054,nr106.png,7.0,0.14392609773578555,nr49.png,7.0,0.08351674937420585,nr46.png,7.0,0.057108291074061714,nr95.png,7.0,0.03499120724769099,nr88.png,7.0,0.05347712805779189,nr8.png,5.0,0.08054579781543962,nr96.png,1.0,0.05149649368528108,nr102.png,6.0,0.05974913690407613,nr21.png,2.0,0.0561179738878063,nr85.png,6.0,0.0,nr44.png,16
2065,14.0,165.0,15.0,8.0,4761.0,4.0,0.0,nr29.png,4.0,0.0,nr100.png,5.0,0.08054579781543962,nr74.png,4.0,0.03036972704516577,nr113.png,5.0,0.0,nr11.png,5.0,0.02574824684264054,nr106.png,7.0,0.14392609773578555,nr49.png,7.0,0.08351674937420585,nr46.png,7.0,0.057108291074061714,nr95.png,7.0,0.03499120724769099,nr88.png,7.0,0.05347712805779189,nr8.png,5.0,0.08054579781543962,nr96.png,1.0,0.05149649368528108,nr102.png,6.0,0.05974913690407613,nr21.png,2.0,0.0561179738878063,nr85.png,6.0,0.0,nr44.png,16
2066,14.0,165.0,16.0,8.0,3454.0,4.0,0.0,nr29.png,4.0,0.0,nr100.png,5.0,0.08054579781543962,nr74.png,4.0,0.03036972704516577,nr113.png,5.0,0.0,nr11.png,5.0,0.02574824684264054,nr106.png,7.0,0.14392609773578555,nr49.png,7.0,0.08351674937420585,nr46.png,7.0,0.057108291074061714,nr95.png,7.0,0.03499120724769099,nr88.png,7.0,0.05347712805779189,nr8.png,5.0,0.08054579781543962,nr96.png,1.0,0.05149649368528108,nr102.png,6.0,0.05974913690407613,nr21.png,2.0,0.0561179738878063,nr85.png,6.0,0.0,nr44.png,16
2067,14.0,165.0,17.0,6.0,3646.0,4.0,0.0,nr29.png,4.0,0.0,nr100.png,5.0,0.08054579781543962,nr74.png,4.0,0.03036972704516577,nr113.png,5.0,0.0,nr11.png,5.0,0.02574824684264054,nr106.png,7.0,0.14392609773578555,nr49.png,7.0,0.08351674937420585,nr46.png,7.0,0.057108291074061714,nr95.png,7.0,0.03499120724769099,nr88.png,7.0,0.05347712805779189,nr8.png,5.0,0.08054579781543962,nr96.png,1.0,0.05149649368528108,nr102.png,6.0,0.05974913690407613,nr21.png,2.0,0.0561179738878063,nr85.png,6.0,0.0,nr44.png,16
2068,14.0,165.0,18.0,12.0,7175.0,4.0,0.0,nr29.png,4.0,0.0,nr100.png,5.0,0.08054579781543962,nr74.png,4.0,0.03036972704516577,nr113.png,5.0,0.0,nr11.png,5.0,0.02574824684264054,nr106.png,7.0,0.14392609773578555,nr49.png,7.0,0.08351674937420585,nr46.png,7.0,0.057108291074061714,nr95.png,7.0,0.03499120724769099,nr88.png,7.0,0.05347712805779189,nr8.png,5.0,0.08054579781543962,nr96.png,1.0,0.05149649368528108,nr102.png,6.0,0.05974913690407613,nr21.png,2.0,0.0561179738878063,nr85.png,6.0,0.0,nr44.png,16
2069,14.0,165.0,19.0,6.0,3332.0,4.0,0.0,nr29.png,4.0,0.0,nr100.png,5.0,0.08054579781543962,nr74.png,4.0,0.03036972704516577,nr113.png,5.0,0.0,nr11.png,5.0,0.02574824684264054,nr106.png,7.0,0.14392609773578555,nr49.png,7.0,0.08351674937420585,nr46.png,7.0,0.057108291074061714,nr95.png,7.0,0.03499120724769099,nr88.png,7.0,0.05347712805779189,nr8.png,5.0,0.08054579781543962,nr96.png,1.0,0.05149649368528108,nr102.png,6.0,0.05974913690407613,nr21.png,2.0,0.0561179738878063,nr85.png,6.0,0.0,nr44.png,16
2070,14.0,165.0,20.0,7.0,3444.0,4.0,0.0,nr29.png,4.0,0.0,nr100.png,5.0,0.08054579781543962,nr74.png,4.0,0.03036972704516577,nr113.png,5.0,0.0,nr11.png,5.0,0.02574824684264054,nr106.png,7.0,0.14392609773578555,nr49.png,7.0,0.08351674937420585,nr46.png,7.0,0.057108291074061714,nr95.png,7.0,0.03499120724769099,nr88.png,7.0,0.05347712805779189,nr8.png,5.0,0.08054579781543962,nr96.png,1.0,0.05149649368528108,nr102.png,6.0,0.05974913690407613,nr21.png,2.0,0.0561179738878063,nr85.png,6.0,0.0,nr44.png,16
2071,14.0,165.0,21.0,2.0,6006.0,4.0,0.0,nr29.png,4.0,0.0,nr100.png,5.0,0.08054579781543962,nr74.png,4.0,0.03036972704516577,nr113.png,5.0,0.0,nr11.png,5.0,0.02574824684264054,nr106.png,7.0,0.14392609773578555,nr49.png,7.0,0.08351674937420585,nr46.png,7.0,0.057108291074061714,nr95.png,7.0,0.03499120724769099,nr88.png,7.0,0.05347712805779189,nr8.png,5.0,0.08054579781543962,nr96.png,1.0,0.05149649368528108,nr102.png,6.0,0.05974913690407613,nr21.png,2.0,0.0561179738878063,nr85.png,6.0,0.0,nr44.png,16
2072,14.0,165.0,22.0,13.0,5571.0,4.0,0.0,nr29.png,4.0,0.0,nr100.png,5.0,0.08054579781543962,nr74.png,4.0,0.03036972704516577,nr113.png,5.0,0.0,nr11.png,5.0,0.02574824684264054,nr106.png,7.0,0.14392609773578555,nr49.png,7.0,0.08351674937420585,nr46.png,7.0,0.057108291074061714,nr95.png,7.0,0.03499120724769099,nr88.png,7.0,0.05347712805779189,nr8.png,5.0,0.08054579781543962,nr96.png,1.0,0.05149649368528108,nr102.png,6.0,0.05974913690407613,nr21.png,2.0,0.0561179738878063,nr85.png,6.0,0.0,nr44.png,16
2073,14.0,165.0,23.0,6.0,3782.0,4.0,0.0,nr29.png,4.0,0.0,nr100.png,5.0,0.08054579781543962,nr74.png,4.0,0.03036972704516577,nr113.png,5.0,0.0,nr11.png,5.0,0.02574824684264054,nr106.png,7.0,0.14392609773578555,nr49.png,7.0,0.08351674937420585,nr46.png,7.0,0.057108291074061714,nr95.png,7.0,0.03499120724769099,nr88.png,7.0,0.05347712805779189,nr8.png,5.0,0.08054579781543962,nr96.png,1.0,0.05149649368528108,nr102.png,6.0,0.05974913690407613,nr21.png,2.0,0.0561179738878063,nr85.png,6.0,0.0,nr44.png,16
2074,14.0,165.0,24.0,7.0,2506.0,4.0,0.0,nr29.png,4.0,0.0,nr100.png,5.0,0.08054579781543962,nr74.png,4.0,0.03036972704516577,nr113.png,5.0,0.0,nr11.png,5.0,0.02574824684264054,nr106.png,7.0,0.14392609773578555,nr49.png,7.0,0.08351674937420585,nr46.png,7.0,0.057108291074061714,nr95.png,7.0,0.03499120724769099,nr88.png,7.0,0.05347712805779189,nr8.png,5.0,0.08054579781543962,nr96.png,1.0,0.05149649368528108,nr102.png,6.0,0.05974913690407613,nr21.png,2.0,0.0561179738878063,nr85.png,6.0,0.0,nr44.png,16
2075,14.0,165.0,25.0,7.0,5144.0,4.0,0.0,nr29.png,4.0,0.0,nr100.png,5.0,0.08054579781543962,nr74.png,4.0,0.03036972704516577,nr113.png,5.0,0.0,nr11.png,5.0,0.02574824684264054,nr106.png,7.0,0.14392609773578555,nr49.png,7.0,0.08351674937420585,nr46.png,7.0,0.057108291074061714,nr95.png,7.0,0.03499120724769099,nr88.png,7.0,0.05347712805779189,nr8.png,5.0,0.08054579781543962,nr96.png,1.0,0.05149649368528108,nr102.png,6.0,0.05974913690407613,nr21.png,2.0,0.0561179738878063,nr85.png,6.0,0.0,nr44.png,16
2076,14.0,165.0,26.0,11.0,5172.0,4.0,0.0,nr29.png,4.0,0.0,nr100.png,5.0,0.08054579781543962,nr74.png,4.0,0.03036972704516577,nr113.png,5.0,0.0,nr11.png,5.0,0.02574824684264054,nr106.png,7.0,0.14392609773578555,nr49.png,7.0,0.08351674937420585,nr46.png,7.0,0.057108291074061714,nr95.png,7.0,0.03499120724769099,nr88.png,7.0,0.05347712805779189,nr8.png,5.0,0.08054579781543962,nr96.png,1.0,0.05149649368528108,nr102.png,6.0,0.05974913690407613,nr21.png,2.0,0.0561179738878063,nr85.png,6.0,0.0,nr44.png,16
2077,14.0,165.0,27.0,9.0,5116.0,4.0,0.0,nr29.png,4.0,0.0,nr100.png,5.0,0.08054579781543962,nr74.png,4.0,0.03036972704516577,nr113.png,5.0,0.0,nr11.png,5.0,0.02574824684264054,nr106.png,7.0,0.14392609773578555,nr49.png,7.0,0.08351674937420585,nr46.png,7.0,0.057108291074061714,nr95.png,7.0,0.03499120724769099,nr88.png,7.0,0.05347712805779189,nr8.png,5.0,0.08054579781543962,nr96.png,1.0,0.05149649368528108,nr102.png,6.0,0.05974913690407613,nr21.png,2.0,0.0561179738878063,nr85.png,6.0,0.0,nr44.png,16
2078,14.0,165.0,28.0,6.0,3852.0,4.0,0.0,nr29.png,4.0,0.0,nr100.png,5.0,0.08054579781543962,nr74.png,4.0,0.03036972704516577,nr113.png,5.0,0.0,nr11.png,5.0,0.02574824684264054,nr106.png,7.0,0.14392609773578555,nr49.png,7.0,0.08351674937420585,nr46.png,7.0,0.057108291074061714,nr95.png,7.0,0.03499120724769099,nr88.png,7.0,0.05347712805779189,nr8.png,5.0,0.08054579781543962,nr96.png,1.0,0.05149649368528108,nr102.png,6.0,0.05974913690407613,nr21.png,2.0,0.0561179738878063,nr85.png,6.0,0.0,nr44.png,16
2079,14.0,165.0,29.0,5.0,8672.0,4.0,0.0,nr29.png,4.0,0.0,nr100.png,5.0,0.08054579781543962,nr74.png,4.0,0.03036972704516577,nr113.png,5.0,0.0,nr11.png,5.0,0.02574824684264054,nr106.png,7.0,0.14392609773578555,nr49.png,7.0,0.08351674937420585,nr46.png,7.0,0.057108291074061714,nr95.png,7.0,0.03499120724769099,nr88.png,7.0,0.05347712805779189,nr8.png,5.0,0.08054579781543962,nr96.png,1.0,0.05149649368528108,nr102.png,6.0,0.05974913690407613,nr21.png,2.0,0.0561179738878063,nr85.png,6.0,0.0,nr44.png,16
2080,14.0,165.0,30.0,4.0,4297.0,4.0,0.0,nr29.png,4.0,0.0,nr100.png,5.0,0.08054579781543962,nr74.png,4.0,0.03036972704516577,nr113.png,5.0,0.0,nr11.png,5.0,0.02574824684264054,nr106.png,7.0,0.14392609773578555,nr49.png,7.0,0.08351674937420585,nr46.png,7.0,0.057108291074061714,nr95.png,7.0,0.03499120724769099,nr88.png,7.0,0.05347712805779189,nr8.png,5.0,0.08054579781543962,nr96.png,1.0,0.05149649368528108,nr102.png,6.0,0.05974913690407613,nr21.png,2.0,0.0561179738878063,nr85.png,6.0,0.0,nr44.png,16
2081,14.0,165.0,31.0,8.0,4290.0,4.0,0.0,nr29.png,4.0,0.0,nr100.png,5.0,0.08054579781543962,nr74.png,4.0,0.03036972704516577,nr113.png,5.0,0.0,nr11.png,5.0,0.02574824684264054,nr106.png,7.0,0.14392609773578555,nr49.png,7.0,0.08351674937420585,nr46.png,7.0,0.057108291074061714,nr95.png,7.0,0.03499120724769099,nr88.png,7.0,0.05347712805779189,nr8.png,5.0,0.08054579781543962,nr96.png,1.0,0.05149649368528108,nr102.png,6.0,0.05974913690407613,nr21.png,2.0,0.0561179738878063,nr85.png,6.0,0.0,nr44.png,16
2082,14.0,165.0,32.0,6.0,4670.0,4.0,0.0,nr29.png,4.0,0.0,nr100.png,5.0,0.08054579781543962,nr74.png,4.0,0.03036972704516577,nr113.png,5.0,0.0,nr11.png,5.0,0.02574824684264054,nr106.png,7.0,0.14392609773578555,nr49.png,7.0,0.08351674937420585,nr46.png,7.0,0.057108291074061714,nr95.png,7.0,0.03499120724769099,nr88.png,7.0,0.05347712805779189,nr8.png,5.0,0.08054579781543962,nr96.png,1.0,0.05149649368528108,nr102.png,6.0,0.05974913690407613,nr21.png,2.0,0.0561179738878063,nr85.png,6.0,0.0,nr44.png,16
2083,14.0,165.0,33.0,7.0,4157.0,4.0,0.0,nr29.png,4.0,0.0,nr100.png,5.0,0.08054579781543962,nr74.png,4.0,0.03036972704516577,nr113.png,5.0,0.0,nr11.png,5.0,0.02574824684264054,nr106.png,7.0,0.14392609773578555,nr49.png,7.0,0.08351674937420585,nr46.png,7.0,0.057108291074061714,nr95.png,7.0,0.03499120724769099,nr88.png,7.0,0.05347712805779189,nr8.png,5.0,0.08054579781543962,nr96.png,1.0,0.05149649368528108,nr102.png,6.0,0.05974913690407613,nr21.png,2.0,0.0561179738878063,nr85.png,6.0,0.0,nr44.png,16
2084,14.0,165.0,34.0,13.0,4987.0,4.0,0.0,nr29.png,4.0,0.0,nr100.png,5.0,0.08054579781543962,nr74.png,4.0,0.03036972704516577,nr113.png,5.0,0.0,nr11.png,5.0,0.02574824684264054,nr106.png,7.0,0.14392609773578555,nr49.png,7.0,0.08351674937420585,nr46.png,7.0,0.057108291074061714,nr95.png,7.0,0.03499120724769099,nr88.png,7.0,0.05347712805779189,nr8.png,5.0,0.08054579781543962,nr96.png,1.0,0.05149649368528108,nr102.png,6.0,0.05974913690407613,nr21.png,2.0,0.0561179738878063,nr85.png,6.0,0.0,nr44.png,16
2085,14.0,165.0,35.0,8.0,5976.0,4.0,0.0,nr29.png,4.0,0.0,nr100.png,5.0,0.08054579781543962,nr74.png,4.0,0.03036972704516577,nr113.png,5.0,0.0,nr11.png,5.0,0.02574824684264054,nr106.png,7.0,0.14392609773578555,nr49.png,7.0,0.08351674937420585,nr46.png,7.0,0.057108291074061714,nr95.png,7.0,0.03499120724769099,nr88.png,7.0,0.05347712805779189,nr8.png,5.0,0.08054579781543962,nr96.png,1.0,0.05149649368528108,nr102.png,6.0,0.05974913690407613,nr21.png,2.0,0.0561179738878063,nr85.png,6.0,0.0,nr44.png,16
2086,14.0,165.0,36.0,7.0,4427.0,4.0,0.0,nr29.png,4.0,0.0,nr100.png,5.0,0.08054579781543962,nr74.png,4.0,0.03036972704516577,nr113.png,5.0,0.0,nr11.png,5.0,0.02574824684264054,nr106.png,7.0,0.14392609773578555,nr49.png,7.0,0.08351674937420585,nr46.png,7.0,0.057108291074061714,nr95.png,7.0,0.03499120724769099,nr88.png,7.0,0.05347712805779189,nr8.png,5.0,0.08054579781543962,nr96.png,1.0,0.05149649368528108,nr102.png,6.0,0.05974913690407613,nr21.png,2.0,0.0561179738878063,nr85.png,6.0,0.0,nr44.png,16
2087,14.0,165.0,37.0,6.0,4288.0,4.0,0.0,nr29.png,4.0,0.0,nr100.png,5.0,0.08054579781543962,nr74.png,4.0,0.03036972704516577,nr113.png,5.0,0.0,nr11.png,5.0,0.02574824684264054,nr106.png,7.0,0.14392609773578555,nr49.png,7.0,0.08351674937420585,nr46.png,7.0,0.057108291074061714,nr95.png,7.0,0.03499120724769099,nr88.png,7.0,0.05347712805779189,nr8.png,5.0,0.08054579781543962,nr96.png,1.0,0.05149649368528108,nr102.png,6.0,0.05974913690407613,nr21.png,2.0,0.0561179738878063,nr85.png,6.0,0.0,nr44.png,16
2088,14.0,165.0,38.0,7.0,4034.0,4.0,0.0,nr29.png,4.0,0.0,nr100.png,5.0,0.08054579781543962,nr74.png,4.0,0.03036972704516577,nr113.png,5.0,0.0,nr11.png,5.0,0.02574824684264054,nr106.png,7.0,0.14392609773578555,nr49.png,7.0,0.08351674937420585,nr46.png,7.0,0.057108291074061714,nr95.png,7.0,0.03499120724769099,nr88.png,7.0,0.05347712805779189,nr8.png,5.0,0.08054579781543962,nr96.png,1.0,0.05149649368528108,nr102.png,6.0,0.05974913690407613,nr21.png,2.0,0.0561179738878063,nr85.png,6.0,0.0,nr44.png,16
2089,14.0,165.0,39.0,6.0,2618.0,4.0,0.0,nr29.png,4.0,0.0,nr100.png,5.0,0.08054579781543962,nr74.png,4.0,0.03036972704516577,nr113.png,5.0,0.0,nr11.png,5.0,0.02574824684264054,nr106.png,7.0,0.14392609773578555,nr49.png,7.0,0.08351674937420585,nr46.png,7.0,0.057108291074061714,nr95.png,7.0,0.03499120724769099,nr88.png,7.0,0.05347712805779189,nr8.png,5.0,0.08054579781543962,nr96.png,1.0,0.05149649368528108,nr102.png,6.0,0.05974913690407613,nr21.png,2.0,0.0561179738878063,nr85.png,6.0,0.0,nr44.png,16
2090,14.0,165.0,40.0,6.0,3798.0,4.0,0.0,nr29.png,4.0,0.0,nr100.png,5.0,0.08054579781543962,nr74.png,4.0,0.03036972704516577,nr113.png,5.0,0.0,nr11.png,5.0,0.02574824684264054,nr106.png,7.0,0.14392609773578555,nr49.png,7.0,0.08351674937420585,nr46.png,7.0,0.057108291074061714,nr95.png,7.0,0.03499120724769099,nr88.png,7.0,0.05347712805779189,nr8.png,5.0,0.08054579781543962,nr96.png,1.0,0.05149649368528108,nr102.png,6.0,0.05974913690407613,nr21.png,2.0,0.0561179738878063,nr85.png,6.0,0.0,nr44.png,16
2091,14.0,165.0,41.0,6.0,4432.0,4.0,0.0,nr29.png,4.0,0.0,nr100.png,5.0,0.08054579781543962,nr74.png,4.0,0.03036972704516577,nr113.png,5.0,0.0,nr11.png,5.0,0.02574824684264054,nr106.png,7.0,0.14392609773578555,nr49.png,7.0,0.08351674937420585,nr46.png,7.0,0.057108291074061714,nr95.png,7.0,0.03499120724769099,nr88.png,7.0,0.05347712805779189,nr8.png,5.0,0.08054579781543962,nr96.png,1.0,0.05149649368528108,nr102.png,6.0,0.05974913690407613,nr21.png,2.0,0.0561179738878063,nr85.png,6.0,0.0,nr44.png,16
2092,14.0,165.0,42.0,2.0,4470.0,4.0,0.0,nr29.png,4.0,0.0,nr100.png,5.0,0.08054579781543962,nr74.png,4.0,0.03036972704516577,nr113.png,5.0,0.0,nr11.png,5.0,0.02574824684264054,nr106.png,7.0,0.14392609773578555,nr49.png,7.0,0.08351674937420585,nr46.png,7.0,0.057108291074061714,nr95.png,7.0,0.03499120724769099,nr88.png,7.0,0.05347712805779189,nr8.png,5.0,0.08054579781543962,nr96.png,1.0,0.05149649368528108,nr102.png,6.0,0.05974913690407613,nr21.png,2.0,0.0561179738878063,nr85.png,6.0,0.0,nr44.png,16
2093,14.0,165.0,43.0,6.0,3677.0,4.0,0.0,nr29.png,4.0,0.0,nr100.png,5.0,0.08054579781543962,nr74.png,4.0,0.03036972704516577,nr113.png,5.0,0.0,nr11.png,5.0,0.02574824684264054,nr106.png,7.0,0.14392609773578555,nr49.png,7.0,0.08351674937420585,nr46.png,7.0,0.057108291074061714,nr95.png,7.0,0.03499120724769099,nr88.png,7.0,0.05347712805779189,nr8.png,5.0,0.08054579781543962,nr96.png,1.0,0.05149649368528108,nr102.png,6.0,0.05974913690407613,nr21.png,2.0,0.0561179738878063,nr85.png,6.0,0.0,nr44.png,16
2094,14.0,165.0,44.0,6.0,4127.0,4.0,0.0,nr29.png,4.0,0.0,nr100.png,5.0,0.08054579781543962,nr74.png,4.0,0.03036972704516577,nr113.png,5.0,0.0,nr11.png,5.0,0.02574824684264054,nr106.png,7.0,0.14392609773578555,nr49.png,7.0,0.08351674937420585,nr46.png,7.0,0.057108291074061714,nr95.png,7.0,0.03499120724769099,nr88.png,7.0,0.05347712805779189,nr8.png,5.0,0.08054579781543962,nr96.png,1.0,0.05149649368528108,nr102.png,6.0,0.05974913690407613,nr21.png,2.0,0.0561179738878063,nr85.png,6.0,0.0,nr44.png,16
2095,14.0,165.0,45.0,8.0,6157.0,4.0,0.0,nr29.png,4.0,0.0,nr100.png,5.0,0.08054579781543962,nr74.png,4.0,0.03036972704516577,nr113.png,5.0,0.0,nr11.png,5.0,0.02574824684264054,nr106.png,7.0,0.14392609773578555,nr49.png,7.0,0.08351674937420585,nr46.png,7.0,0.057108291074061714,nr95.png,7.0,0.03499120724769099,nr88.png,7.0,0.05347712805779189,nr8.png,5.0,0.08054579781543962,nr96.png,1.0,0.05149649368528108,nr102.png,6.0,0.05974913690407613,nr21.png,2.0,0.0561179738878063,nr85.png,6.0,0.0,nr44.png,16
2096,14.0,165.0,46.0,6.0,4093.0,4.0,0.0,nr29.png,4.0,0.0,nr100.png,5.0,0.08054579781543962,nr74.png,4.0,0.03036972704516577,nr113.png,5.0,0.0,nr11.png,5.0,0.02574824684264054,nr106.png,7.0,0.14392609773578555,nr49.png,7.0,0.08351674937420585,nr46.png,7.0,0.057108291074061714,nr95.png,7.0,0.03499120724769099,nr88.png,7.0,0.05347712805779189,nr8.png,5.0,0.08054579781543962,nr96.png,1.0,0.05149649368528108,nr102.png,6.0,0.05974913690407613,nr21.png,2.0,0.0561179738878063,nr85.png,6.0,0.0,nr44.png,16
2097,14.0,165.0,47.0,6.0,4318.0,4.0,0.0,nr29.png,4.0,0.0,nr100.png,5.0,0.08054579781543962,nr74.png,4.0,0.03036972704516577,nr113.png,5.0,0.0,nr11.png,5.0,0.02574824684264054,nr106.png,7.0,0.14392609773578555,nr49.png,7.0,0.08351674937420585,nr46.png,7.0,0.057108291074061714,nr95.png,7.0,0.03499120724769099,nr88.png,7.0,0.05347712805779189,nr8.png,5.0,0.08054579781543962,nr96.png,1.0,0.05149649368528108,nr102.png,6.0,0.05974913690407613,nr21.png,2.0,0.0561179738878063,nr85.png,6.0,0.0,nr44.png,16
2098,14.0,165.0,48.0,9.0,4205.0,4.0,0.0,nr29.png,4.0,0.0,nr100.png,5.0,0.08054579781543962,nr74.png,4.0,0.03036972704516577,nr113.png,5.0,0.0,nr11.png,5.0,0.02574824684264054,nr106.png,7.0,0.14392609773578555,nr49.png,7.0,0.08351674937420585,nr46.png,7.0,0.057108291074061714,nr95.png,7.0,0.03499120724769099,nr88.png,7.0,0.05347712805779189,nr8.png,5.0,0.08054579781543962,nr96.png,1.0,0.05149649368528108,nr102.png,6.0,0.05974913690407613,nr21.png,2.0,0.0561179738878063,nr85.png,6.0,0.0,nr44.png,16
2099,14.0,165.0,49.0,9.0,3207.0,4.0,0.0,nr29.png,4.0,0.0,nr100.png,5.0,0.08054579781543962,nr74.png,4.0,0.03036972704516577,nr113.png,5.0,0.0,nr11.png,5.0,0.02574824684264054,nr106.png,7.0,0.14392609773578555,nr49.png,7.0,0.08351674937420585,nr46.png,7.0,0.057108291074061714,nr95.png,7.0,0.03499120724769099,nr88.png,7.0,0.05347712805779189,nr8.png,5.0,0.08054579781543962,nr96.png,1.0,0.05149649368528108,nr102.png,6.0,0.05974913690407613,nr21.png,2.0,0.0561179738878063,nr85.png,6.0,0.0,nr44.png,16
2100,14.0,170.0,0.0,14.0,4077.0,7.0,0.13289495633773407,nr57.png,1.0,0.06928711398804939,nr120.png,5.0,0.0,nr96.png,7.0,0.0,nr49.png,7.0,0.034643556994024695,nr98.png,1.0,0.1700941855690229,nr101.png,7.0,0.045434173106917636,nr8.png,3.0,0.0,nr93.png,5.0,0.0,nr11.png,4.0,0.0,nr29.png,3.0,0.0,nr19.png,7.0,0.0,nr51.png,7.0,0.0863249289031435,nr10.png,1.0,0.0,nr56.png,5.0,0.06985504115188586,nr106.png,7.0,0.0,nr58.png,16
2101,14.0,170.0,1.0,0.0,5149.0,7.0,0.13289495633773407,nr57.png,1.0,0.06928711398804939,nr120.png,5.0,0.0,nr96.png,7.0,0.0,nr49.png,7.0,0.034643556994024695,nr98.png,1.0,0.1700941855690229,nr101.png,7.0,0.045434173106917636,nr8.png,3.0,0.0,nr93.png,5.0,0.0,nr11.png,4.0,0.0,nr29.png,3.0,0.0,nr19.png,7.0,0.0,nr51.png,7.0,0.0863249289031435,nr10.png,1.0,0.0,nr56.png,5.0,0.06985504115188586,nr106.png,7.0,0.0,nr58.png,16
2102,14.0,170.0,2.0,0.0,4551.0,7.0,0.13289495633773407,nr57.png,1.0,0.06928711398804939,nr120.png,5.0,0.0,nr96.png,7.0,0.0,nr49.png,7.0,0.034643556994024695,nr98.png,1.0,0.1700941855690229,nr101.png,7.0,0.045434173106917636,nr8.png,3.0,0.0,nr93.png,5.0,0.0,nr11.png,4.0,0.0,nr29.png,3.0,0.0,nr19.png,7.0,0.0,nr51.png,7.0,0.0863249289031435,nr10.png,1.0,0.0,nr56.png,5.0,0.06985504115188586,nr106.png,7.0,0.0,nr58.png,16
2103,14.0,170.0,3.0,2.0,4913.0,7.0,0.13289495633773407,nr57.png,1.0,0.06928711398804939,nr120.png,5.0,0.0,nr96.png,7.0,0.0,nr49.png,7.0,0.034643556994024695,nr98.png,1.0,0.1700941855690229,nr101.png,7.0,0.045434173106917636,nr8.png,3.0,0.0,nr93.png,5.0,0.0,nr11.png,4.0,0.0,nr29.png,3.0,0.0,nr19.png,7.0,0.0,nr51.png,7.0,0.0863249289031435,nr10.png,1.0,0.0,nr56.png,5.0,0.06985504115188586,nr106.png,7.0,0.0,nr58.png,16
2104,14.0,170.0,4.0,12.0,3683.0,7.0,0.13289495633773407,nr57.png,1.0,0.06928711398804939,nr120.png,5.0,0.0,nr96.png,7.0,0.0,nr49.png,7.0,0.034643556994024695,nr98.png,1.0,0.1700941855690229,nr101.png,7.0,0.045434173106917636,nr8.png,3.0,0.0,nr93.png,5.0,0.0,nr11.png,4.0,0.0,nr29.png,3.0,0.0,nr19.png,7.0,0.0,nr51.png,7.0,0.0863249289031435,nr10.png,1.0,0.0,nr56.png,5.0,0.06985504115188586,nr106.png,7.0,0.0,nr58.png,16
2105,14.0,170.0,5.0,6.0,3800.0,7.0,0.13289495633773407,nr57.png,1.0,0.06928711398804939,nr120.png,5.0,0.0,nr96.png,7.0,0.0,nr49.png,7.0,0.034643556994024695,nr98.png,1.0,0.1700941855690229,nr101.png,7.0,0.045434173106917636,nr8.png,3.0,0.0,nr93.png,5.0,0.0,nr11.png,4.0,0.0,nr29.png,3.0,0.0,nr19.png,7.0,0.0,nr51.png,7.0,0.0863249289031435,nr10.png,1.0,0.0,nr56.png,5.0,0.06985504115188586,nr106.png,7.0,0.0,nr58.png,16
2106,14.0,170.0,6.0,0.0,6484.0,7.0,0.13289495633773407,nr57.png,1.0,0.06928711398804939,nr120.png,5.0,0.0,nr96.png,7.0,0.0,nr49.png,7.0,0.034643556994024695,nr98.png,1.0,0.1700941855690229,nr101.png,7.0,0.045434173106917636,nr8.png,3.0,0.0,nr93.png,5.0,0.0,nr11.png,4.0,0.0,nr29.png,3.0,0.0,nr19.png,7.0,0.0,nr51.png,7.0,0.0863249289031435,nr10.png,1.0,0.0,nr56.png,5.0,0.06985504115188586,nr106.png,7.0,0.0,nr58.png,16
2107,14.0,170.0,7.0,0.0,2288.0,7.0,0.13289495633773407,nr57.png,1.0,0.06928711398804939,nr120.png,5.0,0.0,nr96.png,7.0,0.0,nr49.png,7.0,0.034643556994024695,nr98.png,1.0,0.1700941855690229,nr101.png,7.0,0.045434173106917636,nr8.png,3.0,0.0,nr93.png,5.0,0.0,nr11.png,4.0,0.0,nr29.png,3.0,0.0,nr19.png,7.0,0.0,nr51.png,7.0,0.0863249289031435,nr10.png,1.0,0.0,nr56.png,5.0,0.06985504115188586,nr106.png,7.0,0.0,nr58.png,16
2108,14.0,170.0,8.0,12.0,4719.0,7.0,0.13289495633773407,nr57.png,1.0,0.06928711398804939,nr120.png,5.0,0.0,nr96.png,7.0,0.0,nr49.png,7.0,0.034643556994024695,nr98.png,1.0,0.1700941855690229,nr101.png,7.0,0.045434173106917636,nr8.png,3.0,0.0,nr93.png,5.0,0.0,nr11.png,4.0,0.0,nr29.png,3.0,0.0,nr19.png,7.0,0.0,nr51.png,7.0,0.0863249289031435,nr10.png,1.0,0.0,nr56.png,5.0,0.06985504115188586,nr106.png,7.0,0.0,nr58.png,16
2109,14.0,170.0,9.0,0.0,5100.0,7.0,0.13289495633773407,nr57.png,1.0,0.06928711398804939,nr120.png,5.0,0.0,nr96.png,7.0,0.0,nr49.png,7.0,0.034643556994024695,nr98.png,1.0,0.1700941855690229,nr101.png,7.0,0.045434173106917636,nr8.png,3.0,0.0,nr93.png,5.0,0.0,nr11.png,4.0,0.0,nr29.png,3.0,0.0,nr19.png,7.0,0.0,nr51.png,7.0,0.0863249289031435,nr10.png,1.0,0.0,nr56.png,5.0,0.06985504115188586,nr106.png,7.0,0.0,nr58.png,16
2110,14.0,170.0,10.0,0.0,3172.0,7.0,0.13289495633773407,nr57.png,1.0,0.06928711398804939,nr120.png,5.0,0.0,nr96.png,7.0,0.0,nr49.png,7.0,0.034643556994024695,nr98.png,1.0,0.1700941855690229,nr101.png,7.0,0.045434173106917636,nr8.png,3.0,0.0,nr93.png,5.0,0.0,nr11.png,4.0,0.0,nr29.png,3.0,0.0,nr19.png,7.0,0.0,nr51.png,7.0,0.0863249289031435,nr10.png,1.0,0.0,nr56.png,5.0,0.06985504115188586,nr106.png,7.0,0.0,nr58.png,16
2111,14.0,170.0,11.0,0.0,4675.0,7.0,0.13289495633773407,nr57.png,1.0,0.06928711398804939,nr120.png,5.0,0.0,nr96.png,7.0,0.0,nr49.png,7.0,0.034643556994024695,nr98.png,1.0,0.1700941855690229,nr101.png,7.0,0.045434173106917636,nr8.png,3.0,0.0,nr93.png,5.0,0.0,nr11.png,4.0,0.0,nr29.png,3.0,0.0,nr19.png,7.0,0.0,nr51.png,7.0,0.0863249289031435,nr10.png,1.0,0.0,nr56.png,5.0,0.06985504115188586,nr106.png,7.0,0.0,nr58.png,16
2112,14.0,170.0,12.0,0.0,4361.0,7.0,0.13289495633773407,nr57.png,1.0,0.06928711398804939,nr120.png,5.0,0.0,nr96.png,7.0,0.0,nr49.png,7.0,0.034643556994024695,nr98.png,1.0,0.1700941855690229,nr101.png,7.0,0.045434173106917636,nr8.png,3.0,0.0,nr93.png,5.0,0.0,nr11.png,4.0,0.0,nr29.png,3.0,0.0,nr19.png,7.0,0.0,nr51.png,7.0,0.0863249289031435,nr10.png,1.0,0.0,nr56.png,5.0,0.06985504115188586,nr106.png,7.0,0.0,nr58.png,16
2113,14.0,170.0,13.0,15.0,4334.0,7.0,0.13289495633773407,nr57.png,1.0,0.06928711398804939,nr120.png,5.0,0.0,nr96.png,7.0,0.0,nr49.png,7.0,0.034643556994024695,nr98.png,1.0,0.1700941855690229,nr101.png,7.0,0.045434173106917636,nr8.png,3.0,0.0,nr93.png,5.0,0.0,nr11.png,4.0,0.0,nr29.png,3.0,0.0,nr19.png,7.0,0.0,nr51.png,7.0,0.0863249289031435,nr10.png,1.0,0.0,nr56.png,5.0,0.06985504115188586,nr106.png,7.0,0.0,nr58.png,16
2114,14.0,170.0,14.0,11.0,4595.0,7.0,0.13289495633773407,nr57.png,1.0,0.06928711398804939,nr120.png,5.0,0.0,nr96.png,7.0,0.0,nr49.png,7.0,0.034643556994024695,nr98.png,1.0,0.1700941855690229,nr101.png,7.0,0.045434173106917636,nr8.png,3.0,0.0,nr93.png,5.0,0.0,nr11.png,4.0,0.0,nr29.png,3.0,0.0,nr19.png,7.0,0.0,nr51.png,7.0,0.0863249289031435,nr10.png,1.0,0.0,nr56.png,5.0,0.06985504115188586,nr106.png,7.0,0.0,nr58.png,16
2115,14.0,170.0,15.0,15.0,6312.0,7.0,0.13289495633773407,nr57.png,1.0,0.06928711398804939,nr120.png,5.0,0.0,nr96.png,7.0,0.0,nr49.png,7.0,0.034643556994024695,nr98.png,1.0,0.1700941855690229,nr101.png,7.0,0.045434173106917636,nr8.png,3.0,0.0,nr93.png,5.0,0.0,nr11.png,4.0,0.0,nr29.png,3.0,0.0,nr19.png,7.0,0.0,nr51.png,7.0,0.0863249289031435,nr10.png,1.0,0.0,nr56.png,5.0,0.06985504115188586,nr106.png,7.0,0.0,nr58.png,16
2116,14.0,170.0,16.0,0.0,4265.0,7.0,0.13289495633773407,nr57.png,1.0,0.06928711398804939,nr120.png,5.0,0.0,nr96.png,7.0,0.0,nr49.png,7.0,0.034643556994024695,nr98.png,1.0,0.1700941855690229,nr101.png,7.0,0.045434173106917636,nr8.png,3.0,0.0,nr93.png,5.0,0.0,nr11.png,4.0,0.0,nr29.png,3.0,0.0,nr19.png,7.0,0.0,nr51.png,7.0,0.0863249289031435,nr10.png,1.0,0.0,nr56.png,5.0,0.06985504115188586,nr106.png,7.0,0.0,nr58.png,16
2117,14.0,170.0,17.0,0.0,4906.0,7.0,0.13289495633773407,nr57.png,1.0,0.06928711398804939,nr120.png,5.0,0.0,nr96.png,7.0,0.0,nr49.png,7.0,0.034643556994024695,nr98.png,1.0,0.1700941855690229,nr101.png,7.0,0.045434173106917636,nr8.png,3.0,0.0,nr93.png,5.0,0.0,nr11.png,4.0,0.0,nr29.png,3.0,0.0,nr19.png,7.0,0.0,nr51.png,7.0,0.0863249289031435,nr10.png,1.0,0.0,nr56.png,5.0,0.06985504115188586,nr106.png,7.0,0.0,nr58.png,16
2118,14.0,170.0,18.0,0.0,4659.0,7.0,0.13289495633773407,nr57.png,1.0,0.06928711398804939,nr120.png,5.0,0.0,nr96.png,7.0,0.0,nr49.png,7.0,0.034643556994024695,nr98.png,1.0,0.1700941855690229,nr101.png,7.0,0.045434173106917636,nr8.png,3.0,0.0,nr93.png,5.0,0.0,nr11.png,4.0,0.0,nr29.png,3.0,0.0,nr19.png,7.0,0.0,nr51.png,7.0,0.0863249289031435,nr10.png,1.0,0.0,nr56.png,5.0,0.06985504115188586,nr106.png,7.0,0.0,nr58.png,16
2119,14.0,170.0,19.0,12.0,6453.0,7.0,0.13289495633773407,nr57.png,1.0,0.06928711398804939,nr120.png,5.0,0.0,nr96.png,7.0,0.0,nr49.png,7.0,0.034643556994024695,nr98.png,1.0,0.1700941855690229,nr101.png,7.0,0.045434173106917636,nr8.png,3.0,0.0,nr93.png,5.0,0.0,nr11.png,4.0,0.0,nr29.png,3.0,0.0,nr19.png,7.0,0.0,nr51.png,7.0,0.0863249289031435,nr10.png,1.0,0.0,nr56.png,5.0,0.06985504115188586,nr106.png,7.0,0.0,nr58.png,16
2120,14.0,170.0,20.0,10.0,5538.0,7.0,0.13289495633773407,nr57.png,1.0,0.06928711398804939,nr120.png,5.0,0.0,nr96.png,7.0,0.0,nr49.png,7.0,0.034643556994024695,nr98.png,1.0,0.1700941855690229,nr101.png,7.0,0.045434173106917636,nr8.png,3.0,0.0,nr93.png,5.0,0.0,nr11.png,4.0,0.0,nr29.png,3.0,0.0,nr19.png,7.0,0.0,nr51.png,7.0,0.0863249289031435,nr10.png,1.0,0.0,nr56.png,5.0,0.06985504115188586,nr106.png,7.0,0.0,nr58.png,16
2121,14.0,170.0,21.0,4.0,4472.0,7.0,0.13289495633773407,nr57.png,1.0,0.06928711398804939,nr120.png,5.0,0.0,nr96.png,7.0,0.0,nr49.png,7.0,0.034643556994024695,nr98.png,1.0,0.1700941855690229,nr101.png,7.0,0.045434173106917636,nr8.png,3.0,0.0,nr93.png,5.0,0.0,nr11.png,4.0,0.0,nr29.png,3.0,0.0,nr19.png,7.0,0.0,nr51.png,7.0,0.0863249289031435,nr10.png,1.0,0.0,nr56.png,5.0,0.06985504115188586,nr106.png,7.0,0.0,nr58.png,16
2122,14.0,170.0,22.0,11.0,5675.0,7.0,0.13289495633773407,nr57.png,1.0,0.06928711398804939,nr120.png,5.0,0.0,nr96.png,7.0,0.0,nr49.png,7.0,0.034643556994024695,nr98.png,1.0,0.1700941855690229,nr101.png,7.0,0.045434173106917636,nr8.png,3.0,0.0,nr93.png,5.0,0.0,nr11.png,4.0,0.0,nr29.png,3.0,0.0,nr19.png,7.0,0.0,nr51.png,7.0,0.0863249289031435,nr10.png,1.0,0.0,nr56.png,5.0,0.06985504115188586,nr106.png,7.0,0.0,nr58.png,16
2123,14.0,170.0,23.0,12.0,3963.0,7.0,0.13289495633773407,nr57.png,1.0,0.06928711398804939,nr120.png,5.0,0.0,nr96.png,7.0,0.0,nr49.png,7.0,0.034643556994024695,nr98.png,1.0,0.1700941855690229,nr101.png,7.0,0.045434173106917636,nr8.png,3.0,0.0,nr93.png,5.0,0.0,nr11.png,4.0,0.0,nr29.png,3.0,0.0,nr19.png,7.0,0.0,nr51.png,7.0,0.0863249289031435,nr10.png,1.0,0.0,nr56.png,5.0,0.06985504115188586,nr106.png,7.0,0.0,nr58.png,16
2124,14.0,170.0,24.0,0.0,4299.0,7.0,0.13289495633773407,nr57.png,1.0,0.06928711398804939,nr120.png,5.0,0.0,nr96.png,7.0,0.0,nr49.png,7.0,0.034643556994024695,nr98.png,1.0,0.1700941855690229,nr101.png,7.0,0.045434173106917636,nr8.png,3.0,0.0,nr93.png,5.0,0.0,nr11.png,4.0,0.0,nr29.png,3.0,0.0,nr19.png,7.0,0.0,nr51.png,7.0,0.0863249289031435,nr10.png,1.0,0.0,nr56.png,5.0,0.06985504115188586,nr106.png,7.0,0.0,nr58.png,16
2125,14.0,170.0,25.0,6.0,5486.0,7.0,0.13289495633773407,nr57.png,1.0,0.06928711398804939,nr120.png,5.0,0.0,nr96.png,7.0,0.0,nr49.png,7.0,0.034643556994024695,nr98.png,1.0,0.1700941855690229,nr101.png,7.0,0.045434173106917636,nr8.png,3.0,0.0,nr93.png,5.0,0.0,nr11.png,4.0,0.0,nr29.png,3.0,0.0,nr19.png,7.0,0.0,nr51.png,7.0,0.0863249289031435,nr10.png,1.0,0.0,nr56.png,5.0,0.06985504115188586,nr106.png,7.0,0.0,nr58.png,16
2126,14.0,170.0,26.0,6.0,3811.0,7.0,0.13289495633773407,nr57.png,1.0,0.06928711398804939,nr120.png,5.0,0.0,nr96.png,7.0,0.0,nr49.png,7.0,0.034643556994024695,nr98.png,1.0,0.1700941855690229,nr101.png,7.0,0.045434173106917636,nr8.png,3.0,0.0,nr93.png,5.0,0.0,nr11.png,4.0,0.0,nr29.png,3.0,0.0,nr19.png,7.0,0.0,nr51.png,7.0,0.0863249289031435,nr10.png,1.0,0.0,nr56.png,5.0,0.06985504115188586,nr106.png,7.0,0.0,nr58.png,16
2127,14.0,170.0,27.0,0.0,5037.0,7.0,0.13289495633773407,nr57.png,1.0,0.06928711398804939,nr120.png,5.0,0.0,nr96.png,7.0,0.0,nr49.png,7.0,0.034643556994024695,nr98.png,1.0,0.1700941855690229,nr101.png,7.0,0.045434173106917636,nr8.png,3.0,0.0,nr93.png,5.0,0.0,nr11.png,4.0,0.0,nr29.png,3.0,0.0,nr19.png,7.0,0.0,nr51.png,7.0,0.0863249289031435,nr10.png,1.0,0.0,nr56.png,5.0,0.06985504115188586,nr106.png,7.0,0.0,nr58.png,16
2128,14.0,170.0,28.0,5.0,4287.0,7.0,0.13289495633773407,nr57.png,1.0,0.06928711398804939,nr120.png,5.0,0.0,nr96.png,7.0,0.0,nr49.png,7.0,0.034643556994024695,nr98.png,1.0,0.1700941855690229,nr101.png,7.0,0.045434173106917636,nr8.png,3.0,0.0,nr93.png,5.0,0.0,nr11.png,4.0,0.0,nr29.png,3.0,0.0,nr19.png,7.0,0.0,nr51.png,7.0,0.0863249289031435,nr10.png,1.0,0.0,nr56.png,5.0,0.06985504115188586,nr106.png,7.0,0.0,nr58.png,16
2129,14.0,170.0,29.0,7.0,3443.0,7.0,0.13289495633773407,nr57.png,1.0,0.06928711398804939,nr120.png,5.0,0.0,nr96.png,7.0,0.0,nr49.png,7.0,0.034643556994024695,nr98.png,1.0,0.1700941855690229,nr101.png,7.0,0.045434173106917636,nr8.png,3.0,0.0,nr93.png,5.0,0.0,nr11.png,4.0,0.0,nr29.png,3.0,0.0,nr19.png,7.0,0.0,nr51.png,7.0,0.0863249289031435,nr10.png,1.0,0.0,nr56.png,5.0,0.06985504115188586,nr106.png,7.0,0.0,nr58.png,16
2130,14.0,170.0,30.0,6.0,5039.0,7.0,0.13289495633773407,nr57.png,1.0,0.06928711398804939,nr120.png,5.0,0.0,nr96.png,7.0,0.0,nr49.png,7.0,0.034643556994024695,nr98.png,1.0,0.1700941855690229,nr101.png,7.0,0.045434173106917636,nr8.png,3.0,0.0,nr93.png,5.0,0.0,nr11.png,4.0,0.0,nr29.png,3.0,0.0,nr19.png,7.0,0.0,nr51.png,7.0,0.0863249289031435,nr10.png,1.0,0.0,nr56.png,5.0,0.06985504115188586,nr106.png,7.0,0.0,nr58.png,16
2131,14.0,170.0,31.0,0.0,4561.0,7.0,0.13289495633773407,nr57.png,1.0,0.06928711398804939,nr120.png,5.0,0.0,nr96.png,7.0,0.0,nr49.png,7.0,0.034643556994024695,nr98.png,1.0,0.1700941855690229,nr101.png,7.0,0.045434173106917636,nr8.png,3.0,0.0,nr93.png,5.0,0.0,nr11.png,4.0,0.0,nr29.png,3.0,0.0,nr19.png,7.0,0.0,nr51.png,7.0,0.0863249289031435,nr10.png,1.0,0.0,nr56.png,5.0,0.06985504115188586,nr106.png,7.0,0.0,nr58.png,16
2132,14.0,170.0,32.0,11.0,3121.0,7.0,0.13289495633773407,nr57.png,1.0,0.06928711398804939,nr120.png,5.0,0.0,nr96.png,7.0,0.0,nr49.png,7.0,0.034643556994024695,nr98.png,1.0,0.1700941855690229,nr101.png,7.0,0.045434173106917636,nr8.png,3.0,0.0,nr93.png,5.0,0.0,nr11.png,4.0,0.0,nr29.png,3.0,0.0,nr19.png,7.0,0.0,nr51.png,7.0,0.0863249289031435,nr10.png,1.0,0.0,nr56.png,5.0,0.06985504115188586,nr106.png,7.0,0.0,nr58.png,16
2133,14.0,170.0,33.0,12.0,4638.0,7.0,0.13289495633773407,nr57.png,1.0,0.06928711398804939,nr120.png,5.0,0.0,nr96.png,7.0,0.0,nr49.png,7.0,0.034643556994024695,nr98.png,1.0,0.1700941855690229,nr101.png,7.0,0.045434173106917636,nr8.png,3.0,0.0,nr93.png,5.0,0.0,nr11.png,4.0,0.0,nr29.png,3.0,0.0,nr19.png,7.0,0.0,nr51.png,7.0,0.0863249289031435,nr10.png,1.0,0.0,nr56.png,5.0,0.06985504115188586,nr106.png,7.0,0.0,nr58.png,16
2134,14.0,170.0,34.0,12.0,5147.0,7.0,0.13289495633773407,nr57.png,1.0,0.06928711398804939,nr120.png,5.0,0.0,nr96.png,7.0,0.0,nr49.png,7.0,0.034643556994024695,nr98.png,1.0,0.1700941855690229,nr101.png,7.0,0.045434173106917636,nr8.png,3.0,0.0,nr93.png,5.0,0.0,nr11.png,4.0,0.0,nr29.png,3.0,0.0,nr19.png,7.0,0.0,nr51.png,7.0,0.0863249289031435,nr10.png,1.0,0.0,nr56.png,5.0,0.06985504115188586,nr106.png,7.0,0.0,nr58.png,16
2135,14.0,170.0,35.0,6.0,4765.0,7.0,0.13289495633773407,nr57.png,1.0,0.06928711398804939,nr120.png,5.0,0.0,nr96.png,7.0,0.0,nr49.png,7.0,0.034643556994024695,nr98.png,1.0,0.1700941855690229,nr101.png,7.0,0.045434173106917636,nr8.png,3.0,0.0,nr93.png,5.0,0.0,nr11.png,4.0,0.0,nr29.png,3.0,0.0,nr19.png,7.0,0.0,nr51.png,7.0,0.0863249289031435,nr10.png,1.0,0.0,nr56.png,5.0,0.06985504115188586,nr106.png,7.0,0.0,nr58.png,16
2136,14.0,170.0,36.0,4.0,5220.0,7.0,0.13289495633773407,nr57.png,1.0,0.06928711398804939,nr120.png,5.0,0.0,nr96.png,7.0,0.0,nr49.png,7.0,0.034643556994024695,nr98.png,1.0,0.1700941855690229,nr101.png,7.0,0.045434173106917636,nr8.png,3.0,0.0,nr93.png,5.0,0.0,nr11.png,4.0,0.0,nr29.png,3.0,0.0,nr19.png,7.0,0.0,nr51.png,7.0,0.0863249289031435,nr10.png,1.0,0.0,nr56.png,5.0,0.06985504115188586,nr106.png,7.0,0.0,nr58.png,16
2137,14.0,170.0,37.0,0.0,2687.0,7.0,0.13289495633773407,nr57.png,1.0,0.06928711398804939,nr120.png,5.0,0.0,nr96.png,7.0,0.0,nr49.png,7.0,0.034643556994024695,nr98.png,1.0,0.1700941855690229,nr101.png,7.0,0.045434173106917636,nr8.png,3.0,0.0,nr93.png,5.0,0.0,nr11.png,4.0,0.0,nr29.png,3.0,0.0,nr19.png,7.0,0.0,nr51.png,7.0,0.0863249289031435,nr10.png,1.0,0.0,nr56.png,5.0,0.06985504115188586,nr106.png,7.0,0.0,nr58.png,16
2138,14.0,170.0,38.0,3.0,4086.0,7.0,0.13289495633773407,nr57.png,1.0,0.06928711398804939,nr120.png,5.0,0.0,nr96.png,7.0,0.0,nr49.png,7.0,0.034643556994024695,nr98.png,1.0,0.1700941855690229,nr101.png,7.0,0.045434173106917636,nr8.png,3.0,0.0,nr93.png,5.0,0.0,nr11.png,4.0,0.0,nr29.png,3.0,0.0,nr19.png,7.0,0.0,nr51.png,7.0,0.0863249289031435,nr10.png,1.0,0.0,nr56.png,5.0,0.06985504115188586,nr106.png,7.0,0.0,nr58.png,16
2139,14.0,170.0,39.0,0.0,5893.0,7.0,0.13289495633773407,nr57.png,1.0,0.06928711398804939,nr120.png,5.0,0.0,nr96.png,7.0,0.0,nr49.png,7.0,0.034643556994024695,nr98.png,1.0,0.1700941855690229,nr101.png,7.0,0.045434173106917636,nr8.png,3.0,0.0,nr93.png,5.0,0.0,nr11.png,4.0,0.0,nr29.png,3.0,0.0,nr19.png,7.0,0.0,nr51.png,7.0,0.0863249289031435,nr10.png,1.0,0.0,nr56.png,5.0,0.06985504115188586,nr106.png,7.0,0.0,nr58.png,16
2140,14.0,170.0,40.0,15.0,4214.0,7.0,0.13289495633773407,nr57.png,1.0,0.06928711398804939,nr120.png,5.0,0.0,nr96.png,7.0,0.0,nr49.png,7.0,0.034643556994024695,nr98.png,1.0,0.1700941855690229,nr101.png,7.0,0.045434173106917636,nr8.png,3.0,0.0,nr93.png,5.0,0.0,nr11.png,4.0,0.0,nr29.png,3.0,0.0,nr19.png,7.0,0.0,nr51.png,7.0,0.0863249289031435,nr10.png,1.0,0.0,nr56.png,5.0,0.06985504115188586,nr106.png,7.0,0.0,nr58.png,16
2141,14.0,170.0,41.0,11.0,5295.0,7.0,0.13289495633773407,nr57.png,1.0,0.06928711398804939,nr120.png,5.0,0.0,nr96.png,7.0,0.0,nr49.png,7.0,0.034643556994024695,nr98.png,1.0,0.1700941855690229,nr101.png,7.0,0.045434173106917636,nr8.png,3.0,0.0,nr93.png,5.0,0.0,nr11.png,4.0,0.0,nr29.png,3.0,0.0,nr19.png,7.0,0.0,nr51.png,7.0,0.0863249289031435,nr10.png,1.0,0.0,nr56.png,5.0,0.06985504115188586,nr106.png,7.0,0.0,nr58.png,16
2142,14.0,170.0,42.0,0.0,4925.0,7.0,0.13289495633773407,nr57.png,1.0,0.06928711398804939,nr120.png,5.0,0.0,nr96.png,7.0,0.0,nr49.png,7.0,0.034643556994024695,nr98.png,1.0,0.1700941855690229,nr101.png,7.0,0.045434173106917636,nr8.png,3.0,0.0,nr93.png,5.0,0.0,nr11.png,4.0,0.0,nr29.png,3.0,0.0,nr19.png,7.0,0.0,nr51.png,7.0,0.0863249289031435,nr10.png,1.0,0.0,nr56.png,5.0,0.06985504115188586,nr106.png,7.0,0.0,nr58.png,16
2143,14.0,170.0,43.0,11.0,4994.0,7.0,0.13289495633773407,nr57.png,1.0,0.06928711398804939,nr120.png,5.0,0.0,nr96.png,7.0,0.0,nr49.png,7.0,0.034643556994024695,nr98.png,1.0,0.1700941855690229,nr101.png,7.0,0.045434173106917636,nr8.png,3.0,0.0,nr93.png,5.0,0.0,nr11.png,4.0,0.0,nr29.png,3.0,0.0,nr19.png,7.0,0.0,nr51.png,7.0,0.0863249289031435,nr10.png,1.0,0.0,nr56.png,5.0,0.06985504115188586,nr106.png,7.0,0.0,nr58.png,16
2144,14.0,170.0,44.0,0.0,4642.0,7.0,0.13289495633773407,nr57.png,1.0,0.06928711398804939,nr120.png,5.0,0.0,nr96.png,7.0,0.0,nr49.png,7.0,0.034643556994024695,nr98.png,1.0,0.1700941855690229,nr101.png,7.0,0.045434173106917636,nr8.png,3.0,0.0,nr93.png,5.0,0.0,nr11.png,4.0,0.0,nr29.png,3.0,0.0,nr19.png,7.0,0.0,nr51.png,7.0,0.0863249289031435,nr10.png,1.0,0.0,nr56.png,5.0,0.06985504115188586,nr106.png,7.0,0.0,nr58.png,16
2145,14.0,170.0,45.0,1.0,4260.0,7.0,0.13289495633773407,nr57.png,1.0,0.06928711398804939,nr120.png,5.0,0.0,nr96.png,7.0,0.0,nr49.png,7.0,0.034643556994024695,nr98.png,1.0,0.1700941855690229,nr101.png,7.0,0.045434173106917636,nr8.png,3.0,0.0,nr93.png,5.0,0.0,nr11.png,4.0,0.0,nr29.png,3.0,0.0,nr19.png,7.0,0.0,nr51.png,7.0,0.0863249289031435,nr10.png,1.0,0.0,nr56.png,5.0,0.06985504115188586,nr106.png,7.0,0.0,nr58.png,16
2146,14.0,170.0,46.0,6.0,4148.0,7.0,0.13289495633773407,nr57.png,1.0,0.06928711398804939,nr120.png,5.0,0.0,nr96.png,7.0,0.0,nr49.png,7.0,0.034643556994024695,nr98.png,1.0,0.1700941855690229,nr101.png,7.0,0.045434173106917636,nr8.png,3.0,0.0,nr93.png,5.0,0.0,nr11.png,4.0,0.0,nr29.png,3.0,0.0,nr19.png,7.0,0.0,nr51.png,7.0,0.0863249289031435,nr10.png,1.0,0.0,nr56.png,5.0,0.06985504115188586,nr106.png,7.0,0.0,nr58.png,16
2147,14.0,170.0,47.0,15.0,5643.0,7.0,0.13289495633773407,nr57.png,1.0,0.06928711398804939,nr120.png,5.0,0.0,nr96.png,7.0,0.0,nr49.png,7.0,0.034643556994024695,nr98.png,1.0,0.1700941855690229,nr101.png,7.0,0.045434173106917636,nr8.png,3.0,0.0,nr93.png,5.0,0.0,nr11.png,4.0,0.0,nr29.png,3.0,0.0,nr19.png,7.0,0.0,nr51.png,7.0,0.0863249289031435,nr10.png,1.0,0.0,nr56.png,5.0,0.06985504115188586,nr106.png,7.0,0.0,nr58.png,16
2148,14.0,170.0,48.0,0.0,3677.0,7.0,0.13289495633773407,nr57.png,1.0,0.06928711398804939,nr120.png,5.0,0.0,nr96.png,7.0,0.0,nr49.png,7.0,0.034643556994024695,nr98.png,1.0,0.1700941855690229,nr101.png,7.0,0.045434173106917636,nr8.png,3.0,0.0,nr93.png,5.0,0.0,nr11.png,4.0,0.0,nr29.png,3.0,0.0,nr19.png,7.0,0.0,nr51.png,7.0,0.0863249289031435,nr10.png,1.0,0.0,nr56.png,5.0,0.06985504115188586,nr106.png,7.0,0.0,nr58.png,16
2149,14.0,170.0,49.0,0.0,4315.0,7.0,0.13289495633773407,nr57.png,1.0,0.06928711398804939,nr120.png,5.0,0.0,nr96.png,7.0,0.0,nr49.png,7.0,0.034643556994024695,nr98.png,1.0,0.1700941855690229,nr101.png,7.0,0.045434173106917636,nr8.png,3.0,0.0,nr93.png,5.0,0.0,nr11.png,4.0,0.0,nr29.png,3.0,0.0,nr19.png,7.0,0.0,nr51.png,7.0,0.0863249289031435,nr10.png,1.0,0.0,nr56.png,5.0,0.06985504115188586,nr106.png,7.0,0.0,nr58.png,16
2150,14.0,173.0,0.0,10.0,3818.0,7.0,0.0,nr63.png,7.0,0.0,nr91.png,7.0,0.0,nr75.png,7.0,0.0,nr30.png,7.0,0.0,nr28.png,3.0,0.10413250477846288,nr19.png,7.0,0.0,nr79.png,7.0,0.0,nr39.png,5.0,0.0,nr94.png,4.0,0.0,nr111.png,7.0,0.5251413413021409,nr58.png,1.0,0.09853398301617997,nr92.png,6.0,0.0,nr53.png,2.0,0.0,nr4.png,7.0,0.0,nr54.png,5.0,0.0,nr74.png,16
2151,14.0,173.0,1.0,10.0,5231.0,7.0,0.0,nr63.png,7.0,0.0,nr91.png,7.0,0.0,nr75.png,7.0,0.0,nr30.png,7.0,0.0,nr28.png,3.0,0.10413250477846288,nr19.png,7.0,0.0,nr79.png,7.0,0.0,nr39.png,5.0,0.0,nr94.png,4.0,0.0,nr111.png,7.0,0.5251413413021409,nr58.png,1.0,0.09853398301617997,nr92.png,6.0,0.0,nr53.png,2.0,0.0,nr4.png,7.0,0.0,nr54.png,5.0,0.0,nr74.png,16
2152,14.0,173.0,2.0,10.0,3768.0,7.0,0.0,nr63.png,7.0,0.0,nr91.png,7.0,0.0,nr75.png,7.0,0.0,nr30.png,7.0,0.0,nr28.png,3.0,0.10413250477846288,nr19.png,7.0,0.0,nr79.png,7.0,0.0,nr39.png,5.0,0.0,nr94.png,4.0,0.0,nr111.png,7.0,0.5251413413021409,nr58.png,1.0,0.09853398301617997,nr92.png,6.0,0.0,nr53.png,2.0,0.0,nr4.png,7.0,0.0,nr54.png,5.0,0.0,nr74.png,16
2153,14.0,173.0,3.0,10.0,2510.0,7.0,0.0,nr63.png,7.0,0.0,nr91.png,7.0,0.0,nr75.png,7.0,0.0,nr30.png,7.0,0.0,nr28.png,3.0,0.10413250477846288,nr19.png,7.0,0.0,nr79.png,7.0,0.0,nr39.png,5.0,0.0,nr94.png,4.0,0.0,nr111.png,7.0,0.5251413413021409,nr58.png,1.0,0.09853398301617997,nr92.png,6.0,0.0,nr53.png,2.0,0.0,nr4.png,7.0,0.0,nr54.png,5.0,0.0,nr74.png,16
2154,14.0,173.0,4.0,10.0,3358.0,7.0,0.0,nr63.png,7.0,0.0,nr91.png,7.0,0.0,nr75.png,7.0,0.0,nr30.png,7.0,0.0,nr28.png,3.0,0.10413250477846288,nr19.png,7.0,0.0,nr79.png,7.0,0.0,nr39.png,5.0,0.0,nr94.png,4.0,0.0,nr111.png,7.0,0.5251413413021409,nr58.png,1.0,0.09853398301617997,nr92.png,6.0,0.0,nr53.png,2.0,0.0,nr4.png,7.0,0.0,nr54.png,5.0,0.0,nr74.png,16
2155,14.0,173.0,5.0,10.0,4328.0,7.0,0.0,nr63.png,7.0,0.0,nr91.png,7.0,0.0,nr75.png,7.0,0.0,nr30.png,7.0,0.0,nr28.png,3.0,0.10413250477846288,nr19.png,7.0,0.0,nr79.png,7.0,0.0,nr39.png,5.0,0.0,nr94.png,4.0,0.0,nr111.png,7.0,0.5251413413021409,nr58.png,1.0,0.09853398301617997,nr92.png,6.0,0.0,nr53.png,2.0,0.0,nr4.png,7.0,0.0,nr54.png,5.0,0.0,nr74.png,16
2156,14.0,173.0,6.0,10.0,3076.0,7.0,0.0,nr63.png,7.0,0.0,nr91.png,7.0,0.0,nr75.png,7.0,0.0,nr30.png,7.0,0.0,nr28.png,3.0,0.10413250477846288,nr19.png,7.0,0.0,nr79.png,7.0,0.0,nr39.png,5.0,0.0,nr94.png,4.0,0.0,nr111.png,7.0,0.5251413413021409,nr58.png,1.0,0.09853398301617997,nr92.png,6.0,0.0,nr53.png,2.0,0.0,nr4.png,7.0,0.0,nr54.png,5.0,0.0,nr74.png,16
2157,14.0,173.0,7.0,10.0,4452.0,7.0,0.0,nr63.png,7.0,0.0,nr91.png,7.0,0.0,nr75.png,7.0,0.0,nr30.png,7.0,0.0,nr28.png,3.0,0.10413250477846288,nr19.png,7.0,0.0,nr79.png,7.0,0.0,nr39.png,5.0,0.0,nr94.png,4.0,0.0,nr111.png,7.0,0.5251413413021409,nr58.png,1.0,0.09853398301617997,nr92.png,6.0,0.0,nr53.png,2.0,0.0,nr4.png,7.0,0.0,nr54.png,5.0,0.0,nr74.png,16
2158,14.0,173.0,8.0,10.0,4002.0,7.0,0.0,nr63.png,7.0,0.0,nr91.png,7.0,0.0,nr75.png,7.0,0.0,nr30.png,7.0,0.0,nr28.png,3.0,0.10413250477846288,nr19.png,7.0,0.0,nr79.png,7.0,0.0,nr39.png,5.0,0.0,nr94.png,4.0,0.0,nr111.png,7.0,0.5251413413021409,nr58.png,1.0,0.09853398301617997,nr92.png,6.0,0.0,nr53.png,2.0,0.0,nr4.png,7.0,0.0,nr54.png,5.0,0.0,nr74.png,16
2159,14.0,173.0,9.0,10.0,3388.0,7.0,0.0,nr63.png,7.0,0.0,nr91.png,7.0,0.0,nr75.png,7.0,0.0,nr30.png,7.0,0.0,nr28.png,3.0,0.10413250477846288,nr19.png,7.0,0.0,nr79.png,7.0,0.0,nr39.png,5.0,0.0,nr94.png,4.0,0.0,nr111.png,7.0,0.5251413413021409,nr58.png,1.0,0.09853398301617997,nr92.png,6.0,0.0,nr53.png,2.0,0.0,nr4.png,7.0,0.0,nr54.png,5.0,0.0,nr74.png,16
2160,14.0,173.0,10.0,10.0,5125.0,7.0,0.0,nr63.png,7.0,0.0,nr91.png,7.0,0.0,nr75.png,7.0,0.0,nr30.png,7.0,0.0,nr28.png,3.0,0.10413250477846288,nr19.png,7.0,0.0,nr79.png,7.0,0.0,nr39.png,5.0,0.0,nr94.png,4.0,0.0,nr111.png,7.0,0.5251413413021409,nr58.png,1.0,0.09853398301617997,nr92.png,6.0,0.0,nr53.png,2.0,0.0,nr4.png,7.0,0.0,nr54.png,5.0,0.0,nr74.png,16
2161,14.0,173.0,11.0,10.0,4426.0,7.0,0.0,nr63.png,7.0,0.0,nr91.png,7.0,0.0,nr75.png,7.0,0.0,nr30.png,7.0,0.0,nr28.png,3.0,0.10413250477846288,nr19.png,7.0,0.0,nr79.png,7.0,0.0,nr39.png,5.0,0.0,nr94.png,4.0,0.0,nr111.png,7.0,0.5251413413021409,nr58.png,1.0,0.09853398301617997,nr92.png,6.0,0.0,nr53.png,2.0,0.0,nr4.png,7.0,0.0,nr54.png,5.0,0.0,nr74.png,16
2162,14.0,173.0,12.0,10.0,5267.0,7.0,0.0,nr63.png,7.0,0.0,nr91.png,7.0,0.0,nr75.png,7.0,0.0,nr30.png,7.0,0.0,nr28.png,3.0,0.10413250477846288,nr19.png,7.0,0.0,nr79.png,7.0,0.0,nr39.png,5.0,0.0,nr94.png,4.0,0.0,nr111.png,7.0,0.5251413413021409,nr58.png,1.0,0.09853398301617997,nr92.png,6.0,0.0,nr53.png,2.0,0.0,nr4.png,7.0,0.0,nr54.png,5.0,0.0,nr74.png,16
2163,14.0,173.0,13.0,10.0,2565.0,7.0,0.0,nr63.png,7.0,0.0,nr91.png,7.0,0.0,nr75.png,7.0,0.0,nr30.png,7.0,0.0,nr28.png,3.0,0.10413250477846288,nr19.png,7.0,0.0,nr79.png,7.0,0.0,nr39.png,5.0,0.0,nr94.png,4.0,0.0,nr111.png,7.0,0.5251413413021409,nr58.png,1.0,0.09853398301617997,nr92.png,6.0,0.0,nr53.png,2.0,0.0,nr4.png,7.0,0.0,nr54.png,5.0,0.0,nr74.png,16
2164,14.0,173.0,14.0,10.0,3747.0,7.0,0.0,nr63.png,7.0,0.0,nr91.png,7.0,0.0,nr75.png,7.0,0.0,nr30.png,7.0,0.0,nr28.png,3.0,0.10413250477846288,nr19.png,7.0,0.0,nr79.png,7.0,0.0,nr39.png,5.0,0.0,nr94.png,4.0,0.0,nr111.png,7.0,0.5251413413021409,nr58.png,1.0,0.09853398301617997,nr92.png,6.0,0.0,nr53.png,2.0,0.0,nr4.png,7.0,0.0,nr54.png,5.0,0.0,nr74.png,16
2165,14.0,173.0,15.0,10.0,3457.0,7.0,0.0,nr63.png,7.0,0.0,nr91.png,7.0,0.0,nr75.png,7.0,0.0,nr30.png,7.0,0.0,nr28.png,3.0,0.10413250477846288,nr19.png,7.0,0.0,nr79.png,7.0,0.0,nr39.png,5.0,0.0,nr94.png,4.0,0.0,nr111.png,7.0,0.5251413413021409,nr58.png,1.0,0.09853398301617997,nr92.png,6.0,0.0,nr53.png,2.0,0.0,nr4.png,7.0,0.0,nr54.png,5.0,0.0,nr74.png,16
2166,14.0,173.0,16.0,10.0,3647.0,7.0,0.0,nr63.png,7.0,0.0,nr91.png,7.0,0.0,nr75.png,7.0,0.0,nr30.png,7.0,0.0,nr28.png,3.0,0.10413250477846288,nr19.png,7.0,0.0,nr79.png,7.0,0.0,nr39.png,5.0,0.0,nr94.png,4.0,0.0,nr111.png,7.0,0.5251413413021409,nr58.png,1.0,0.09853398301617997,nr92.png,6.0,0.0,nr53.png,2.0,0.0,nr4.png,7.0,0.0,nr54.png,5.0,0.0,nr74.png,16
2167,14.0,173.0,17.0,10.0,4672.0,7.0,0.0,nr63.png,7.0,0.0,nr91.png,7.0,0.0,nr75.png,7.0,0.0,nr30.png,7.0,0.0,nr28.png,3.0,0.10413250477846288,nr19.png,7.0,0.0,nr79.png,7.0,0.0,nr39.png,5.0,0.0,nr94.png,4.0,0.0,nr111.png,7.0,0.5251413413021409,nr58.png,1.0,0.09853398301617997,nr92.png,6.0,0.0,nr53.png,2.0,0.0,nr4.png,7.0,0.0,nr54.png,5.0,0.0,nr74.png,16
2168,14.0,173.0,18.0,10.0,3565.0,7.0,0.0,nr63.png,7.0,0.0,nr91.png,7.0,0.0,nr75.png,7.0,0.0,nr30.png,7.0,0.0,nr28.png,3.0,0.10413250477846288,nr19.png,7.0,0.0,nr79.png,7.0,0.0,nr39.png,5.0,0.0,nr94.png,4.0,0.0,nr111.png,7.0,0.5251413413021409,nr58.png,1.0,0.09853398301617997,nr92.png,6.0,0.0,nr53.png,2.0,0.0,nr4.png,7.0,0.0,nr54.png,5.0,0.0,nr74.png,16
2169,14.0,173.0,19.0,4.0,4276.0,7.0,0.0,nr63.png,7.0,0.0,nr91.png,7.0,0.0,nr75.png,7.0,0.0,nr30.png,7.0,0.0,nr28.png,3.0,0.10413250477846288,nr19.png,7.0,0.0,nr79.png,7.0,0.0,nr39.png,5.0,0.0,nr94.png,4.0,0.0,nr111.png,7.0,0.5251413413021409,nr58.png,1.0,0.09853398301617997,nr92.png,6.0,0.0,nr53.png,2.0,0.0,nr4.png,7.0,0.0,nr54.png,5.0,0.0,nr74.png,16
2170,14.0,173.0,20.0,10.0,3761.0,7.0,0.0,nr63.png,7.0,0.0,nr91.png,7.0,0.0,nr75.png,7.0,0.0,nr30.png,7.0,0.0,nr28.png,3.0,0.10413250477846288,nr19.png,7.0,0.0,nr79.png,7.0,0.0,nr39.png,5.0,0.0,nr94.png,4.0,0.0,nr111.png,7.0,0.5251413413021409,nr58.png,1.0,0.09853398301617997,nr92.png,6.0,0.0,nr53.png,2.0,0.0,nr4.png,7.0,0.0,nr54.png,5.0,0.0,nr74.png,16
2171,14.0,173.0,21.0,10.0,4928.0,7.0,0.0,nr63.png,7.0,0.0,nr91.png,7.0,0.0,nr75.png,7.0,0.0,nr30.png,7.0,0.0,nr28.png,3.0,0.10413250477846288,nr19.png,7.0,0.0,nr79.png,7.0,0.0,nr39.png,5.0,0.0,nr94.png,4.0,0.0,nr111.png,7.0,0.5251413413021409,nr58.png,1.0,0.09853398301617997,nr92.png,6.0,0.0,nr53.png,2.0,0.0,nr4.png,7.0,0.0,nr54.png,5.0,0.0,nr74.png,16
2172,14.0,173.0,22.0,10.0,2940.0,7.0,0.0,nr63.png,7.0,0.0,nr91.png,7.0,0.0,nr75.png,7.0,0.0,nr30.png,7.0,0.0,nr28.png,3.0,0.10413250477846288,nr19.png,7.0,0.0,nr79.png,7.0,0.0,nr39.png,5.0,0.0,nr94.png,4.0,0.0,nr111.png,7.0,0.5251413413021409,nr58.png,1.0,0.09853398301617997,nr92.png,6.0,0.0,nr53.png,2.0,0.0,nr4.png,7.0,0.0,nr54.png,5.0,0.0,nr74.png,16
2173,14.0,173.0,23.0,10.0,4999.0,7.0,0.0,nr63.png,7.0,0.0,nr91.png,7.0,0.0,nr75.png,7.0,0.0,nr30.png,7.0,0.0,nr28.png,3.0,0.10413250477846288,nr19.png,7.0,0.0,nr79.png,7.0,0.0,nr39.png,5.0,0.0,nr94.png,4.0,0.0,nr111.png,7.0,0.5251413413021409,nr58.png,1.0,0.09853398301617997,nr92.png,6.0,0.0,nr53.png,2.0,0.0,nr4.png,7.0,0.0,nr54.png,5.0,0.0,nr74.png,16
2174,14.0,173.0,24.0,10.0,4906.0,7.0,0.0,nr63.png,7.0,0.0,nr91.png,7.0,0.0,nr75.png,7.0,0.0,nr30.png,7.0,0.0,nr28.png,3.0,0.10413250477846288,nr19.png,7.0,0.0,nr79.png,7.0,0.0,nr39.png,5.0,0.0,nr94.png,4.0,0.0,nr111.png,7.0,0.5251413413021409,nr58.png,1.0,0.09853398301617997,nr92.png,6.0,0.0,nr53.png,2.0,0.0,nr4.png,7.0,0.0,nr54.png,5.0,0.0,nr74.png,16
2175,14.0,173.0,25.0,4.0,5101.0,7.0,0.0,nr63.png,7.0,0.0,nr91.png,7.0,0.0,nr75.png,7.0,0.0,nr30.png,7.0,0.0,nr28.png,3.0,0.10413250477846288,nr19.png,7.0,0.0,nr79.png,7.0,0.0,nr39.png,5.0,0.0,nr94.png,4.0,0.0,nr111.png,7.0,0.5251413413021409,nr58.png,1.0,0.09853398301617997,nr92.png,6.0,0.0,nr53.png,2.0,0.0,nr4.png,7.0,0.0,nr54.png,5.0,0.0,nr74.png,16
2176,14.0,173.0,26.0,10.0,2778.0,7.0,0.0,nr63.png,7.0,0.0,nr91.png,7.0,0.0,nr75.png,7.0,0.0,nr30.png,7.0,0.0,nr28.png,3.0,0.10413250477846288,nr19.png,7.0,0.0,nr79.png,7.0,0.0,nr39.png,5.0,0.0,nr94.png,4.0,0.0,nr111.png,7.0,0.5251413413021409,nr58.png,1.0,0.09853398301617997,nr92.png,6.0,0.0,nr53.png,2.0,0.0,nr4.png,7.0,0.0,nr54.png,5.0,0.0,nr74.png,16
2177,14.0,173.0,27.0,10.0,3646.0,7.0,0.0,nr63.png,7.0,0.0,nr91.png,7.0,0.0,nr75.png,7.0,0.0,nr30.png,7.0,0.0,nr28.png,3.0,0.10413250477846288,nr19.png,7.0,0.0,nr79.png,7.0,0.0,nr39.png,5.0,0.0,nr94.png,4.0,0.0,nr111.png,7.0,0.5251413413021409,nr58.png,1.0,0.09853398301617997,nr92.png,6.0,0.0,nr53.png,2.0,0.0,nr4.png,7.0,0.0,nr54.png,5.0,0.0,nr74.png,16
2178,14.0,173.0,28.0,10.0,3066.0,7.0,0.0,nr63.png,7.0,0.0,nr91.png,7.0,0.0,nr75.png,7.0,0.0,nr30.png,7.0,0.0,nr28.png,3.0,0.10413250477846288,nr19.png,7.0,0.0,nr79.png,7.0,0.0,nr39.png,5.0,0.0,nr94.png,4.0,0.0,nr111.png,7.0,0.5251413413021409,nr58.png,1.0,0.09853398301617997,nr92.png,6.0,0.0,nr53.png,2.0,0.0,nr4.png,7.0,0.0,nr54.png,5.0,0.0,nr74.png,16
2179,14.0,173.0,29.0,10.0,5105.0,7.0,0.0,nr63.png,7.0,0.0,nr91.png,7.0,0.0,nr75.png,7.0,0.0,nr30.png,7.0,0.0,nr28.png,3.0,0.10413250477846288,nr19.png,7.0,0.0,nr79.png,7.0,0.0,nr39.png,5.0,0.0,nr94.png,4.0,0.0,nr111.png,7.0,0.5251413413021409,nr58.png,1.0,0.09853398301617997,nr92.png,6.0,0.0,nr53.png,2.0,0.0,nr4.png,7.0,0.0,nr54.png,5.0,0.0,nr74.png,16
2180,14.0,173.0,30.0,10.0,2874.0,7.0,0.0,nr63.png,7.0,0.0,nr91.png,7.0,0.0,nr75.png,7.0,0.0,nr30.png,7.0,0.0,nr28.png,3.0,0.10413250477846288,nr19.png,7.0,0.0,nr79.png,7.0,0.0,nr39.png,5.0,0.0,nr94.png,4.0,0.0,nr111.png,7.0,0.5251413413021409,nr58.png,1.0,0.09853398301617997,nr92.png,6.0,0.0,nr53.png,2.0,0.0,nr4.png,7.0,0.0,nr54.png,5.0,0.0,nr74.png,16
2181,14.0,173.0,31.0,10.0,2056.0,7.0,0.0,nr63.png,7.0,0.0,nr91.png,7.0,0.0,nr75.png,7.0,0.0,nr30.png,7.0,0.0,nr28.png,3.0,0.10413250477846288,nr19.png,7.0,0.0,nr79.png,7.0,0.0,nr39.png,5.0,0.0,nr94.png,4.0,0.0,nr111.png,7.0,0.5251413413021409,nr58.png,1.0,0.09853398301617997,nr92.png,6.0,0.0,nr53.png,2.0,0.0,nr4.png,7.0,0.0,nr54.png,5.0,0.0,nr74.png,16
2182,14.0,173.0,32.0,10.0,4694.0,7.0,0.0,nr63.png,7.0,0.0,nr91.png,7.0,0.0,nr75.png,7.0,0.0,nr30.png,7.0,0.0,nr28.png,3.0,0.10413250477846288,nr19.png,7.0,0.0,nr79.png,7.0,0.0,nr39.png,5.0,0.0,nr94.png,4.0,0.0,nr111.png,7.0,0.5251413413021409,nr58.png,1.0,0.09853398301617997,nr92.png,6.0,0.0,nr53.png,2.0,0.0,nr4.png,7.0,0.0,nr54.png,5.0,0.0,nr74.png,16
2183,14.0,173.0,33.0,10.0,3812.0,7.0,0.0,nr63.png,7.0,0.0,nr91.png,7.0,0.0,nr75.png,7.0,0.0,nr30.png,7.0,0.0,nr28.png,3.0,0.10413250477846288,nr19.png,7.0,0.0,nr79.png,7.0,0.0,nr39.png,5.0,0.0,nr94.png,4.0,0.0,nr111.png,7.0,0.5251413413021409,nr58.png,1.0,0.09853398301617997,nr92.png,6.0,0.0,nr53.png,2.0,0.0,nr4.png,7.0,0.0,nr54.png,5.0,0.0,nr74.png,16
2184,14.0,173.0,34.0,10.0,4903.0,7.0,0.0,nr63.png,7.0,0.0,nr91.png,7.0,0.0,nr75.png,7.0,0.0,nr30.png,7.0,0.0,nr28.png,3.0,0.10413250477846288,nr19.png,7.0,0.0,nr79.png,7.0,0.0,nr39.png,5.0,0.0,nr94.png,4.0,0.0,nr111.png,7.0,0.5251413413021409,nr58.png,1.0,0.09853398301617997,nr92.png,6.0,0.0,nr53.png,2.0,0.0,nr4.png,7.0,0.0,nr54.png,5.0,0.0,nr74.png,16
2185,14.0,173.0,35.0,10.0,3398.0,7.0,0.0,nr63.png,7.0,0.0,nr91.png,7.0,0.0,nr75.png,7.0,0.0,nr30.png,7.0,0.0,nr28.png,3.0,0.10413250477846288,nr19.png,7.0,0.0,nr79.png,7.0,0.0,nr39.png,5.0,0.0,nr94.png,4.0,0.0,nr111.png,7.0,0.5251413413021409,nr58.png,1.0,0.09853398301617997,nr92.png,6.0,0.0,nr53.png,2.0,0.0,nr4.png,7.0,0.0,nr54.png,5.0,0.0,nr74.png,16
2186,14.0,173.0,36.0,10.0,3124.0,7.0,0.0,nr63.png,7.0,0.0,nr91.png,7.0,0.0,nr75.png,7.0,0.0,nr30.png,7.0,0.0,nr28.png,3.0,0.10413250477846288,nr19.png,7.0,0.0,nr79.png,7.0,0.0,nr39.png,5.0,0.0,nr94.png,4.0,0.0,nr111.png,7.0,0.5251413413021409,nr58.png,1.0,0.09853398301617997,nr92.png,6.0,0.0,nr53.png,2.0,0.0,nr4.png,7.0,0.0,nr54.png,5.0,0.0,nr74.png,16
2187,14.0,173.0,37.0,10.0,4298.0,7.0,0.0,nr63.png,7.0,0.0,nr91.png,7.0,0.0,nr75.png,7.0,0.0,nr30.png,7.0,0.0,nr28.png,3.0,0.10413250477846288,nr19.png,7.0,0.0,nr79.png,7.0,0.0,nr39.png,5.0,0.0,nr94.png,4.0,0.0,nr111.png,7.0,0.5251413413021409,nr58.png,1.0,0.09853398301617997,nr92.png,6.0,0.0,nr53.png,2.0,0.0,nr4.png,7.0,0.0,nr54.png,5.0,0.0,nr74.png,16
2188,14.0,173.0,38.0,10.0,3585.0,7.0,0.0,nr63.png,7.0,0.0,nr91.png,7.0,0.0,nr75.png,7.0,0.0,nr30.png,7.0,0.0,nr28.png,3.0,0.10413250477846288,nr19.png,7.0,0.0,nr79.png,7.0,0.0,nr39.png,5.0,0.0,nr94.png,4.0,0.0,nr111.png,7.0,0.5251413413021409,nr58.png,1.0,0.09853398301617997,nr92.png,6.0,0.0,nr53.png,2.0,0.0,nr4.png,7.0,0.0,nr54.png,5.0,0.0,nr74.png,16
2189,14.0,173.0,39.0,10.0,2565.0,7.0,0.0,nr63.png,7.0,0.0,nr91.png,7.0,0.0,nr75.png,7.0,0.0,nr30.png,7.0,0.0,nr28.png,3.0,0.10413250477846288,nr19.png,7.0,0.0,nr79.png,7.0,0.0,nr39.png,5.0,0.0,nr94.png,4.0,0.0,nr111.png,7.0,0.5251413413021409,nr58.png,1.0,0.09853398301617997,nr92.png,6.0,0.0,nr53.png,2.0,0.0,nr4.png,7.0,0.0,nr54.png,5.0,0.0,nr74.png,16
2190,14.0,173.0,40.0,10.0,2257.0,7.0,0.0,nr63.png,7.0,0.0,nr91.png,7.0,0.0,nr75.png,7.0,0.0,nr30.png,7.0,0.0,nr28.png,3.0,0.10413250477846288,nr19.png,7.0,0.0,nr79.png,7.0,0.0,nr39.png,5.0,0.0,nr94.png,4.0,0.0,nr111.png,7.0,0.5251413413021409,nr58.png,1.0,0.09853398301617997,nr92.png,6.0,0.0,nr53.png,2.0,0.0,nr4.png,7.0,0.0,nr54.png,5.0,0.0,nr74.png,16
2191,14.0,173.0,41.0,10.0,3320.0,7.0,0.0,nr63.png,7.0,0.0,nr91.png,7.0,0.0,nr75.png,7.0,0.0,nr30.png,7.0,0.0,nr28.png,3.0,0.10413250477846288,nr19.png,7.0,0.0,nr79.png,7.0,0.0,nr39.png,5.0,0.0,nr94.png,4.0,0.0,nr111.png,7.0,0.5251413413021409,nr58.png,1.0,0.09853398301617997,nr92.png,6.0,0.0,nr53.png,2.0,0.0,nr4.png,7.0,0.0,nr54.png,5.0,0.0,nr74.png,16
2192,14.0,173.0,42.0,10.0,3199.0,7.0,0.0,nr63.png,7.0,0.0,nr91.png,7.0,0.0,nr75.png,7.0,0.0,nr30.png,7.0,0.0,nr28.png,3.0,0.10413250477846288,nr19.png,7.0,0.0,nr79.png,7.0,0.0,nr39.png,5.0,0.0,nr94.png,4.0,0.0,nr111.png,7.0,0.5251413413021409,nr58.png,1.0,0.09853398301617997,nr92.png,6.0,0.0,nr53.png,2.0,0.0,nr4.png,7.0,0.0,nr54.png,5.0,0.0,nr74.png,16
2193,14.0,173.0,43.0,10.0,3276.0,7.0,0.0,nr63.png,7.0,0.0,nr91.png,7.0,0.0,nr75.png,7.0,0.0,nr30.png,7.0,0.0,nr28.png,3.0,0.10413250477846288,nr19.png,7.0,0.0,nr79.png,7.0,0.0,nr39.png,5.0,0.0,nr94.png,4.0,0.0,nr111.png,7.0,0.5251413413021409,nr58.png,1.0,0.09853398301617997,nr92.png,6.0,0.0,nr53.png,2.0,0.0,nr4.png,7.0,0.0,nr54.png,5.0,0.0,nr74.png,16
2194,14.0,173.0,44.0,10.0,4306.0,7.0,0.0,nr63.png,7.0,0.0,nr91.png,7.0,0.0,nr75.png,7.0,0.0,nr30.png,7.0,0.0,nr28.png,3.0,0.10413250477846288,nr19.png,7.0,0.0,nr79.png,7.0,0.0,nr39.png,5.0,0.0,nr94.png,4.0,0.0,nr111.png,7.0,0.5251413413021409,nr58.png,1.0,0.09853398301617997,nr92.png,6.0,0.0,nr53.png,2.0,0.0,nr4.png,7.0,0.0,nr54.png,5.0,0.0,nr74.png,16
2195,14.0,173.0,45.0,10.0,5030.0,7.0,0.0,nr63.png,7.0,0.0,nr91.png,7.0,0.0,nr75.png,7.0,0.0,nr30.png,7.0,0.0,nr28.png,3.0,0.10413250477846288,nr19.png,7.0,0.0,nr79.png,7.0,0.0,nr39.png,5.0,0.0,nr94.png,4.0,0.0,nr111.png,7.0,0.5251413413021409,nr58.png,1.0,0.09853398301617997,nr92.png,6.0,0.0,nr53.png,2.0,0.0,nr4.png,7.0,0.0,nr54.png,5.0,0.0,nr74.png,16
2196,14.0,173.0,46.0,10.0,4053.0,7.0,0.0,nr63.png,7.0,0.0,nr91.png,7.0,0.0,nr75.png,7.0,0.0,nr30.png,7.0,0.0,nr28.png,3.0,0.10413250477846288,nr19.png,7.0,0.0,nr79.png,7.0,0.0,nr39.png,5.0,0.0,nr94.png,4.0,0.0,nr111.png,7.0,0.5251413413021409,nr58.png,1.0,0.09853398301617997,nr92.png,6.0,0.0,nr53.png,2.0,0.0,nr4.png,7.0,0.0,nr54.png,5.0,0.0,nr74.png,16
2197,14.0,173.0,47.0,10.0,2983.0,7.0,0.0,nr63.png,7.0,0.0,nr91.png,7.0,0.0,nr75.png,7.0,0.0,nr30.png,7.0,0.0,nr28.png,3.0,0.10413250477846288,nr19.png,7.0,0.0,nr79.png,7.0,0.0,nr39.png,5.0,0.0,nr94.png,4.0,0.0,nr111.png,7.0,0.5251413413021409,nr58.png,1.0,0.09853398301617997,nr92.png,6.0,0.0,nr53.png,2.0,0.0,nr4.png,7.0,0.0,nr54.png,5.0,0.0,nr74.png,16
2198,14.0,173.0,48.0,10.0,4095.0,7.0,0.0,nr63.png,7.0,0.0,nr91.png,7.0,0.0,nr75.png,7.0,0.0,nr30.png,7.0,0.0,nr28.png,3.0,0.10413250477846288,nr19.png,7.0,0.0,nr79.png,7.0,0.0,nr39.png,5.0,0.0,nr94.png,4.0,0.0,nr111.png,7.0,0.5251413413021409,nr58.png,1.0,0.09853398301617997,nr92.png,6.0,0.0,nr53.png,2.0,0.0,nr4.png,7.0,0.0,nr54.png,5.0,0.0,nr74.png,16
2199,14.0,173.0,49.0,10.0,2213.0,7.0,0.0,nr63.png,7.0,0.0,nr91.png,7.0,0.0,nr75.png,7.0,0.0,nr30.png,7.0,0.0,nr28.png,3.0,0.10413250477846288,nr19.png,7.0,0.0,nr79.png,7.0,0.0,nr39.png,5.0,0.0,nr94.png,4.0,0.0,nr111.png,7.0,0.5251413413021409,nr58.png,1.0,0.09853398301617997,nr92.png,6.0,0.0,nr53.png,2.0,0.0,nr4.png,7.0,0.0,nr54.png,5.0,0.0,nr74.png,16
2200,14.0,176.0,0.0,12.0,3626.0,5.0,0.08627811113611941,nr96.png,7.0,0.05301426105954325,nr57.png,5.0,0.047470286046780566,nr106.png,1.0,0.050935270429757235,nr120.png,4.0,0.04331230478720854,nr111.png,3.0,0.05786523919571061,nr69.png,5.0,0.09771255959994246,nr14.png,7.0,0.06462195874251514,nr88.png,5.0,0.067913693906343,nr74.png,5.0,0.059944229825496624,nr15.png,5.0,0.0,nr80.png,1.0,0.0,nr92.png,7.0,0.039847320404231855,nr39.png,6.0,0.02460138911913445,nr21.png,3.0,0.0,nr93.png,6.0,0.0,nr31.png,16
2201,14.0,176.0,1.0,1.0,4662.0,5.0,0.08627811113611941,nr96.png,7.0,0.05301426105954325,nr57.png,5.0,0.047470286046780566,nr106.png,1.0,0.050935270429757235,nr120.png,4.0,0.04331230478720854,nr111.png,3.0,0.05786523919571061,nr69.png,5.0,0.09771255959994246,nr14.png,7.0,0.06462195874251514,nr88.png,5.0,0.067913693906343,nr74.png,5.0,0.059944229825496624,nr15.png,5.0,0.0,nr80.png,1.0,0.0,nr92.png,7.0,0.039847320404231855,nr39.png,6.0,0.02460138911913445,nr21.png,3.0,0.0,nr93.png,6.0,0.0,nr31.png,16
2202,14.0,176.0,2.0,10.0,5638.0,5.0,0.08627811113611941,nr96.png,7.0,0.05301426105954325,nr57.png,5.0,0.047470286046780566,nr106.png,1.0,0.050935270429757235,nr120.png,4.0,0.04331230478720854,nr111.png,3.0,0.05786523919571061,nr69.png,5.0,0.09771255959994246,nr14.png,7.0,0.06462195874251514,nr88.png,5.0,0.067913693906343,nr74.png,5.0,0.059944229825496624,nr15.png,5.0,0.0,nr80.png,1.0,0.0,nr92.png,7.0,0.039847320404231855,nr39.png,6.0,0.02460138911913445,nr21.png,3.0,0.0,nr93.png,6.0,0.0,nr31.png,16
2203,14.0,176.0,3.0,1.0,5211.0,5.0,0.08627811113611941,nr96.png,7.0,0.05301426105954325,nr57.png,5.0,0.047470286046780566,nr106.png,1.0,0.050935270429757235,nr120.png,4.0,0.04331230478720854,nr111.png,3.0,0.05786523919571061,nr69.png,5.0,0.09771255959994246,nr14.png,7.0,0.06462195874251514,nr88.png,5.0,0.067913693906343,nr74.png,5.0,0.059944229825496624,nr15.png,5.0,0.0,nr80.png,1.0,0.0,nr92.png,7.0,0.039847320404231855,nr39.png,6.0,0.02460138911913445,nr21.png,3.0,0.0,nr93.png,6.0,0.0,nr31.png,16
2204,14.0,176.0,4.0,7.0,4227.0,5.0,0.08627811113611941,nr96.png,7.0,0.05301426105954325,nr57.png,5.0,0.047470286046780566,nr106.png,1.0,0.050935270429757235,nr120.png,4.0,0.04331230478720854,nr111.png,3.0,0.05786523919571061,nr69.png,5.0,0.09771255959994246,nr14.png,7.0,0.06462195874251514,nr88.png,5.0,0.067913693906343,nr74.png,5.0,0.059944229825496624,nr15.png,5.0,0.0,nr80.png,1.0,0.0,nr92.png,7.0,0.039847320404231855,nr39.png,6.0,0.02460138911913445,nr21.png,3.0,0.0,nr93.png,6.0,0.0,nr31.png,16
2205,14.0,176.0,5.0,12.0,3386.0,5.0,0.08627811113611941,nr96.png,7.0,0.05301426105954325,nr57.png,5.0,0.047470286046780566,nr106.png,1.0,0.050935270429757235,nr120.png,4.0,0.04331230478720854,nr111.png,3.0,0.05786523919571061,nr69.png,5.0,0.09771255959994246,nr14.png,7.0,0.06462195874251514,nr88.png,5.0,0.067913693906343,nr74.png,5.0,0.059944229825496624,nr15.png,5.0,0.0,nr80.png,1.0,0.0,nr92.png,7.0,0.039847320404231855,nr39.png,6.0,0.02460138911913445,nr21.png,3.0,0.0,nr93.png,6.0,0.0,nr31.png,16
2206,14.0,176.0,6.0,8.0,4678.0,5.0,0.08627811113611941,nr96.png,7.0,0.05301426105954325,nr57.png,5.0,0.047470286046780566,nr106.png,1.0,0.050935270429757235,nr120.png,4.0,0.04331230478720854,nr111.png,3.0,0.05786523919571061,nr69.png,5.0,0.09771255959994246,nr14.png,7.0,0.06462195874251514,nr88.png,5.0,0.067913693906343,nr74.png,5.0,0.059944229825496624,nr15.png,5.0,0.0,nr80.png,1.0,0.0,nr92.png,7.0,0.039847320404231855,nr39.png,6.0,0.02460138911913445,nr21.png,3.0,0.0,nr93.png,6.0,0.0,nr31.png,16
2207,14.0,176.0,7.0,7.0,3498.0,5.0,0.08627811113611941,nr96.png,7.0,0.05301426105954325,nr57.png,5.0,0.047470286046780566,nr106.png,1.0,0.050935270429757235,nr120.png,4.0,0.04331230478720854,nr111.png,3.0,0.05786523919571061,nr69.png,5.0,0.09771255959994246,nr14.png,7.0,0.06462195874251514,nr88.png,5.0,0.067913693906343,nr74.png,5.0,0.059944229825496624,nr15.png,5.0,0.0,nr80.png,1.0,0.0,nr92.png,7.0,0.039847320404231855,nr39.png,6.0,0.02460138911913445,nr21.png,3.0,0.0,nr93.png,6.0,0.0,nr31.png,16
2208,14.0,176.0,8.0,1.0,5724.0,5.0,0.08627811113611941,nr96.png,7.0,0.05301426105954325,nr57.png,5.0,0.047470286046780566,nr106.png,1.0,0.050935270429757235,nr120.png,4.0,0.04331230478720854,nr111.png,3.0,0.05786523919571061,nr69.png,5.0,0.09771255959994246,nr14.png,7.0,0.06462195874251514,nr88.png,5.0,0.067913693906343,nr74.png,5.0,0.059944229825496624,nr15.png,5.0,0.0,nr80.png,1.0,0.0,nr92.png,7.0,0.039847320404231855,nr39.png,6.0,0.02460138911913445,nr21.png,3.0,0.0,nr93.png,6.0,0.0,nr31.png,16
2209,14.0,176.0,9.0,7.0,4909.0,5.0,0.08627811113611941,nr96.png,7.0,0.05301426105954325,nr57.png,5.0,0.047470286046780566,nr106.png,1.0,0.050935270429757235,nr120.png,4.0,0.04331230478720854,nr111.png,3.0,0.05786523919571061,nr69.png,5.0,0.09771255959994246,nr14.png,7.0,0.06462195874251514,nr88.png,5.0,0.067913693906343,nr74.png,5.0,0.059944229825496624,nr15.png,5.0,0.0,nr80.png,1.0,0.0,nr92.png,7.0,0.039847320404231855,nr39.png,6.0,0.02460138911913445,nr21.png,3.0,0.0,nr93.png,6.0,0.0,nr31.png,16
2210,14.0,176.0,10.0,13.0,4964.0,5.0,0.08627811113611941,nr96.png,7.0,0.05301426105954325,nr57.png,5.0,0.047470286046780566,nr106.png,1.0,0.050935270429757235,nr120.png,4.0,0.04331230478720854,nr111.png,3.0,0.05786523919571061,nr69.png,5.0,0.09771255959994246,nr14.png,7.0,0.06462195874251514,nr88.png,5.0,0.067913693906343,nr74.png,5.0,0.059944229825496624,nr15.png,5.0,0.0,nr80.png,1.0,0.0,nr92.png,7.0,0.039847320404231855,nr39.png,6.0,0.02460138911913445,nr21.png,3.0,0.0,nr93.png,6.0,0.0,nr31.png,16
2211,14.0,176.0,11.0,4.0,4579.0,5.0,0.08627811113611941,nr96.png,7.0,0.05301426105954325,nr57.png,5.0,0.047470286046780566,nr106.png,1.0,0.050935270429757235,nr120.png,4.0,0.04331230478720854,nr111.png,3.0,0.05786523919571061,nr69.png,5.0,0.09771255959994246,nr14.png,7.0,0.06462195874251514,nr88.png,5.0,0.067913693906343,nr74.png,5.0,0.059944229825496624,nr15.png,5.0,0.0,nr80.png,1.0,0.0,nr92.png,7.0,0.039847320404231855,nr39.png,6.0,0.02460138911913445,nr21.png,3.0,0.0,nr93.png,6.0,0.0,nr31.png,16
2212,14.0,176.0,12.0,15.0,3778.0,5.0,0.08627811113611941,nr96.png,7.0,0.05301426105954325,nr57.png,5.0,0.047470286046780566,nr106.png,1.0,0.050935270429757235,nr120.png,4.0,0.04331230478720854,nr111.png,3.0,0.05786523919571061,nr69.png,5.0,0.09771255959994246,nr14.png,7.0,0.06462195874251514,nr88.png,5.0,0.067913693906343,nr74.png,5.0,0.059944229825496624,nr15.png,5.0,0.0,nr80.png,1.0,0.0,nr92.png,7.0,0.039847320404231855,nr39.png,6.0,0.02460138911913445,nr21.png,3.0,0.0,nr93.png,6.0,0.0,nr31.png,16
2213,14.0,176.0,13.0,1.0,4917.0,5.0,0.08627811113611941,nr96.png,7.0,0.05301426105954325,nr57.png,5.0,0.047470286046780566,nr106.png,1.0,0.050935270429757235,nr120.png,4.0,0.04331230478720854,nr111.png,3.0,0.05786523919571061,nr69.png,5.0,0.09771255959994246,nr14.png,7.0,0.06462195874251514,nr88.png,5.0,0.067913693906343,nr74.png,5.0,0.059944229825496624,nr15.png,5.0,0.0,nr80.png,1.0,0.0,nr92.png,7.0,0.039847320404231855,nr39.png,6.0,0.02460138911913445,nr21.png,3.0,0.0,nr93.png,6.0,0.0,nr31.png,16
2214,14.0,176.0,14.0,1.0,4418.0,5.0,0.08627811113611941,nr96.png,7.0,0.05301426105954325,nr57.png,5.0,0.047470286046780566,nr106.png,1.0,0.050935270429757235,nr120.png,4.0,0.04331230478720854,nr111.png,3.0,0.05786523919571061,nr69.png,5.0,0.09771255959994246,nr14.png,7.0,0.06462195874251514,nr88.png,5.0,0.067913693906343,nr74.png,5.0,0.059944229825496624,nr15.png,5.0,0.0,nr80.png,1.0,0.0,nr92.png,7.0,0.039847320404231855,nr39.png,6.0,0.02460138911913445,nr21.png,3.0,0.0,nr93.png,6.0,0.0,nr31.png,16
2215,14.0,176.0,15.0,7.0,4501.0,5.0,0.08627811113611941,nr96.png,7.0,0.05301426105954325,nr57.png,5.0,0.047470286046780566,nr106.png,1.0,0.050935270429757235,nr120.png,4.0,0.04331230478720854,nr111.png,3.0,0.05786523919571061,nr69.png,5.0,0.09771255959994246,nr14.png,7.0,0.06462195874251514,nr88.png,5.0,0.067913693906343,nr74.png,5.0,0.059944229825496624,nr15.png,5.0,0.0,nr80.png,1.0,0.0,nr92.png,7.0,0.039847320404231855,nr39.png,6.0,0.02460138911913445,nr21.png,3.0,0.0,nr93.png,6.0,0.0,nr31.png,16
2216,14.0,176.0,16.0,7.0,3859.0,5.0,0.08627811113611941,nr96.png,7.0,0.05301426105954325,nr57.png,5.0,0.047470286046780566,nr106.png,1.0,0.050935270429757235,nr120.png,4.0,0.04331230478720854,nr111.png,3.0,0.05786523919571061,nr69.png,5.0,0.09771255959994246,nr14.png,7.0,0.06462195874251514,nr88.png,5.0,0.067913693906343,nr74.png,5.0,0.059944229825496624,nr15.png,5.0,0.0,nr80.png,1.0,0.0,nr92.png,7.0,0.039847320404231855,nr39.png,6.0,0.02460138911913445,nr21.png,3.0,0.0,nr93.png,6.0,0.0,nr31.png,16
2217,14.0,176.0,17.0,10.0,7080.0,5.0,0.08627811113611941,nr96.png,7.0,0.05301426105954325,nr57.png,5.0,0.047470286046780566,nr106.png,1.0,0.050935270429757235,nr120.png,4.0,0.04331230478720854,nr111.png,3.0,0.05786523919571061,nr69.png,5.0,0.09771255959994246,nr14.png,7.0,0.06462195874251514,nr88.png,5.0,0.067913693906343,nr74.png,5.0,0.059944229825496624,nr15.png,5.0,0.0,nr80.png,1.0,0.0,nr92.png,7.0,0.039847320404231855,nr39.png,6.0,0.02460138911913445,nr21.png,3.0,0.0,nr93.png,6.0,0.0,nr31.png,16
2218,14.0,176.0,18.0,12.0,3413.0,5.0,0.08627811113611941,nr96.png,7.0,0.05301426105954325,nr57.png,5.0,0.047470286046780566,nr106.png,1.0,0.050935270429757235,nr120.png,4.0,0.04331230478720854,nr111.png,3.0,0.05786523919571061,nr69.png,5.0,0.09771255959994246,nr14.png,7.0,0.06462195874251514,nr88.png,5.0,0.067913693906343,nr74.png,5.0,0.059944229825496624,nr15.png,5.0,0.0,nr80.png,1.0,0.0,nr92.png,7.0,0.039847320404231855,nr39.png,6.0,0.02460138911913445,nr21.png,3.0,0.0,nr93.png,6.0,0.0,nr31.png,16
2219,14.0,176.0,19.0,13.0,4145.0,5.0,0.08627811113611941,nr96.png,7.0,0.05301426105954325,nr57.png,5.0,0.047470286046780566,nr106.png,1.0,0.050935270429757235,nr120.png,4.0,0.04331230478720854,nr111.png,3.0,0.05786523919571061,nr69.png,5.0,0.09771255959994246,nr14.png,7.0,0.06462195874251514,nr88.png,5.0,0.067913693906343,nr74.png,5.0,0.059944229825496624,nr15.png,5.0,0.0,nr80.png,1.0,0.0,nr92.png,7.0,0.039847320404231855,nr39.png,6.0,0.02460138911913445,nr21.png,3.0,0.0,nr93.png,6.0,0.0,nr31.png,16
2220,14.0,176.0,20.0,7.0,3984.0,5.0,0.08627811113611941,nr96.png,7.0,0.05301426105954325,nr57.png,5.0,0.047470286046780566,nr106.png,1.0,0.050935270429757235,nr120.png,4.0,0.04331230478720854,nr111.png,3.0,0.05786523919571061,nr69.png,5.0,0.09771255959994246,nr14.png,7.0,0.06462195874251514,nr88.png,5.0,0.067913693906343,nr74.png,5.0,0.059944229825496624,nr15.png,5.0,0.0,nr80.png,1.0,0.0,nr92.png,7.0,0.039847320404231855,nr39.png,6.0,0.02460138911913445,nr21.png,3.0,0.0,nr93.png,6.0,0.0,nr31.png,16
2221,14.0,176.0,21.0,12.0,5517.0,5.0,0.08627811113611941,nr96.png,7.0,0.05301426105954325,nr57.png,5.0,0.047470286046780566,nr106.png,1.0,0.050935270429757235,nr120.png,4.0,0.04331230478720854,nr111.png,3.0,0.05786523919571061,nr69.png,5.0,0.09771255959994246,nr14.png,7.0,0.06462195874251514,nr88.png,5.0,0.067913693906343,nr74.png,5.0,0.059944229825496624,nr15.png,5.0,0.0,nr80.png,1.0,0.0,nr92.png,7.0,0.039847320404231855,nr39.png,6.0,0.02460138911913445,nr21.png,3.0,0.0,nr93.png,6.0,0.0,nr31.png,16
2222,14.0,176.0,22.0,1.0,3567.0,5.0,0.08627811113611941,nr96.png,7.0,0.05301426105954325,nr57.png,5.0,0.047470286046780566,nr106.png,1.0,0.050935270429757235,nr120.png,4.0,0.04331230478720854,nr111.png,3.0,0.05786523919571061,nr69.png,5.0,0.09771255959994246,nr14.png,7.0,0.06462195874251514,nr88.png,5.0,0.067913693906343,nr74.png,5.0,0.059944229825496624,nr15.png,5.0,0.0,nr80.png,1.0,0.0,nr92.png,7.0,0.039847320404231855,nr39.png,6.0,0.02460138911913445,nr21.png,3.0,0.0,nr93.png,6.0,0.0,nr31.png,16
2223,14.0,176.0,23.0,1.0,6043.0,5.0,0.08627811113611941,nr96.png,7.0,0.05301426105954325,nr57.png,5.0,0.047470286046780566,nr106.png,1.0,0.050935270429757235,nr120.png,4.0,0.04331230478720854,nr111.png,3.0,0.05786523919571061,nr69.png,5.0,0.09771255959994246,nr14.png,7.0,0.06462195874251514,nr88.png,5.0,0.067913693906343,nr74.png,5.0,0.059944229825496624,nr15.png,5.0,0.0,nr80.png,1.0,0.0,nr92.png,7.0,0.039847320404231855,nr39.png,6.0,0.02460138911913445,nr21.png,3.0,0.0,nr93.png,6.0,0.0,nr31.png,16
2224,14.0,176.0,24.0,7.0,3320.0,5.0,0.08627811113611941,nr96.png,7.0,0.05301426105954325,nr57.png,5.0,0.047470286046780566,nr106.png,1.0,0.050935270429757235,nr120.png,4.0,0.04331230478720854,nr111.png,3.0,0.05786523919571061,nr69.png,5.0,0.09771255959994246,nr14.png,7.0,0.06462195874251514,nr88.png,5.0,0.067913693906343,nr74.png,5.0,0.059944229825496624,nr15.png,5.0,0.0,nr80.png,1.0,0.0,nr92.png,7.0,0.039847320404231855,nr39.png,6.0,0.02460138911913445,nr21.png,3.0,0.0,nr93.png,6.0,0.0,nr31.png,16
2225,14.0,176.0,25.0,6.0,4085.0,5.0,0.08627811113611941,nr96.png,7.0,0.05301426105954325,nr57.png,5.0,0.047470286046780566,nr106.png,1.0,0.050935270429757235,nr120.png,4.0,0.04331230478720854,nr111.png,3.0,0.05786523919571061,nr69.png,5.0,0.09771255959994246,nr14.png,7.0,0.06462195874251514,nr88.png,5.0,0.067913693906343,nr74.png,5.0,0.059944229825496624,nr15.png,5.0,0.0,nr80.png,1.0,0.0,nr92.png,7.0,0.039847320404231855,nr39.png,6.0,0.02460138911913445,nr21.png,3.0,0.0,nr93.png,6.0,0.0,nr31.png,16
2226,14.0,176.0,26.0,15.0,4945.0,5.0,0.08627811113611941,nr96.png,7.0,0.05301426105954325,nr57.png,5.0,0.047470286046780566,nr106.png,1.0,0.050935270429757235,nr120.png,4.0,0.04331230478720854,nr111.png,3.0,0.05786523919571061,nr69.png,5.0,0.09771255959994246,nr14.png,7.0,0.06462195874251514,nr88.png,5.0,0.067913693906343,nr74.png,5.0,0.059944229825496624,nr15.png,5.0,0.0,nr80.png,1.0,0.0,nr92.png,7.0,0.039847320404231855,nr39.png,6.0,0.02460138911913445,nr21.png,3.0,0.0,nr93.png,6.0,0.0,nr31.png,16
2227,14.0,176.0,27.0,7.0,3439.0,5.0,0.08627811113611941,nr96.png,7.0,0.05301426105954325,nr57.png,5.0,0.047470286046780566,nr106.png,1.0,0.050935270429757235,nr120.png,4.0,0.04331230478720854,nr111.png,3.0,0.05786523919571061,nr69.png,5.0,0.09771255959994246,nr14.png,7.0,0.06462195874251514,nr88.png,5.0,0.067913693906343,nr74.png,5.0,0.059944229825496624,nr15.png,5.0,0.0,nr80.png,1.0,0.0,nr92.png,7.0,0.039847320404231855,nr39.png,6.0,0.02460138911913445,nr21.png,3.0,0.0,nr93.png,6.0,0.0,nr31.png,16
2228,14.0,176.0,28.0,7.0,4989.0,5.0,0.08627811113611941,nr96.png,7.0,0.05301426105954325,nr57.png,5.0,0.047470286046780566,nr106.png,1.0,0.050935270429757235,nr120.png,4.0,0.04331230478720854,nr111.png,3.0,0.05786523919571061,nr69.png,5.0,0.09771255959994246,nr14.png,7.0,0.06462195874251514,nr88.png,5.0,0.067913693906343,nr74.png,5.0,0.059944229825496624,nr15.png,5.0,0.0,nr80.png,1.0,0.0,nr92.png,7.0,0.039847320404231855,nr39.png,6.0,0.02460138911913445,nr21.png,3.0,0.0,nr93.png,6.0,0.0,nr31.png,16
2229,14.0,176.0,29.0,7.0,4870.0,5.0,0.08627811113611941,nr96.png,7.0,0.05301426105954325,nr57.png,5.0,0.047470286046780566,nr106.png,1.0,0.050935270429757235,nr120.png,4.0,0.04331230478720854,nr111.png,3.0,0.05786523919571061,nr69.png,5.0,0.09771255959994246,nr14.png,7.0,0.06462195874251514,nr88.png,5.0,0.067913693906343,nr74.png,5.0,0.059944229825496624,nr15.png,5.0,0.0,nr80.png,1.0,0.0,nr92.png,7.0,0.039847320404231855,nr39.png,6.0,0.02460138911913445,nr21.png,3.0,0.0,nr93.png,6.0,0.0,nr31.png,16
2230,14.0,176.0,30.0,12.0,4658.0,5.0,0.08627811113611941,nr96.png,7.0,0.05301426105954325,nr57.png,5.0,0.047470286046780566,nr106.png,1.0,0.050935270429757235,nr120.png,4.0,0.04331230478720854,nr111.png,3.0,0.05786523919571061,nr69.png,5.0,0.09771255959994246,nr14.png,7.0,0.06462195874251514,nr88.png,5.0,0.067913693906343,nr74.png,5.0,0.059944229825496624,nr15.png,5.0,0.0,nr80.png,1.0,0.0,nr92.png,7.0,0.039847320404231855,nr39.png,6.0,0.02460138911913445,nr21.png,3.0,0.0,nr93.png,6.0,0.0,nr31.png,16
2231,14.0,176.0,31.0,10.0,3117.0,5.0,0.08627811113611941,nr96.png,7.0,0.05301426105954325,nr57.png,5.0,0.047470286046780566,nr106.png,1.0,0.050935270429757235,nr120.png,4.0,0.04331230478720854,nr111.png,3.0,0.05786523919571061,nr69.png,5.0,0.09771255959994246,nr14.png,7.0,0.06462195874251514,nr88.png,5.0,0.067913693906343,nr74.png,5.0,0.059944229825496624,nr15.png,5.0,0.0,nr80.png,1.0,0.0,nr92.png,7.0,0.039847320404231855,nr39.png,6.0,0.02460138911913445,nr21.png,3.0,0.0,nr93.png,6.0,0.0,nr31.png,16
2232,14.0,176.0,32.0,12.0,3992.0,5.0,0.08627811113611941,nr96.png,7.0,0.05301426105954325,nr57.png,5.0,0.047470286046780566,nr106.png,1.0,0.050935270429757235,nr120.png,4.0,0.04331230478720854,nr111.png,3.0,0.05786523919571061,nr69.png,5.0,0.09771255959994246,nr14.png,7.0,0.06462195874251514,nr88.png,5.0,0.067913693906343,nr74.png,5.0,0.059944229825496624,nr15.png,5.0,0.0,nr80.png,1.0,0.0,nr92.png,7.0,0.039847320404231855,nr39.png,6.0,0.02460138911913445,nr21.png,3.0,0.0,nr93.png,6.0,0.0,nr31.png,16
2233,14.0,176.0,33.0,1.0,4983.0,5.0,0.08627811113611941,nr96.png,7.0,0.05301426105954325,nr57.png,5.0,0.047470286046780566,nr106.png,1.0,0.050935270429757235,nr120.png,4.0,0.04331230478720854,nr111.png,3.0,0.05786523919571061,nr69.png,5.0,0.09771255959994246,nr14.png,7.0,0.06462195874251514,nr88.png,5.0,0.067913693906343,nr74.png,5.0,0.059944229825496624,nr15.png,5.0,0.0,nr80.png,1.0,0.0,nr92.png,7.0,0.039847320404231855,nr39.png,6.0,0.02460138911913445,nr21.png,3.0,0.0,nr93.png,6.0,0.0,nr31.png,16
2234,14.0,176.0,34.0,13.0,5823.0,5.0,0.08627811113611941,nr96.png,7.0,0.05301426105954325,nr57.png,5.0,0.047470286046780566,nr106.png,1.0,0.050935270429757235,nr120.png,4.0,0.04331230478720854,nr111.png,3.0,0.05786523919571061,nr69.png,5.0,0.09771255959994246,nr14.png,7.0,0.06462195874251514,nr88.png,5.0,0.067913693906343,nr74.png,5.0,0.059944229825496624,nr15.png,5.0,0.0,nr80.png,1.0,0.0,nr92.png,7.0,0.039847320404231855,nr39.png,6.0,0.02460138911913445,nr21.png,3.0,0.0,nr93.png,6.0,0.0,nr31.png,16
2235,14.0,176.0,35.0,1.0,4920.0,5.0,0.08627811113611941,nr96.png,7.0,0.05301426105954325,nr57.png,5.0,0.047470286046780566,nr106.png,1.0,0.050935270429757235,nr120.png,4.0,0.04331230478720854,nr111.png,3.0,0.05786523919571061,nr69.png,5.0,0.09771255959994246,nr14.png,7.0,0.06462195874251514,nr88.png,5.0,0.067913693906343,nr74.png,5.0,0.059944229825496624,nr15.png,5.0,0.0,nr80.png,1.0,0.0,nr92.png,7.0,0.039847320404231855,nr39.png,6.0,0.02460138911913445,nr21.png,3.0,0.0,nr93.png,6.0,0.0,nr31.png,16
2236,14.0,176.0,36.0,7.0,6910.0,5.0,0.08627811113611941,nr96.png,7.0,0.05301426105954325,nr57.png,5.0,0.047470286046780566,nr106.png,1.0,0.050935270429757235,nr120.png,4.0,0.04331230478720854,nr111.png,3.0,0.05786523919571061,nr69.png,5.0,0.09771255959994246,nr14.png,7.0,0.06462195874251514,nr88.png,5.0,0.067913693906343,nr74.png,5.0,0.059944229825496624,nr15.png,5.0,0.0,nr80.png,1.0,0.0,nr92.png,7.0,0.039847320404231855,nr39.png,6.0,0.02460138911913445,nr21.png,3.0,0.0,nr93.png,6.0,0.0,nr31.png,16
2237,14.0,176.0,37.0,1.0,4386.0,5.0,0.08627811113611941,nr96.png,7.0,0.05301426105954325,nr57.png,5.0,0.047470286046780566,nr106.png,1.0,0.050935270429757235,nr120.png,4.0,0.04331230478720854,nr111.png,3.0,0.05786523919571061,nr69.png,5.0,0.09771255959994246,nr14.png,7.0,0.06462195874251514,nr88.png,5.0,0.067913693906343,nr74.png,5.0,0.059944229825496624,nr15.png,5.0,0.0,nr80.png,1.0,0.0,nr92.png,7.0,0.039847320404231855,nr39.png,6.0,0.02460138911913445,nr21.png,3.0,0.0,nr93.png,6.0,0.0,nr31.png,16
2238,14.0,176.0,38.0,1.0,4313.0,5.0,0.08627811113611941,nr96.png,7.0,0.05301426105954325,nr57.png,5.0,0.047470286046780566,nr106.png,1.0,0.050935270429757235,nr120.png,4.0,0.04331230478720854,nr111.png,3.0,0.05786523919571061,nr69.png,5.0,0.09771255959994246,nr14.png,7.0,0.06462195874251514,nr88.png,5.0,0.067913693906343,nr74.png,5.0,0.059944229825496624,nr15.png,5.0,0.0,nr80.png,1.0,0.0,nr92.png,7.0,0.039847320404231855,nr39.png,6.0,0.02460138911913445,nr21.png,3.0,0.0,nr93.png,6.0,0.0,nr31.png,16
2239,14.0,176.0,39.0,12.0,3860.0,5.0,0.08627811113611941,nr96.png,7.0,0.05301426105954325,nr57.png,5.0,0.047470286046780566,nr106.png,1.0,0.050935270429757235,nr120.png,4.0,0.04331230478720854,nr111.png,3.0,0.05786523919571061,nr69.png,5.0,0.09771255959994246,nr14.png,7.0,0.06462195874251514,nr88.png,5.0,0.067913693906343,nr74.png,5.0,0.059944229825496624,nr15.png,5.0,0.0,nr80.png,1.0,0.0,nr92.png,7.0,0.039847320404231855,nr39.png,6.0,0.02460138911913445,nr21.png,3.0,0.0,nr93.png,6.0,0.0,nr31.png,16
2240,14.0,176.0,40.0,12.0,3939.0,5.0,0.08627811113611941,nr96.png,7.0,0.05301426105954325,nr57.png,5.0,0.047470286046780566,nr106.png,1.0,0.050935270429757235,nr120.png,4.0,0.04331230478720854,nr111.png,3.0,0.05786523919571061,nr69.png,5.0,0.09771255959994246,nr14.png,7.0,0.06462195874251514,nr88.png,5.0,0.067913693906343,nr74.png,5.0,0.059944229825496624,nr15.png,5.0,0.0,nr80.png,1.0,0.0,nr92.png,7.0,0.039847320404231855,nr39.png,6.0,0.02460138911913445,nr21.png,3.0,0.0,nr93.png,6.0,0.0,nr31.png,16
2241,14.0,176.0,41.0,1.0,4125.0,5.0,0.08627811113611941,nr96.png,7.0,0.05301426105954325,nr57.png,5.0,0.047470286046780566,nr106.png,1.0,0.050935270429757235,nr120.png,4.0,0.04331230478720854,nr111.png,3.0,0.05786523919571061,nr69.png,5.0,0.09771255959994246,nr14.png,7.0,0.06462195874251514,nr88.png,5.0,0.067913693906343,nr74.png,5.0,0.059944229825496624,nr15.png,5.0,0.0,nr80.png,1.0,0.0,nr92.png,7.0,0.039847320404231855,nr39.png,6.0,0.02460138911913445,nr21.png,3.0,0.0,nr93.png,6.0,0.0,nr31.png,16
2242,14.0,176.0,42.0,7.0,4371.0,5.0,0.08627811113611941,nr96.png,7.0,0.05301426105954325,nr57.png,5.0,0.047470286046780566,nr106.png,1.0,0.050935270429757235,nr120.png,4.0,0.04331230478720854,nr111.png,3.0,0.05786523919571061,nr69.png,5.0,0.09771255959994246,nr14.png,7.0,0.06462195874251514,nr88.png,5.0,0.067913693906343,nr74.png,5.0,0.059944229825496624,nr15.png,5.0,0.0,nr80.png,1.0,0.0,nr92.png,7.0,0.039847320404231855,nr39.png,6.0,0.02460138911913445,nr21.png,3.0,0.0,nr93.png,6.0,0.0,nr31.png,16
2243,14.0,176.0,43.0,12.0,4406.0,5.0,0.08627811113611941,nr96.png,7.0,0.05301426105954325,nr57.png,5.0,0.047470286046780566,nr106.png,1.0,0.050935270429757235,nr120.png,4.0,0.04331230478720854,nr111.png,3.0,0.05786523919571061,nr69.png,5.0,0.09771255959994246,nr14.png,7.0,0.06462195874251514,nr88.png,5.0,0.067913693906343,nr74.png,5.0,0.059944229825496624,nr15.png,5.0,0.0,nr80.png,1.0,0.0,nr92.png,7.0,0.039847320404231855,nr39.png,6.0,0.02460138911913445,nr21.png,3.0,0.0,nr93.png,6.0,0.0,nr31.png,16
2244,14.0,176.0,44.0,12.0,2608.0,5.0,0.08627811113611941,nr96.png,7.0,0.05301426105954325,nr57.png,5.0,0.047470286046780566,nr106.png,1.0,0.050935270429757235,nr120.png,4.0,0.04331230478720854,nr111.png,3.0,0.05786523919571061,nr69.png,5.0,0.09771255959994246,nr14.png,7.0,0.06462195874251514,nr88.png,5.0,0.067913693906343,nr74.png,5.0,0.059944229825496624,nr15.png,5.0,0.0,nr80.png,1.0,0.0,nr92.png,7.0,0.039847320404231855,nr39.png,6.0,0.02460138911913445,nr21.png,3.0,0.0,nr93.png,6.0,0.0,nr31.png,16
2245,14.0,176.0,45.0,12.0,5459.0,5.0,0.08627811113611941,nr96.png,7.0,0.05301426105954325,nr57.png,5.0,0.047470286046780566,nr106.png,1.0,0.050935270429757235,nr120.png,4.0,0.04331230478720854,nr111.png,3.0,0.05786523919571061,nr69.png,5.0,0.09771255959994246,nr14.png,7.0,0.06462195874251514,nr88.png,5.0,0.067913693906343,nr74.png,5.0,0.059944229825496624,nr15.png,5.0,0.0,nr80.png,1.0,0.0,nr92.png,7.0,0.039847320404231855,nr39.png,6.0,0.02460138911913445,nr21.png,3.0,0.0,nr93.png,6.0,0.0,nr31.png,16
2246,14.0,176.0,46.0,13.0,4285.0,5.0,0.08627811113611941,nr96.png,7.0,0.05301426105954325,nr57.png,5.0,0.047470286046780566,nr106.png,1.0,0.050935270429757235,nr120.png,4.0,0.04331230478720854,nr111.png,3.0,0.05786523919571061,nr69.png,5.0,0.09771255959994246,nr14.png,7.0,0.06462195874251514,nr88.png,5.0,0.067913693906343,nr74.png,5.0,0.059944229825496624,nr15.png,5.0,0.0,nr80.png,1.0,0.0,nr92.png,7.0,0.039847320404231855,nr39.png,6.0,0.02460138911913445,nr21.png,3.0,0.0,nr93.png,6.0,0.0,nr31.png,16
2247,14.0,176.0,47.0,7.0,4160.0,5.0,0.08627811113611941,nr96.png,7.0,0.05301426105954325,nr57.png,5.0,0.047470286046780566,nr106.png,1.0,0.050935270429757235,nr120.png,4.0,0.04331230478720854,nr111.png,3.0,0.05786523919571061,nr69.png,5.0,0.09771255959994246,nr14.png,7.0,0.06462195874251514,nr88.png,5.0,0.067913693906343,nr74.png,5.0,0.059944229825496624,nr15.png,5.0,0.0,nr80.png,1.0,0.0,nr92.png,7.0,0.039847320404231855,nr39.png,6.0,0.02460138911913445,nr21.png,3.0,0.0,nr93.png,6.0,0.0,nr31.png,16
2248,14.0,176.0,48.0,12.0,3413.0,5.0,0.08627811113611941,nr96.png,7.0,0.05301426105954325,nr57.png,5.0,0.047470286046780566,nr106.png,1.0,0.050935270429757235,nr120.png,4.0,0.04331230478720854,nr111.png,3.0,0.05786523919571061,nr69.png,5.0,0.09771255959994246,nr14.png,7.0,0.06462195874251514,nr88.png,5.0,0.067913693906343,nr74.png,5.0,0.059944229825496624,nr15.png,5.0,0.0,nr80.png,1.0,0.0,nr92.png,7.0,0.039847320404231855,nr39.png,6.0,0.02460138911913445,nr21.png,3.0,0.0,nr93.png,6.0,0.0,nr31.png,16
2249,14.0,176.0,49.0,7.0,5444.0,5.0,0.08627811113611941,nr96.png,7.0,0.05301426105954325,nr57.png,5.0,0.047470286046780566,nr106.png,1.0,0.050935270429757235,nr120.png,4.0,0.04331230478720854,nr111.png,3.0,0.05786523919571061,nr69.png,5.0,0.09771255959994246,nr14.png,7.0,0.06462195874251514,nr88.png,5.0,0.067913693906343,nr74.png,5.0,0.059944229825496624,nr15.png,5.0,0.0,nr80.png,1.0,0.0,nr92.png,7.0,0.039847320404231855,nr39.png,6.0,0.02460138911913445,nr21.png,3.0,0.0,nr93.png,6.0,0.0,nr31.png,16
2250,14.0,178.0,0.0,5.0,5963.0,7.0,0.03513253137777722,nr49.png,7.0,0.13458462020102352,nr63.png,5.0,0.08161557289299018,nr14.png,4.0,0.0,nr111.png,1.0,0.06107655454905886,nr56.png,7.0,0.06269805599726397,nr89.png,5.0,0.1124241004088871,nr114.png,7.0,0.0,nr46.png,7.0,0.0,nr8.png,7.0,0.06756256034187927,nr58.png,3.0,0.0,nr7.png,5.0,0.0,nr74.png,6.0,0.0,nr53.png,7.0,0.07702131878974237,nr109.png,7.0,0.05567154972170852,nr28.png,1.0,0.0,nr92.png,16
2251,14.0,178.0,1.0,0.0,5684.0,7.0,0.03513253137777722,nr49.png,7.0,0.13458462020102352,nr63.png,5.0,0.08161557289299018,nr14.png,4.0,0.0,nr111.png,1.0,0.06107655454905886,nr56.png,7.0,0.06269805599726397,nr89.png,5.0,0.1124241004088871,nr114.png,7.0,0.0,nr46.png,7.0,0.0,nr8.png,7.0,0.06756256034187927,nr58.png,3.0,0.0,nr7.png,5.0,0.0,nr74.png,6.0,0.0,nr53.png,7.0,0.07702131878974237,nr109.png,7.0,0.05567154972170852,nr28.png,1.0,0.0,nr92.png,16
2252,14.0,178.0,2.0,14.0,3691.0,7.0,0.03513253137777722,nr49.png,7.0,0.13458462020102352,nr63.png,5.0,0.08161557289299018,nr14.png,4.0,0.0,nr111.png,1.0,0.06107655454905886,nr56.png,7.0,0.06269805599726397,nr89.png,5.0,0.1124241004088871,nr114.png,7.0,0.0,nr46.png,7.0,0.0,nr8.png,7.0,0.06756256034187927,nr58.png,3.0,0.0,nr7.png,5.0,0.0,nr74.png,6.0,0.0,nr53.png,7.0,0.07702131878974237,nr109.png,7.0,0.05567154972170852,nr28.png,1.0,0.0,nr92.png,16
2253,14.0,178.0,3.0,2.0,3892.0,7.0,0.03513253137777722,nr49.png,7.0,0.13458462020102352,nr63.png,5.0,0.08161557289299018,nr14.png,4.0,0.0,nr111.png,1.0,0.06107655454905886,nr56.png,7.0,0.06269805599726397,nr89.png,5.0,0.1124241004088871,nr114.png,7.0,0.0,nr46.png,7.0,0.0,nr8.png,7.0,0.06756256034187927,nr58.png,3.0,0.0,nr7.png,5.0,0.0,nr74.png,6.0,0.0,nr53.png,7.0,0.07702131878974237,nr109.png,7.0,0.05567154972170852,nr28.png,1.0,0.0,nr92.png,16
2254,14.0,178.0,4.0,13.0,3696.0,7.0,0.03513253137777722,nr49.png,7.0,0.13458462020102352,nr63.png,5.0,0.08161557289299018,nr14.png,4.0,0.0,nr111.png,1.0,0.06107655454905886,nr56.png,7.0,0.06269805599726397,nr89.png,5.0,0.1124241004088871,nr114.png,7.0,0.0,nr46.png,7.0,0.0,nr8.png,7.0,0.06756256034187927,nr58.png,3.0,0.0,nr7.png,5.0,0.0,nr74.png,6.0,0.0,nr53.png,7.0,0.07702131878974237,nr109.png,7.0,0.05567154972170852,nr28.png,1.0,0.0,nr92.png,16
2255,14.0,178.0,5.0,0.0,3506.0,7.0,0.03513253137777722,nr49.png,7.0,0.13458462020102352,nr63.png,5.0,0.08161557289299018,nr14.png,4.0,0.0,nr111.png,1.0,0.06107655454905886,nr56.png,7.0,0.06269805599726397,nr89.png,5.0,0.1124241004088871,nr114.png,7.0,0.0,nr46.png,7.0,0.0,nr8.png,7.0,0.06756256034187927,nr58.png,3.0,0.0,nr7.png,5.0,0.0,nr74.png,6.0,0.0,nr53.png,7.0,0.07702131878974237,nr109.png,7.0,0.05567154972170852,nr28.png,1.0,0.0,nr92.png,16
2256,14.0,178.0,6.0,1.0,3717.0,7.0,0.03513253137777722,nr49.png,7.0,0.13458462020102352,nr63.png,5.0,0.08161557289299018,nr14.png,4.0,0.0,nr111.png,1.0,0.06107655454905886,nr56.png,7.0,0.06269805599726397,nr89.png,5.0,0.1124241004088871,nr114.png,7.0,0.0,nr46.png,7.0,0.0,nr8.png,7.0,0.06756256034187927,nr58.png,3.0,0.0,nr7.png,5.0,0.0,nr74.png,6.0,0.0,nr53.png,7.0,0.07702131878974237,nr109.png,7.0,0.05567154972170852,nr28.png,1.0,0.0,nr92.png,16
2257,14.0,178.0,7.0,13.0,5138.0,7.0,0.03513253137777722,nr49.png,7.0,0.13458462020102352,nr63.png,5.0,0.08161557289299018,nr14.png,4.0,0.0,nr111.png,1.0,0.06107655454905886,nr56.png,7.0,0.06269805599726397,nr89.png,5.0,0.1124241004088871,nr114.png,7.0,0.0,nr46.png,7.0,0.0,nr8.png,7.0,0.06756256034187927,nr58.png,3.0,0.0,nr7.png,5.0,0.0,nr74.png,6.0,0.0,nr53.png,7.0,0.07702131878974237,nr109.png,7.0,0.05567154972170852,nr28.png,1.0,0.0,nr92.png,16
2258,14.0,178.0,8.0,1.0,6125.0,7.0,0.03513253137777722,nr49.png,7.0,0.13458462020102352,nr63.png,5.0,0.08161557289299018,nr14.png,4.0,0.0,nr111.png,1.0,0.06107655454905886,nr56.png,7.0,0.06269805599726397,nr89.png,5.0,0.1124241004088871,nr114.png,7.0,0.0,nr46.png,7.0,0.0,nr8.png,7.0,0.06756256034187927,nr58.png,3.0,0.0,nr7.png,5.0,0.0,nr74.png,6.0,0.0,nr53.png,7.0,0.07702131878974237,nr109.png,7.0,0.05567154972170852,nr28.png,1.0,0.0,nr92.png,16
2259,14.0,178.0,9.0,14.0,3756.0,7.0,0.03513253137777722,nr49.png,7.0,0.13458462020102352,nr63.png,5.0,0.08161557289299018,nr14.png,4.0,0.0,nr111.png,1.0,0.06107655454905886,nr56.png,7.0,0.06269805599726397,nr89.png,5.0,0.1124241004088871,nr114.png,7.0,0.0,nr46.png,7.0,0.0,nr8.png,7.0,0.06756256034187927,nr58.png,3.0,0.0,nr7.png,5.0,0.0,nr74.png,6.0,0.0,nr53.png,7.0,0.07702131878974237,nr109.png,7.0,0.05567154972170852,nr28.png,1.0,0.0,nr92.png,16
2260,14.0,178.0,10.0,1.0,3928.0,7.0,0.03513253137777722,nr49.png,7.0,0.13458462020102352,nr63.png,5.0,0.08161557289299018,nr14.png,4.0,0.0,nr111.png,1.0,0.06107655454905886,nr56.png,7.0,0.06269805599726397,nr89.png,5.0,0.1124241004088871,nr114.png,7.0,0.0,nr46.png,7.0,0.0,nr8.png,7.0,0.06756256034187927,nr58.png,3.0,0.0,nr7.png,5.0,0.0,nr74.png,6.0,0.0,nr53.png,7.0,0.07702131878974237,nr109.png,7.0,0.05567154972170852,nr28.png,1.0,0.0,nr92.png,16
2261,14.0,178.0,11.0,5.0,4189.0,7.0,0.03513253137777722,nr49.png,7.0,0.13458462020102352,nr63.png,5.0,0.08161557289299018,nr14.png,4.0,0.0,nr111.png,1.0,0.06107655454905886,nr56.png,7.0,0.06269805599726397,nr89.png,5.0,0.1124241004088871,nr114.png,7.0,0.0,nr46.png,7.0,0.0,nr8.png,7.0,0.06756256034187927,nr58.png,3.0,0.0,nr7.png,5.0,0.0,nr74.png,6.0,0.0,nr53.png,7.0,0.07702131878974237,nr109.png,7.0,0.05567154972170852,nr28.png,1.0,0.0,nr92.png,16
2262,14.0,178.0,12.0,1.0,3382.0,7.0,0.03513253137777722,nr49.png,7.0,0.13458462020102352,nr63.png,5.0,0.08161557289299018,nr14.png,4.0,0.0,nr111.png,1.0,0.06107655454905886,nr56.png,7.0,0.06269805599726397,nr89.png,5.0,0.1124241004088871,nr114.png,7.0,0.0,nr46.png,7.0,0.0,nr8.png,7.0,0.06756256034187927,nr58.png,3.0,0.0,nr7.png,5.0,0.0,nr74.png,6.0,0.0,nr53.png,7.0,0.07702131878974237,nr109.png,7.0,0.05567154972170852,nr28.png,1.0,0.0,nr92.png,16
2263,14.0,178.0,13.0,8.0,5370.0,7.0,0.03513253137777722,nr49.png,7.0,0.13458462020102352,nr63.png,5.0,0.08161557289299018,nr14.png,4.0,0.0,nr111.png,1.0,0.06107655454905886,nr56.png,7.0,0.06269805599726397,nr89.png,5.0,0.1124241004088871,nr114.png,7.0,0.0,nr46.png,7.0,0.0,nr8.png,7.0,0.06756256034187927,nr58.png,3.0,0.0,nr7.png,5.0,0.0,nr74.png,6.0,0.0,nr53.png,7.0,0.07702131878974237,nr109.png,7.0,0.05567154972170852,nr28.png,1.0,0.0,nr92.png,16
2264,14.0,178.0,14.0,5.0,4084.0,7.0,0.03513253137777722,nr49.png,7.0,0.13458462020102352,nr63.png,5.0,0.08161557289299018,nr14.png,4.0,0.0,nr111.png,1.0,0.06107655454905886,nr56.png,7.0,0.06269805599726397,nr89.png,5.0,0.1124241004088871,nr114.png,7.0,0.0,nr46.png,7.0,0.0,nr8.png,7.0,0.06756256034187927,nr58.png,3.0,0.0,nr7.png,5.0,0.0,nr74.png,6.0,0.0,nr53.png,7.0,0.07702131878974237,nr109.png,7.0,0.05567154972170852,nr28.png,1.0,0.0,nr92.png,16
2265,14.0,178.0,15.0,9.0,4009.0,7.0,0.03513253137777722,nr49.png,7.0,0.13458462020102352,nr63.png,5.0,0.08161557289299018,nr14.png,4.0,0.0,nr111.png,1.0,0.06107655454905886,nr56.png,7.0,0.06269805599726397,nr89.png,5.0,0.1124241004088871,nr114.png,7.0,0.0,nr46.png,7.0,0.0,nr8.png,7.0,0.06756256034187927,nr58.png,3.0,0.0,nr7.png,5.0,0.0,nr74.png,6.0,0.0,nr53.png,7.0,0.07702131878974237,nr109.png,7.0,0.05567154972170852,nr28.png,1.0,0.0,nr92.png,16
2266,14.0,178.0,16.0,13.0,4071.0,7.0,0.03513253137777722,nr49.png,7.0,0.13458462020102352,nr63.png,5.0,0.08161557289299018,nr14.png,4.0,0.0,nr111.png,1.0,0.06107655454905886,nr56.png,7.0,0.06269805599726397,nr89.png,5.0,0.1124241004088871,nr114.png,7.0,0.0,nr46.png,7.0,0.0,nr8.png,7.0,0.06756256034187927,nr58.png,3.0,0.0,nr7.png,5.0,0.0,nr74.png,6.0,0.0,nr53.png,7.0,0.07702131878974237,nr109.png,7.0,0.05567154972170852,nr28.png,1.0,0.0,nr92.png,16
2267,14.0,178.0,17.0,1.0,5326.0,7.0,0.03513253137777722,nr49.png,7.0,0.13458462020102352,nr63.png,5.0,0.08161557289299018,nr14.png,4.0,0.0,nr111.png,1.0,0.06107655454905886,nr56.png,7.0,0.06269805599726397,nr89.png,5.0,0.1124241004088871,nr114.png,7.0,0.0,nr46.png,7.0,0.0,nr8.png,7.0,0.06756256034187927,nr58.png,3.0,0.0,nr7.png,5.0,0.0,nr74.png,6.0,0.0,nr53.png,7.0,0.07702131878974237,nr109.png,7.0,0.05567154972170852,nr28.png,1.0,0.0,nr92.png,16
2268,14.0,178.0,18.0,1.0,4486.0,7.0,0.03513253137777722,nr49.png,7.0,0.13458462020102352,nr63.png,5.0,0.08161557289299018,nr14.png,4.0,0.0,nr111.png,1.0,0.06107655454905886,nr56.png,7.0,0.06269805599726397,nr89.png,5.0,0.1124241004088871,nr114.png,7.0,0.0,nr46.png,7.0,0.0,nr8.png,7.0,0.06756256034187927,nr58.png,3.0,0.0,nr7.png,5.0,0.0,nr74.png,6.0,0.0,nr53.png,7.0,0.07702131878974237,nr109.png,7.0,0.05567154972170852,nr28.png,1.0,0.0,nr92.png,16
2269,14.0,178.0,19.0,9.0,4259.0,7.0,0.03513253137777722,nr49.png,7.0,0.13458462020102352,nr63.png,5.0,0.08161557289299018,nr14.png,4.0,0.0,nr111.png,1.0,0.06107655454905886,nr56.png,7.0,0.06269805599726397,nr89.png,5.0,0.1124241004088871,nr114.png,7.0,0.0,nr46.png,7.0,0.0,nr8.png,7.0,0.06756256034187927,nr58.png,3.0,0.0,nr7.png,5.0,0.0,nr74.png,6.0,0.0,nr53.png,7.0,0.07702131878974237,nr109.png,7.0,0.05567154972170852,nr28.png,1.0,0.0,nr92.png,16
2270,14.0,178.0,20.0,8.0,3595.0,7.0,0.03513253137777722,nr49.png,7.0,0.13458462020102352,nr63.png,5.0,0.08161557289299018,nr14.png,4.0,0.0,nr111.png,1.0,0.06107655454905886,nr56.png,7.0,0.06269805599726397,nr89.png,5.0,0.1124241004088871,nr114.png,7.0,0.0,nr46.png,7.0,0.0,nr8.png,7.0,0.06756256034187927,nr58.png,3.0,0.0,nr7.png,5.0,0.0,nr74.png,6.0,0.0,nr53.png,7.0,0.07702131878974237,nr109.png,7.0,0.05567154972170852,nr28.png,1.0,0.0,nr92.png,16
2271,14.0,178.0,21.0,9.0,3977.0,7.0,0.03513253137777722,nr49.png,7.0,0.13458462020102352,nr63.png,5.0,0.08161557289299018,nr14.png,4.0,0.0,nr111.png,1.0,0.06107655454905886,nr56.png,7.0,0.06269805599726397,nr89.png,5.0,0.1124241004088871,nr114.png,7.0,0.0,nr46.png,7.0,0.0,nr8.png,7.0,0.06756256034187927,nr58.png,3.0,0.0,nr7.png,5.0,0.0,nr74.png,6.0,0.0,nr53.png,7.0,0.07702131878974237,nr109.png,7.0,0.05567154972170852,nr28.png,1.0,0.0,nr92.png,16
2272,14.0,178.0,22.0,14.0,3798.0,7.0,0.03513253137777722,nr49.png,7.0,0.13458462020102352,nr63.png,5.0,0.08161557289299018,nr14.png,4.0,0.0,nr111.png,1.0,0.06107655454905886,nr56.png,7.0,0.06269805599726397,nr89.png,5.0,0.1124241004088871,nr114.png,7.0,0.0,nr46.png,7.0,0.0,nr8.png,7.0,0.06756256034187927,nr58.png,3.0,0.0,nr7.png,5.0,0.0,nr74.png,6.0,0.0,nr53.png,7.0,0.07702131878974237,nr109.png,7.0,0.05567154972170852,nr28.png,1.0,0.0,nr92.png,16
2273,14.0,178.0,23.0,1.0,6493.0,7.0,0.03513253137777722,nr49.png,7.0,0.13458462020102352,nr63.png,5.0,0.08161557289299018,nr14.png,4.0,0.0,nr111.png,1.0,0.06107655454905886,nr56.png,7.0,0.06269805599726397,nr89.png,5.0,0.1124241004088871,nr114.png,7.0,0.0,nr46.png,7.0,0.0,nr8.png,7.0,0.06756256034187927,nr58.png,3.0,0.0,nr7.png,5.0,0.0,nr74.png,6.0,0.0,nr53.png,7.0,0.07702131878974237,nr109.png,7.0,0.05567154972170852,nr28.png,1.0,0.0,nr92.png,16
2274,14.0,178.0,24.0,1.0,4538.0,7.0,0.03513253137777722,nr49.png,7.0,0.13458462020102352,nr63.png,5.0,0.08161557289299018,nr14.png,4.0,0.0,nr111.png,1.0,0.06107655454905886,nr56.png,7.0,0.06269805599726397,nr89.png,5.0,0.1124241004088871,nr114.png,7.0,0.0,nr46.png,7.0,0.0,nr8.png,7.0,0.06756256034187927,nr58.png,3.0,0.0,nr7.png,5.0,0.0,nr74.png,6.0,0.0,nr53.png,7.0,0.07702131878974237,nr109.png,7.0,0.05567154972170852,nr28.png,1.0,0.0,nr92.png,16
2275,14.0,178.0,25.0,5.0,2302.0,7.0,0.03513253137777722,nr49.png,7.0,0.13458462020102352,nr63.png,5.0,0.08161557289299018,nr14.png,4.0,0.0,nr111.png,1.0,0.06107655454905886,nr56.png,7.0,0.06269805599726397,nr89.png,5.0,0.1124241004088871,nr114.png,7.0,0.0,nr46.png,7.0,0.0,nr8.png,7.0,0.06756256034187927,nr58.png,3.0,0.0,nr7.png,5.0,0.0,nr74.png,6.0,0.0,nr53.png,7.0,0.07702131878974237,nr109.png,7.0,0.05567154972170852,nr28.png,1.0,0.0,nr92.png,16
2276,14.0,178.0,26.0,14.0,4640.0,7.0,0.03513253137777722,nr49.png,7.0,0.13458462020102352,nr63.png,5.0,0.08161557289299018,nr14.png,4.0,0.0,nr111.png,1.0,0.06107655454905886,nr56.png,7.0,0.06269805599726397,nr89.png,5.0,0.1124241004088871,nr114.png,7.0,0.0,nr46.png,7.0,0.0,nr8.png,7.0,0.06756256034187927,nr58.png,3.0,0.0,nr7.png,5.0,0.0,nr74.png,6.0,0.0,nr53.png,7.0,0.07702131878974237,nr109.png,7.0,0.05567154972170852,nr28.png,1.0,0.0,nr92.png,16
2277,14.0,178.0,27.0,1.0,2826.0,7.0,0.03513253137777722,nr49.png,7.0,0.13458462020102352,nr63.png,5.0,0.08161557289299018,nr14.png,4.0,0.0,nr111.png,1.0,0.06107655454905886,nr56.png,7.0,0.06269805599726397,nr89.png,5.0,0.1124241004088871,nr114.png,7.0,0.0,nr46.png,7.0,0.0,nr8.png,7.0,0.06756256034187927,nr58.png,3.0,0.0,nr7.png,5.0,0.0,nr74.png,6.0,0.0,nr53.png,7.0,0.07702131878974237,nr109.png,7.0,0.05567154972170852,nr28.png,1.0,0.0,nr92.png,16
2278,14.0,178.0,28.0,1.0,4842.0,7.0,0.03513253137777722,nr49.png,7.0,0.13458462020102352,nr63.png,5.0,0.08161557289299018,nr14.png,4.0,0.0,nr111.png,1.0,0.06107655454905886,nr56.png,7.0,0.06269805599726397,nr89.png,5.0,0.1124241004088871,nr114.png,7.0,0.0,nr46.png,7.0,0.0,nr8.png,7.0,0.06756256034187927,nr58.png,3.0,0.0,nr7.png,5.0,0.0,nr74.png,6.0,0.0,nr53.png,7.0,0.07702131878974237,nr109.png,7.0,0.05567154972170852,nr28.png,1.0,0.0,nr92.png,16
2279,14.0,178.0,29.0,13.0,5122.0,7.0,0.03513253137777722,nr49.png,7.0,0.13458462020102352,nr63.png,5.0,0.08161557289299018,nr14.png,4.0,0.0,nr111.png,1.0,0.06107655454905886,nr56.png,7.0,0.06269805599726397,nr89.png,5.0,0.1124241004088871,nr114.png,7.0,0.0,nr46.png,7.0,0.0,nr8.png,7.0,0.06756256034187927,nr58.png,3.0,0.0,nr7.png,5.0,0.0,nr74.png,6.0,0.0,nr53.png,7.0,0.07702131878974237,nr109.png,7.0,0.05567154972170852,nr28.png,1.0,0.0,nr92.png,16
2280,14.0,178.0,30.0,13.0,4224.0,7.0,0.03513253137777722,nr49.png,7.0,0.13458462020102352,nr63.png,5.0,0.08161557289299018,nr14.png,4.0,0.0,nr111.png,1.0,0.06107655454905886,nr56.png,7.0,0.06269805599726397,nr89.png,5.0,0.1124241004088871,nr114.png,7.0,0.0,nr46.png,7.0,0.0,nr8.png,7.0,0.06756256034187927,nr58.png,3.0,0.0,nr7.png,5.0,0.0,nr74.png,6.0,0.0,nr53.png,7.0,0.07702131878974237,nr109.png,7.0,0.05567154972170852,nr28.png,1.0,0.0,nr92.png,16
2281,14.0,178.0,31.0,1.0,3068.0,7.0,0.03513253137777722,nr49.png,7.0,0.13458462020102352,nr63.png,5.0,0.08161557289299018,nr14.png,4.0,0.0,nr111.png,1.0,0.06107655454905886,nr56.png,7.0,0.06269805599726397,nr89.png,5.0,0.1124241004088871,nr114.png,7.0,0.0,nr46.png,7.0,0.0,nr8.png,7.0,0.06756256034187927,nr58.png,3.0,0.0,nr7.png,5.0,0.0,nr74.png,6.0,0.0,nr53.png,7.0,0.07702131878974237,nr109.png,7.0,0.05567154972170852,nr28.png,1.0,0.0,nr92.png,16
2282,14.0,178.0,32.0,1.0,4575.0,7.0,0.03513253137777722,nr49.png,7.0,0.13458462020102352,nr63.png,5.0,0.08161557289299018,nr14.png,4.0,0.0,nr111.png,1.0,0.06107655454905886,nr56.png,7.0,0.06269805599726397,nr89.png,5.0,0.1124241004088871,nr114.png,7.0,0.0,nr46.png,7.0,0.0,nr8.png,7.0,0.06756256034187927,nr58.png,3.0,0.0,nr7.png,5.0,0.0,nr74.png,6.0,0.0,nr53.png,7.0,0.07702131878974237,nr109.png,7.0,0.05567154972170852,nr28.png,1.0,0.0,nr92.png,16
2283,14.0,178.0,33.0,8.0,4776.0,7.0,0.03513253137777722,nr49.png,7.0,0.13458462020102352,nr63.png,5.0,0.08161557289299018,nr14.png,4.0,0.0,nr111.png,1.0,0.06107655454905886,nr56.png,7.0,0.06269805599726397,nr89.png,5.0,0.1124241004088871,nr114.png,7.0,0.0,nr46.png,7.0,0.0,nr8.png,7.0,0.06756256034187927,nr58.png,3.0,0.0,nr7.png,5.0,0.0,nr74.png,6.0,0.0,nr53.png,7.0,0.07702131878974237,nr109.png,7.0,0.05567154972170852,nr28.png,1.0,0.0,nr92.png,16
2284,14.0,178.0,34.0,5.0,5219.0,7.0,0.03513253137777722,nr49.png,7.0,0.13458462020102352,nr63.png,5.0,0.08161557289299018,nr14.png,4.0,0.0,nr111.png,1.0,0.06107655454905886,nr56.png,7.0,0.06269805599726397,nr89.png,5.0,0.1124241004088871,nr114.png,7.0,0.0,nr46.png,7.0,0.0,nr8.png,7.0,0.06756256034187927,nr58.png,3.0,0.0,nr7.png,5.0,0.0,nr74.png,6.0,0.0,nr53.png,7.0,0.07702131878974237,nr109.png,7.0,0.05567154972170852,nr28.png,1.0,0.0,nr92.png,16
2285,14.0,178.0,35.0,13.0,3806.0,7.0,0.03513253137777722,nr49.png,7.0,0.13458462020102352,nr63.png,5.0,0.08161557289299018,nr14.png,4.0,0.0,nr111.png,1.0,0.06107655454905886,nr56.png,7.0,0.06269805599726397,nr89.png,5.0,0.1124241004088871,nr114.png,7.0,0.0,nr46.png,7.0,0.0,nr8.png,7.0,0.06756256034187927,nr58.png,3.0,0.0,nr7.png,5.0,0.0,nr74.png,6.0,0.0,nr53.png,7.0,0.07702131878974237,nr109.png,7.0,0.05567154972170852,nr28.png,1.0,0.0,nr92.png,16
2286,14.0,178.0,36.0,8.0,4715.0,7.0,0.03513253137777722,nr49.png,7.0,0.13458462020102352,nr63.png,5.0,0.08161557289299018,nr14.png,4.0,0.0,nr111.png,1.0,0.06107655454905886,nr56.png,7.0,0.06269805599726397,nr89.png,5.0,0.1124241004088871,nr114.png,7.0,0.0,nr46.png,7.0,0.0,nr8.png,7.0,0.06756256034187927,nr58.png,3.0,0.0,nr7.png,5.0,0.0,nr74.png,6.0,0.0,nr53.png,7.0,0.07702131878974237,nr109.png,7.0,0.05567154972170852,nr28.png,1.0,0.0,nr92.png,16
2287,14.0,178.0,37.0,15.0,7590.0,7.0,0.03513253137777722,nr49.png,7.0,0.13458462020102352,nr63.png,5.0,0.08161557289299018,nr14.png,4.0,0.0,nr111.png,1.0,0.06107655454905886,nr56.png,7.0,0.06269805599726397,nr89.png,5.0,0.1124241004088871,nr114.png,7.0,0.0,nr46.png,7.0,0.0,nr8.png,7.0,0.06756256034187927,nr58.png,3.0,0.0,nr7.png,5.0,0.0,nr74.png,6.0,0.0,nr53.png,7.0,0.07702131878974237,nr109.png,7.0,0.05567154972170852,nr28.png,1.0,0.0,nr92.png,16
2288,14.0,178.0,38.0,14.0,4639.0,7.0,0.03513253137777722,nr49.png,7.0,0.13458462020102352,nr63.png,5.0,0.08161557289299018,nr14.png,4.0,0.0,nr111.png,1.0,0.06107655454905886,nr56.png,7.0,0.06269805599726397,nr89.png,5.0,0.1124241004088871,nr114.png,7.0,0.0,nr46.png,7.0,0.0,nr8.png,7.0,0.06756256034187927,nr58.png,3.0,0.0,nr7.png,5.0,0.0,nr74.png,6.0,0.0,nr53.png,7.0,0.07702131878974237,nr109.png,7.0,0.05567154972170852,nr28.png,1.0,0.0,nr92.png,16
2289,14.0,178.0,39.0,11.0,3208.0,7.0,0.03513253137777722,nr49.png,7.0,0.13458462020102352,nr63.png,5.0,0.08161557289299018,nr14.png,4.0,0.0,nr111.png,1.0,0.06107655454905886,nr56.png,7.0,0.06269805599726397,nr89.png,5.0,0.1124241004088871,nr114.png,7.0,0.0,nr46.png,7.0,0.0,nr8.png,7.0,0.06756256034187927,nr58.png,3.0,0.0,nr7.png,5.0,0.0,nr74.png,6.0,0.0,nr53.png,7.0,0.07702131878974237,nr109.png,7.0,0.05567154972170852,nr28.png,1.0,0.0,nr92.png,16
2290,14.0,178.0,40.0,1.0,3672.0,7.0,0.03513253137777722,nr49.png,7.0,0.13458462020102352,nr63.png,5.0,0.08161557289299018,nr14.png,4.0,0.0,nr111.png,1.0,0.06107655454905886,nr56.png,7.0,0.06269805599726397,nr89.png,5.0,0.1124241004088871,nr114.png,7.0,0.0,nr46.png,7.0,0.0,nr8.png,7.0,0.06756256034187927,nr58.png,3.0,0.0,nr7.png,5.0,0.0,nr74.png,6.0,0.0,nr53.png,7.0,0.07702131878974237,nr109.png,7.0,0.05567154972170852,nr28.png,1.0,0.0,nr92.png,16
2291,14.0,178.0,41.0,0.0,3998.0,7.0,0.03513253137777722,nr49.png,7.0,0.13458462020102352,nr63.png,5.0,0.08161557289299018,nr14.png,4.0,0.0,nr111.png,1.0,0.06107655454905886,nr56.png,7.0,0.06269805599726397,nr89.png,5.0,0.1124241004088871,nr114.png,7.0,0.0,nr46.png,7.0,0.0,nr8.png,7.0,0.06756256034187927,nr58.png,3.0,0.0,nr7.png,5.0,0.0,nr74.png,6.0,0.0,nr53.png,7.0,0.07702131878974237,nr109.png,7.0,0.05567154972170852,nr28.png,1.0,0.0,nr92.png,16
2292,14.0,178.0,42.0,14.0,4015.0,7.0,0.03513253137777722,nr49.png,7.0,0.13458462020102352,nr63.png,5.0,0.08161557289299018,nr14.png,4.0,0.0,nr111.png,1.0,0.06107655454905886,nr56.png,7.0,0.06269805599726397,nr89.png,5.0,0.1124241004088871,nr114.png,7.0,0.0,nr46.png,7.0,0.0,nr8.png,7.0,0.06756256034187927,nr58.png,3.0,0.0,nr7.png,5.0,0.0,nr74.png,6.0,0.0,nr53.png,7.0,0.07702131878974237,nr109.png,7.0,0.05567154972170852,nr28.png,1.0,0.0,nr92.png,16
2293,14.0,178.0,43.0,8.0,4249.0,7.0,0.03513253137777722,nr49.png,7.0,0.13458462020102352,nr63.png,5.0,0.08161557289299018,nr14.png,4.0,0.0,nr111.png,1.0,0.06107655454905886,nr56.png,7.0,0.06269805599726397,nr89.png,5.0,0.1124241004088871,nr114.png,7.0,0.0,nr46.png,7.0,0.0,nr8.png,7.0,0.06756256034187927,nr58.png,3.0,0.0,nr7.png,5.0,0.0,nr74.png,6.0,0.0,nr53.png,7.0,0.07702131878974237,nr109.png,7.0,0.05567154972170852,nr28.png,1.0,0.0,nr92.png,16
2294,14.0,178.0,44.0,0.0,4564.0,7.0,0.03513253137777722,nr49.png,7.0,0.13458462020102352,nr63.png,5.0,0.08161557289299018,nr14.png,4.0,0.0,nr111.png,1.0,0.06107655454905886,nr56.png,7.0,0.06269805599726397,nr89.png,5.0,0.1124241004088871,nr114.png,7.0,0.0,nr46.png,7.0,0.0,nr8.png,7.0,0.06756256034187927,nr58.png,3.0,0.0,nr7.png,5.0,0.0,nr74.png,6.0,0.0,nr53.png,7.0,0.07702131878974237,nr109.png,7.0,0.05567154972170852,nr28.png,1.0,0.0,nr92.png,16
2295,14.0,178.0,45.0,8.0,4401.0,7.0,0.03513253137777722,nr49.png,7.0,0.13458462020102352,nr63.png,5.0,0.08161557289299018,nr14.png,4.0,0.0,nr111.png,1.0,0.06107655454905886,nr56.png,7.0,0.06269805599726397,nr89.png,5.0,0.1124241004088871,nr114.png,7.0,0.0,nr46.png,7.0,0.0,nr8.png,7.0,0.06756256034187927,nr58.png,3.0,0.0,nr7.png,5.0,0.0,nr74.png,6.0,0.0,nr53.png,7.0,0.07702131878974237,nr109.png,7.0,0.05567154972170852,nr28.png,1.0,0.0,nr92.png,16
2296,14.0,178.0,46.0,1.0,3093.0,7.0,0.03513253137777722,nr49.png,7.0,0.13458462020102352,nr63.png,5.0,0.08161557289299018,nr14.png,4.0,0.0,nr111.png,1.0,0.06107655454905886,nr56.png,7.0,0.06269805599726397,nr89.png,5.0,0.1124241004088871,nr114.png,7.0,0.0,nr46.png,7.0,0.0,nr8.png,7.0,0.06756256034187927,nr58.png,3.0,0.0,nr7.png,5.0,0.0,nr74.png,6.0,0.0,nr53.png,7.0,0.07702131878974237,nr109.png,7.0,0.05567154972170852,nr28.png,1.0,0.0,nr92.png,16
2297,14.0,178.0,47.0,11.0,4413.0,7.0,0.03513253137777722,nr49.png,7.0,0.13458462020102352,nr63.png,5.0,0.08161557289299018,nr14.png,4.0,0.0,nr111.png,1.0,0.06107655454905886,nr56.png,7.0,0.06269805599726397,nr89.png,5.0,0.1124241004088871,nr114.png,7.0,0.0,nr46.png,7.0,0.0,nr8.png,7.0,0.06756256034187927,nr58.png,3.0,0.0,nr7.png,5.0,0.0,nr74.png,6.0,0.0,nr53.png,7.0,0.07702131878974237,nr109.png,7.0,0.05567154972170852,nr28.png,1.0,0.0,nr92.png,16
2298,14.0,178.0,48.0,1.0,3492.0,7.0,0.03513253137777722,nr49.png,7.0,0.13458462020102352,nr63.png,5.0,0.08161557289299018,nr14.png,4.0,0.0,nr111.png,1.0,0.06107655454905886,nr56.png,7.0,0.06269805599726397,nr89.png,5.0,0.1124241004088871,nr114.png,7.0,0.0,nr46.png,7.0,0.0,nr8.png,7.0,0.06756256034187927,nr58.png,3.0,0.0,nr7.png,5.0,0.0,nr74.png,6.0,0.0,nr53.png,7.0,0.07702131878974237,nr109.png,7.0,0.05567154972170852,nr28.png,1.0,0.0,nr92.png,16
2299,14.0,178.0,49.0,1.0,4284.0,7.0,0.03513253137777722,nr49.png,7.0,0.13458462020102352,nr63.png,5.0,0.08161557289299018,nr14.png,4.0,0.0,nr111.png,1.0,0.06107655454905886,nr56.png,7.0,0.06269805599726397,nr89.png,5.0,0.1124241004088871,nr114.png,7.0,0.0,nr46.png,7.0,0.0,nr8.png,7.0,0.06756256034187927,nr58.png,3.0,0.0,nr7.png,5.0,0.0,nr74.png,6.0,0.0,nr53.png,7.0,0.07702131878974237,nr109.png,7.0,0.05567154972170852,nr28.png,1.0,0.0,nr92.png,16
2300,14.0,179.0,0.0,15.0,6484.0,7.0,0.0,nr109.png,4.0,0.0,nr100.png,6.0,0.0,nr53.png,7.0,0.1758427191222405,nr81.png,7.0,0.0,nr42.png,3.0,0.0,nr93.png,5.0,0.0,nr94.png,1.0,0.10213966523272056,nr92.png,4.0,0.0,nr2.png,3.0,0.0,nr19.png,7.0,0.0,nr58.png,2.0,0.10678237728875332,nr4.png,5.0,0.0,nr11.png,7.0,0.017410170210122818,nr75.png,7.0,0.11490712338681065,nr79.png,7.0,0.11142508934478608,nr49.png,16
2301,14.0,179.0,1.0,3.0,5151.0,7.0,0.0,nr109.png,4.0,0.0,nr100.png,6.0,0.0,nr53.png,7.0,0.1758427191222405,nr81.png,7.0,0.0,nr42.png,3.0,0.0,nr93.png,5.0,0.0,nr94.png,1.0,0.10213966523272056,nr92.png,4.0,0.0,nr2.png,3.0,0.0,nr19.png,7.0,0.0,nr58.png,2.0,0.10678237728875332,nr4.png,5.0,0.0,nr11.png,7.0,0.017410170210122818,nr75.png,7.0,0.11490712338681065,nr79.png,7.0,0.11142508934478608,nr49.png,16
2302,14.0,179.0,2.0,3.0,4646.0,7.0,0.0,nr109.png,4.0,0.0,nr100.png,6.0,0.0,nr53.png,7.0,0.1758427191222405,nr81.png,7.0,0.0,nr42.png,3.0,0.0,nr93.png,5.0,0.0,nr94.png,1.0,0.10213966523272056,nr92.png,4.0,0.0,nr2.png,3.0,0.0,nr19.png,7.0,0.0,nr58.png,2.0,0.10678237728875332,nr4.png,5.0,0.0,nr11.png,7.0,0.017410170210122818,nr75.png,7.0,0.11490712338681065,nr79.png,7.0,0.11142508934478608,nr49.png,16
2303,14.0,179.0,3.0,14.0,3789.0,7.0,0.0,nr109.png,4.0,0.0,nr100.png,6.0,0.0,nr53.png,7.0,0.1758427191222405,nr81.png,7.0,0.0,nr42.png,3.0,0.0,nr93.png,5.0,0.0,nr94.png,1.0,0.10213966523272056,nr92.png,4.0,0.0,nr2.png,3.0,0.0,nr19.png,7.0,0.0,nr58.png,2.0,0.10678237728875332,nr4.png,5.0,0.0,nr11.png,7.0,0.017410170210122818,nr75.png,7.0,0.11490712338681065,nr79.png,7.0,0.11142508934478608,nr49.png,16
2304,14.0,179.0,4.0,3.0,5536.0,7.0,0.0,nr109.png,4.0,0.0,nr100.png,6.0,0.0,nr53.png,7.0,0.1758427191222405,nr81.png,7.0,0.0,nr42.png,3.0,0.0,nr93.png,5.0,0.0,nr94.png,1.0,0.10213966523272056,nr92.png,4.0,0.0,nr2.png,3.0,0.0,nr19.png,7.0,0.0,nr58.png,2.0,0.10678237728875332,nr4.png,5.0,0.0,nr11.png,7.0,0.017410170210122818,nr75.png,7.0,0.11490712338681065,nr79.png,7.0,0.11142508934478608,nr49.png,16
2305,14.0,179.0,5.0,14.0,3772.0,7.0,0.0,nr109.png,4.0,0.0,nr100.png,6.0,0.0,nr53.png,7.0,0.1758427191222405,nr81.png,7.0,0.0,nr42.png,3.0,0.0,nr93.png,5.0,0.0,nr94.png,1.0,0.10213966523272056,nr92.png,4.0,0.0,nr2.png,3.0,0.0,nr19.png,7.0,0.0,nr58.png,2.0,0.10678237728875332,nr4.png,5.0,0.0,nr11.png,7.0,0.017410170210122818,nr75.png,7.0,0.11490712338681065,nr79.png,7.0,0.11142508934478608,nr49.png,16
2306,14.0,179.0,6.0,13.0,6139.0,7.0,0.0,nr109.png,4.0,0.0,nr100.png,6.0,0.0,nr53.png,7.0,0.1758427191222405,nr81.png,7.0,0.0,nr42.png,3.0,0.0,nr93.png,5.0,0.0,nr94.png,1.0,0.10213966523272056,nr92.png,4.0,0.0,nr2.png,3.0,0.0,nr19.png,7.0,0.0,nr58.png,2.0,0.10678237728875332,nr4.png,5.0,0.0,nr11.png,7.0,0.017410170210122818,nr75.png,7.0,0.11490712338681065,nr79.png,7.0,0.11142508934478608,nr49.png,16
2307,14.0,179.0,7.0,3.0,3773.0,7.0,0.0,nr109.png,4.0,0.0,nr100.png,6.0,0.0,nr53.png,7.0,0.1758427191222405,nr81.png,7.0,0.0,nr42.png,3.0,0.0,nr93.png,5.0,0.0,nr94.png,1.0,0.10213966523272056,nr92.png,4.0,0.0,nr2.png,3.0,0.0,nr19.png,7.0,0.0,nr58.png,2.0,0.10678237728875332,nr4.png,5.0,0.0,nr11.png,7.0,0.017410170210122818,nr75.png,7.0,0.11490712338681065,nr79.png,7.0,0.11142508934478608,nr49.png,16
2308,14.0,179.0,8.0,3.0,4630.0,7.0,0.0,nr109.png,4.0,0.0,nr100.png,6.0,0.0,nr53.png,7.0,0.1758427191222405,nr81.png,7.0,0.0,nr42.png,3.0,0.0,nr93.png,5.0,0.0,nr94.png,1.0,0.10213966523272056,nr92.png,4.0,0.0,nr2.png,3.0,0.0,nr19.png,7.0,0.0,nr58.png,2.0,0.10678237728875332,nr4.png,5.0,0.0,nr11.png,7.0,0.017410170210122818,nr75.png,7.0,0.11490712338681065,nr79.png,7.0,0.11142508934478608,nr49.png,16
2309,14.0,179.0,9.0,15.0,5300.0,7.0,0.0,nr109.png,4.0,0.0,nr100.png,6.0,0.0,nr53.png,7.0,0.1758427191222405,nr81.png,7.0,0.0,nr42.png,3.0,0.0,nr93.png,5.0,0.0,nr94.png,1.0,0.10213966523272056,nr92.png,4.0,0.0,nr2.png,3.0,0.0,nr19.png,7.0,0.0,nr58.png,2.0,0.10678237728875332,nr4.png,5.0,0.0,nr11.png,7.0,0.017410170210122818,nr75.png,7.0,0.11490712338681065,nr79.png,7.0,0.11142508934478608,nr49.png,16
2310,14.0,179.0,10.0,0.0,7796.0,7.0,0.0,nr109.png,4.0,0.0,nr100.png,6.0,0.0,nr53.png,7.0,0.1758427191222405,nr81.png,7.0,0.0,nr42.png,3.0,0.0,nr93.png,5.0,0.0,nr94.png,1.0,0.10213966523272056,nr92.png,4.0,0.0,nr2.png,3.0,0.0,nr19.png,7.0,0.0,nr58.png,2.0,0.10678237728875332,nr4.png,5.0,0.0,nr11.png,7.0,0.017410170210122818,nr75.png,7.0,0.11490712338681065,nr79.png,7.0,0.11142508934478608,nr49.png,16
2311,14.0,179.0,11.0,0.0,4900.0,7.0,0.0,nr109.png,4.0,0.0,nr100.png,6.0,0.0,nr53.png,7.0,0.1758427191222405,nr81.png,7.0,0.0,nr42.png,3.0,0.0,nr93.png,5.0,0.0,nr94.png,1.0,0.10213966523272056,nr92.png,4.0,0.0,nr2.png,3.0,0.0,nr19.png,7.0,0.0,nr58.png,2.0,0.10678237728875332,nr4.png,5.0,0.0,nr11.png,7.0,0.017410170210122818,nr75.png,7.0,0.11490712338681065,nr79.png,7.0,0.11142508934478608,nr49.png,16
2312,14.0,179.0,12.0,3.0,5786.0,7.0,0.0,nr109.png,4.0,0.0,nr100.png,6.0,0.0,nr53.png,7.0,0.1758427191222405,nr81.png,7.0,0.0,nr42.png,3.0,0.0,nr93.png,5.0,0.0,nr94.png,1.0,0.10213966523272056,nr92.png,4.0,0.0,nr2.png,3.0,0.0,nr19.png,7.0,0.0,nr58.png,2.0,0.10678237728875332,nr4.png,5.0,0.0,nr11.png,7.0,0.017410170210122818,nr75.png,7.0,0.11490712338681065,nr79.png,7.0,0.11142508934478608,nr49.png,16
2313,14.0,179.0,13.0,3.0,3951.0,7.0,0.0,nr109.png,4.0,0.0,nr100.png,6.0,0.0,nr53.png,7.0,0.1758427191222405,nr81.png,7.0,0.0,nr42.png,3.0,0.0,nr93.png,5.0,0.0,nr94.png,1.0,0.10213966523272056,nr92.png,4.0,0.0,nr2.png,3.0,0.0,nr19.png,7.0,0.0,nr58.png,2.0,0.10678237728875332,nr4.png,5.0,0.0,nr11.png,7.0,0.017410170210122818,nr75.png,7.0,0.11490712338681065,nr79.png,7.0,0.11142508934478608,nr49.png,16
2314,14.0,179.0,14.0,15.0,3910.0,7.0,0.0,nr109.png,4.0,0.0,nr100.png,6.0,0.0,nr53.png,7.0,0.1758427191222405,nr81.png,7.0,0.0,nr42.png,3.0,0.0,nr93.png,5.0,0.0,nr94.png,1.0,0.10213966523272056,nr92.png,4.0,0.0,nr2.png,3.0,0.0,nr19.png,7.0,0.0,nr58.png,2.0,0.10678237728875332,nr4.png,5.0,0.0,nr11.png,7.0,0.017410170210122818,nr75.png,7.0,0.11490712338681065,nr79.png,7.0,0.11142508934478608,nr49.png,16
2315,14.0,179.0,15.0,15.0,3653.0,7.0,0.0,nr109.png,4.0,0.0,nr100.png,6.0,0.0,nr53.png,7.0,0.1758427191222405,nr81.png,7.0,0.0,nr42.png,3.0,0.0,nr93.png,5.0,0.0,nr94.png,1.0,0.10213966523272056,nr92.png,4.0,0.0,nr2.png,3.0,0.0,nr19.png,7.0,0.0,nr58.png,2.0,0.10678237728875332,nr4.png,5.0,0.0,nr11.png,7.0,0.017410170210122818,nr75.png,7.0,0.11490712338681065,nr79.png,7.0,0.11142508934478608,nr49.png,16
2316,14.0,179.0,16.0,14.0,2969.0,7.0,0.0,nr109.png,4.0,0.0,nr100.png,6.0,0.0,nr53.png,7.0,0.1758427191222405,nr81.png,7.0,0.0,nr42.png,3.0,0.0,nr93.png,5.0,0.0,nr94.png,1.0,0.10213966523272056,nr92.png,4.0,0.0,nr2.png,3.0,0.0,nr19.png,7.0,0.0,nr58.png,2.0,0.10678237728875332,nr4.png,5.0,0.0,nr11.png,7.0,0.017410170210122818,nr75.png,7.0,0.11490712338681065,nr79.png,7.0,0.11142508934478608,nr49.png,16
2317,14.0,179.0,17.0,13.0,3919.0,7.0,0.0,nr109.png,4.0,0.0,nr100.png,6.0,0.0,nr53.png,7.0,0.1758427191222405,nr81.png,7.0,0.0,nr42.png,3.0,0.0,nr93.png,5.0,0.0,nr94.png,1.0,0.10213966523272056,nr92.png,4.0,0.0,nr2.png,3.0,0.0,nr19.png,7.0,0.0,nr58.png,2.0,0.10678237728875332,nr4.png,5.0,0.0,nr11.png,7.0,0.017410170210122818,nr75.png,7.0,0.11490712338681065,nr79.png,7.0,0.11142508934478608,nr49.png,16
2318,14.0,179.0,18.0,3.0,4785.0,7.0,0.0,nr109.png,4.0,0.0,nr100.png,6.0,0.0,nr53.png,7.0,0.1758427191222405,nr81.png,7.0,0.0,nr42.png,3.0,0.0,nr93.png,5.0,0.0,nr94.png,1.0,0.10213966523272056,nr92.png,4.0,0.0,nr2.png,3.0,0.0,nr19.png,7.0,0.0,nr58.png,2.0,0.10678237728875332,nr4.png,5.0,0.0,nr11.png,7.0,0.017410170210122818,nr75.png,7.0,0.11490712338681065,nr79.png,7.0,0.11142508934478608,nr49.png,16
2319,14.0,179.0,19.0,2.0,4905.0,7.0,0.0,nr109.png,4.0,0.0,nr100.png,6.0,0.0,nr53.png,7.0,0.1758427191222405,nr81.png,7.0,0.0,nr42.png,3.0,0.0,nr93.png,5.0,0.0,nr94.png,1.0,0.10213966523272056,nr92.png,4.0,0.0,nr2.png,3.0,0.0,nr19.png,7.0,0.0,nr58.png,2.0,0.10678237728875332,nr4.png,5.0,0.0,nr11.png,7.0,0.017410170210122818,nr75.png,7.0,0.11490712338681065,nr79.png,7.0,0.11142508934478608,nr49.png,16
2320,14.0,179.0,20.0,10.0,4463.0,7.0,0.0,nr109.png,4.0,0.0,nr100.png,6.0,0.0,nr53.png,7.0,0.1758427191222405,nr81.png,7.0,0.0,nr42.png,3.0,0.0,nr93.png,5.0,0.0,nr94.png,1.0,0.10213966523272056,nr92.png,4.0,0.0,nr2.png,3.0,0.0,nr19.png,7.0,0.0,nr58.png,2.0,0.10678237728875332,nr4.png,5.0,0.0,nr11.png,7.0,0.017410170210122818,nr75.png,7.0,0.11490712338681065,nr79.png,7.0,0.11142508934478608,nr49.png,16
2321,14.0,179.0,21.0,14.0,3220.0,7.0,0.0,nr109.png,4.0,0.0,nr100.png,6.0,0.0,nr53.png,7.0,0.1758427191222405,nr81.png,7.0,0.0,nr42.png,3.0,0.0,nr93.png,5.0,0.0,nr94.png,1.0,0.10213966523272056,nr92.png,4.0,0.0,nr2.png,3.0,0.0,nr19.png,7.0,0.0,nr58.png,2.0,0.10678237728875332,nr4.png,5.0,0.0,nr11.png,7.0,0.017410170210122818,nr75.png,7.0,0.11490712338681065,nr79.png,7.0,0.11142508934478608,nr49.png,16
2322,14.0,179.0,22.0,0.0,4397.0,7.0,0.0,nr109.png,4.0,0.0,nr100.png,6.0,0.0,nr53.png,7.0,0.1758427191222405,nr81.png,7.0,0.0,nr42.png,3.0,0.0,nr93.png,5.0,0.0,nr94.png,1.0,0.10213966523272056,nr92.png,4.0,0.0,nr2.png,3.0,0.0,nr19.png,7.0,0.0,nr58.png,2.0,0.10678237728875332,nr4.png,5.0,0.0,nr11.png,7.0,0.017410170210122818,nr75.png,7.0,0.11490712338681065,nr79.png,7.0,0.11142508934478608,nr49.png,16
2323,14.0,179.0,23.0,15.0,5036.0,7.0,0.0,nr109.png,4.0,0.0,nr100.png,6.0,0.0,nr53.png,7.0,0.1758427191222405,nr81.png,7.0,0.0,nr42.png,3.0,0.0,nr93.png,5.0,0.0,nr94.png,1.0,0.10213966523272056,nr92.png,4.0,0.0,nr2.png,3.0,0.0,nr19.png,7.0,0.0,nr58.png,2.0,0.10678237728875332,nr4.png,5.0,0.0,nr11.png,7.0,0.017410170210122818,nr75.png,7.0,0.11490712338681065,nr79.png,7.0,0.11142508934478608,nr49.png,16
2324,14.0,179.0,24.0,1.0,3938.0,7.0,0.0,nr109.png,4.0,0.0,nr100.png,6.0,0.0,nr53.png,7.0,0.1758427191222405,nr81.png,7.0,0.0,nr42.png,3.0,0.0,nr93.png,5.0,0.0,nr94.png,1.0,0.10213966523272056,nr92.png,4.0,0.0,nr2.png,3.0,0.0,nr19.png,7.0,0.0,nr58.png,2.0,0.10678237728875332,nr4.png,5.0,0.0,nr11.png,7.0,0.017410170210122818,nr75.png,7.0,0.11490712338681065,nr79.png,7.0,0.11142508934478608,nr49.png,16
2325,14.0,179.0,25.0,15.0,3919.0,7.0,0.0,nr109.png,4.0,0.0,nr100.png,6.0,0.0,nr53.png,7.0,0.1758427191222405,nr81.png,7.0,0.0,nr42.png,3.0,0.0,nr93.png,5.0,0.0,nr94.png,1.0,0.10213966523272056,nr92.png,4.0,0.0,nr2.png,3.0,0.0,nr19.png,7.0,0.0,nr58.png,2.0,0.10678237728875332,nr4.png,5.0,0.0,nr11.png,7.0,0.017410170210122818,nr75.png,7.0,0.11490712338681065,nr79.png,7.0,0.11142508934478608,nr49.png,16
2326,14.0,179.0,26.0,13.0,6485.0,7.0,0.0,nr109.png,4.0,0.0,nr100.png,6.0,0.0,nr53.png,7.0,0.1758427191222405,nr81.png,7.0,0.0,nr42.png,3.0,0.0,nr93.png,5.0,0.0,nr94.png,1.0,0.10213966523272056,nr92.png,4.0,0.0,nr2.png,3.0,0.0,nr19.png,7.0,0.0,nr58.png,2.0,0.10678237728875332,nr4.png,5.0,0.0,nr11.png,7.0,0.017410170210122818,nr75.png,7.0,0.11490712338681065,nr79.png,7.0,0.11142508934478608,nr49.png,16
2327,14.0,179.0,27.0,13.0,5081.0,7.0,0.0,nr109.png,4.0,0.0,nr100.png,6.0,0.0,nr53.png,7.0,0.1758427191222405,nr81.png,7.0,0.0,nr42.png,3.0,0.0,nr93.png,5.0,0.0,nr94.png,1.0,0.10213966523272056,nr92.png,4.0,0.0,nr2.png,3.0,0.0,nr19.png,7.0,0.0,nr58.png,2.0,0.10678237728875332,nr4.png,5.0,0.0,nr11.png,7.0,0.017410170210122818,nr75.png,7.0,0.11490712338681065,nr79.png,7.0,0.11142508934478608,nr49.png,16
2328,14.0,179.0,28.0,0.0,3459.0,7.0,0.0,nr109.png,4.0,0.0,nr100.png,6.0,0.0,nr53.png,7.0,0.1758427191222405,nr81.png,7.0,0.0,nr42.png,3.0,0.0,nr93.png,5.0,0.0,nr94.png,1.0,0.10213966523272056,nr92.png,4.0,0.0,nr2.png,3.0,0.0,nr19.png,7.0,0.0,nr58.png,2.0,0.10678237728875332,nr4.png,5.0,0.0,nr11.png,7.0,0.017410170210122818,nr75.png,7.0,0.11490712338681065,nr79.png,7.0,0.11142508934478608,nr49.png,16
2329,14.0,179.0,29.0,3.0,4648.0,7.0,0.0,nr109.png,4.0,0.0,nr100.png,6.0,0.0,nr53.png,7.0,0.1758427191222405,nr81.png,7.0,0.0,nr42.png,3.0,0.0,nr93.png,5.0,0.0,nr94.png,1.0,0.10213966523272056,nr92.png,4.0,0.0,nr2.png,3.0,0.0,nr19.png,7.0,0.0,nr58.png,2.0,0.10678237728875332,nr4.png,5.0,0.0,nr11.png,7.0,0.017410170210122818,nr75.png,7.0,0.11490712338681065,nr79.png,7.0,0.11142508934478608,nr49.png,16
2330,14.0,179.0,30.0,4.0,4395.0,7.0,0.0,nr109.png,4.0,0.0,nr100.png,6.0,0.0,nr53.png,7.0,0.1758427191222405,nr81.png,7.0,0.0,nr42.png,3.0,0.0,nr93.png,5.0,0.0,nr94.png,1.0,0.10213966523272056,nr92.png,4.0,0.0,nr2.png,3.0,0.0,nr19.png,7.0,0.0,nr58.png,2.0,0.10678237728875332,nr4.png,5.0,0.0,nr11.png,7.0,0.017410170210122818,nr75.png,7.0,0.11490712338681065,nr79.png,7.0,0.11142508934478608,nr49.png,16
2331,14.0,179.0,31.0,14.0,4951.0,7.0,0.0,nr109.png,4.0,0.0,nr100.png,6.0,0.0,nr53.png,7.0,0.1758427191222405,nr81.png,7.0,0.0,nr42.png,3.0,0.0,nr93.png,5.0,0.0,nr94.png,1.0,0.10213966523272056,nr92.png,4.0,0.0,nr2.png,3.0,0.0,nr19.png,7.0,0.0,nr58.png,2.0,0.10678237728875332,nr4.png,5.0,0.0,nr11.png,7.0,0.017410170210122818,nr75.png,7.0,0.11490712338681065,nr79.png,7.0,0.11142508934478608,nr49.png,16
2332,14.0,179.0,32.0,13.0,4943.0,7.0,0.0,nr109.png,4.0,0.0,nr100.png,6.0,0.0,nr53.png,7.0,0.1758427191222405,nr81.png,7.0,0.0,nr42.png,3.0,0.0,nr93.png,5.0,0.0,nr94.png,1.0,0.10213966523272056,nr92.png,4.0,0.0,nr2.png,3.0,0.0,nr19.png,7.0,0.0,nr58.png,2.0,0.10678237728875332,nr4.png,5.0,0.0,nr11.png,7.0,0.017410170210122818,nr75.png,7.0,0.11490712338681065,nr79.png,7.0,0.11142508934478608,nr49.png,16
2333,14.0,179.0,33.0,15.0,3164.0,7.0,0.0,nr109.png,4.0,0.0,nr100.png,6.0,0.0,nr53.png,7.0,0.1758427191222405,nr81.png,7.0,0.0,nr42.png,3.0,0.0,nr93.png,5.0,0.0,nr94.png,1.0,0.10213966523272056,nr92.png,4.0,0.0,nr2.png,3.0,0.0,nr19.png,7.0,0.0,nr58.png,2.0,0.10678237728875332,nr4.png,5.0,0.0,nr11.png,7.0,0.017410170210122818,nr75.png,7.0,0.11490712338681065,nr79.png,7.0,0.11142508934478608,nr49.png,16
2334,14.0,179.0,34.0,13.0,6143.0,7.0,0.0,nr109.png,4.0,0.0,nr100.png,6.0,0.0,nr53.png,7.0,0.1758427191222405,nr81.png,7.0,0.0,nr42.png,3.0,0.0,nr93.png,5.0,0.0,nr94.png,1.0,0.10213966523272056,nr92.png,4.0,0.0,nr2.png,3.0,0.0,nr19.png,7.0,0.0,nr58.png,2.0,0.10678237728875332,nr4.png,5.0,0.0,nr11.png,7.0,0.017410170210122818,nr75.png,7.0,0.11490712338681065,nr79.png,7.0,0.11142508934478608,nr49.png,16
2335,14.0,179.0,35.0,10.0,3075.0,7.0,0.0,nr109.png,4.0,0.0,nr100.png,6.0,0.0,nr53.png,7.0,0.1758427191222405,nr81.png,7.0,0.0,nr42.png,3.0,0.0,nr93.png,5.0,0.0,nr94.png,1.0,0.10213966523272056,nr92.png,4.0,0.0,nr2.png,3.0,0.0,nr19.png,7.0,0.0,nr58.png,2.0,0.10678237728875332,nr4.png,5.0,0.0,nr11.png,7.0,0.017410170210122818,nr75.png,7.0,0.11490712338681065,nr79.png,7.0,0.11142508934478608,nr49.png,16
2336,14.0,179.0,36.0,4.0,4668.0,7.0,0.0,nr109.png,4.0,0.0,nr100.png,6.0,0.0,nr53.png,7.0,0.1758427191222405,nr81.png,7.0,0.0,nr42.png,3.0,0.0,nr93.png,5.0,0.0,nr94.png,1.0,0.10213966523272056,nr92.png,4.0,0.0,nr2.png,3.0,0.0,nr19.png,7.0,0.0,nr58.png,2.0,0.10678237728875332,nr4.png,5.0,0.0,nr11.png,7.0,0.017410170210122818,nr75.png,7.0,0.11490712338681065,nr79.png,7.0,0.11142508934478608,nr49.png,16
2337,14.0,179.0,37.0,14.0,5364.0,7.0,0.0,nr109.png,4.0,0.0,nr100.png,6.0,0.0,nr53.png,7.0,0.1758427191222405,nr81.png,7.0,0.0,nr42.png,3.0,0.0,nr93.png,5.0,0.0,nr94.png,1.0,0.10213966523272056,nr92.png,4.0,0.0,nr2.png,3.0,0.0,nr19.png,7.0,0.0,nr58.png,2.0,0.10678237728875332,nr4.png,5.0,0.0,nr11.png,7.0,0.017410170210122818,nr75.png,7.0,0.11490712338681065,nr79.png,7.0,0.11142508934478608,nr49.png,16
2338,14.0,179.0,38.0,13.0,3211.0,7.0,0.0,nr109.png,4.0,0.0,nr100.png,6.0,0.0,nr53.png,7.0,0.1758427191222405,nr81.png,7.0,0.0,nr42.png,3.0,0.0,nr93.png,5.0,0.0,nr94.png,1.0,0.10213966523272056,nr92.png,4.0,0.0,nr2.png,3.0,0.0,nr19.png,7.0,0.0,nr58.png,2.0,0.10678237728875332,nr4.png,5.0,0.0,nr11.png,7.0,0.017410170210122818,nr75.png,7.0,0.11490712338681065,nr79.png,7.0,0.11142508934478608,nr49.png,16
2339,14.0,179.0,39.0,15.0,5710.0,7.0,0.0,nr109.png,4.0,0.0,nr100.png,6.0,0.0,nr53.png,7.0,0.1758427191222405,nr81.png,7.0,0.0,nr42.png,3.0,0.0,nr93.png,5.0,0.0,nr94.png,1.0,0.10213966523272056,nr92.png,4.0,0.0,nr2.png,3.0,0.0,nr19.png,7.0,0.0,nr58.png,2.0,0.10678237728875332,nr4.png,5.0,0.0,nr11.png,7.0,0.017410170210122818,nr75.png,7.0,0.11490712338681065,nr79.png,7.0,0.11142508934478608,nr49.png,16
2340,14.0,179.0,40.0,3.0,4016.0,7.0,0.0,nr109.png,4.0,0.0,nr100.png,6.0,0.0,nr53.png,7.0,0.1758427191222405,nr81.png,7.0,0.0,nr42.png,3.0,0.0,nr93.png,5.0,0.0,nr94.png,1.0,0.10213966523272056,nr92.png,4.0,0.0,nr2.png,3.0,0.0,nr19.png,7.0,0.0,nr58.png,2.0,0.10678237728875332,nr4.png,5.0,0.0,nr11.png,7.0,0.017410170210122818,nr75.png,7.0,0.11490712338681065,nr79.png,7.0,0.11142508934478608,nr49.png,16
2341,14.0,179.0,41.0,15.0,3054.0,7.0,0.0,nr109.png,4.0,0.0,nr100.png,6.0,0.0,nr53.png,7.0,0.1758427191222405,nr81.png,7.0,0.0,nr42.png,3.0,0.0,nr93.png,5.0,0.0,nr94.png,1.0,0.10213966523272056,nr92.png,4.0,0.0,nr2.png,3.0,0.0,nr19.png,7.0,0.0,nr58.png,2.0,0.10678237728875332,nr4.png,5.0,0.0,nr11.png,7.0,0.017410170210122818,nr75.png,7.0,0.11490712338681065,nr79.png,7.0,0.11142508934478608,nr49.png,16
2342,14.0,179.0,42.0,15.0,3704.0,7.0,0.0,nr109.png,4.0,0.0,nr100.png,6.0,0.0,nr53.png,7.0,0.1758427191222405,nr81.png,7.0,0.0,nr42.png,3.0,0.0,nr93.png,5.0,0.0,nr94.png,1.0,0.10213966523272056,nr92.png,4.0,0.0,nr2.png,3.0,0.0,nr19.png,7.0,0.0,nr58.png,2.0,0.10678237728875332,nr4.png,5.0,0.0,nr11.png,7.0,0.017410170210122818,nr75.png,7.0,0.11490712338681065,nr79.png,7.0,0.11142508934478608,nr49.png,16
2343,14.0,179.0,43.0,0.0,4524.0,7.0,0.0,nr109.png,4.0,0.0,nr100.png,6.0,0.0,nr53.png,7.0,0.1758427191222405,nr81.png,7.0,0.0,nr42.png,3.0,0.0,nr93.png,5.0,0.0,nr94.png,1.0,0.10213966523272056,nr92.png,4.0,0.0,nr2.png,3.0,0.0,nr19.png,7.0,0.0,nr58.png,2.0,0.10678237728875332,nr4.png,5.0,0.0,nr11.png,7.0,0.017410170210122818,nr75.png,7.0,0.11490712338681065,nr79.png,7.0,0.11142508934478608,nr49.png,16
2344,14.0,179.0,44.0,8.0,5417.0,7.0,0.0,nr109.png,4.0,0.0,nr100.png,6.0,0.0,nr53.png,7.0,0.1758427191222405,nr81.png,7.0,0.0,nr42.png,3.0,0.0,nr93.png,5.0,0.0,nr94.png,1.0,0.10213966523272056,nr92.png,4.0,0.0,nr2.png,3.0,0.0,nr19.png,7.0,0.0,nr58.png,2.0,0.10678237728875332,nr4.png,5.0,0.0,nr11.png,7.0,0.017410170210122818,nr75.png,7.0,0.11490712338681065,nr79.png,7.0,0.11142508934478608,nr49.png,16
2345,14.0,179.0,45.0,15.0,3200.0,7.0,0.0,nr109.png,4.0,0.0,nr100.png,6.0,0.0,nr53.png,7.0,0.1758427191222405,nr81.png,7.0,0.0,nr42.png,3.0,0.0,nr93.png,5.0,0.0,nr94.png,1.0,0.10213966523272056,nr92.png,4.0,0.0,nr2.png,3.0,0.0,nr19.png,7.0,0.0,nr58.png,2.0,0.10678237728875332,nr4.png,5.0,0.0,nr11.png,7.0,0.017410170210122818,nr75.png,7.0,0.11490712338681065,nr79.png,7.0,0.11142508934478608,nr49.png,16
2346,14.0,179.0,46.0,3.0,2972.0,7.0,0.0,nr109.png,4.0,0.0,nr100.png,6.0,0.0,nr53.png,7.0,0.1758427191222405,nr81.png,7.0,0.0,nr42.png,3.0,0.0,nr93.png,5.0,0.0,nr94.png,1.0,0.10213966523272056,nr92.png,4.0,0.0,nr2.png,3.0,0.0,nr19.png,7.0,0.0,nr58.png,2.0,0.10678237728875332,nr4.png,5.0,0.0,nr11.png,7.0,0.017410170210122818,nr75.png,7.0,0.11490712338681065,nr79.png,7.0,0.11142508934478608,nr49.png,16
2347,14.0,179.0,47.0,3.0,4259.0,7.0,0.0,nr109.png,4.0,0.0,nr100.png,6.0,0.0,nr53.png,7.0,0.1758427191222405,nr81.png,7.0,0.0,nr42.png,3.0,0.0,nr93.png,5.0,0.0,nr94.png,1.0,0.10213966523272056,nr92.png,4.0,0.0,nr2.png,3.0,0.0,nr19.png,7.0,0.0,nr58.png,2.0,0.10678237728875332,nr4.png,5.0,0.0,nr11.png,7.0,0.017410170210122818,nr75.png,7.0,0.11490712338681065,nr79.png,7.0,0.11142508934478608,nr49.png,16
2348,14.0,179.0,48.0,15.0,4703.0,7.0,0.0,nr109.png,4.0,0.0,nr100.png,6.0,0.0,nr53.png,7.0,0.1758427191222405,nr81.png,7.0,0.0,nr42.png,3.0,0.0,nr93.png,5.0,0.0,nr94.png,1.0,0.10213966523272056,nr92.png,4.0,0.0,nr2.png,3.0,0.0,nr19.png,7.0,0.0,nr58.png,2.0,0.10678237728875332,nr4.png,5.0,0.0,nr11.png,7.0,0.017410170210122818,nr75.png,7.0,0.11490712338681065,nr79.png,7.0,0.11142508934478608,nr49.png,16
2349,14.0,179.0,49.0,14.0,3800.0,7.0,0.0,nr109.png,4.0,0.0,nr100.png,6.0,0.0,nr53.png,7.0,0.1758427191222405,nr81.png,7.0,0.0,nr42.png,3.0,0.0,nr93.png,5.0,0.0,nr94.png,1.0,0.10213966523272056,nr92.png,4.0,0.0,nr2.png,3.0,0.0,nr19.png,7.0,0.0,nr58.png,2.0,0.10678237728875332,nr4.png,5.0,0.0,nr11.png,7.0,0.017410170210122818,nr75.png,7.0,0.11490712338681065,nr79.png,7.0,0.11142508934478608,nr49.png,16
2350,14.0,190.0,0.0,7.0,7834.0,6.0,0.03439020608498758,nr44.png,2.0,0.0,nr85.png,4.0,0.026013104602747018,nr111.png,3.0,0.0,nr69.png,4.0,0.0753939133401651,nr112.png,7.0,0.0,nr91.png,3.0,0.02204500390063307,nr93.png,1.0,0.0,nr92.png,4.0,0.09964341763086147,nr100.png,7.0,0.048499008581392763,nr89.png,7.0,0.049821708815430736,nr54.png,1.0,0.058639710375683975,nr124.png,7.0,0.08950271583657028,nr62.png,1.0,0.055994309907608,nr102.png,7.0,0.06701681185792452,nr28.png,6.0,0.0,nr87.png,16
2351,14.0,190.0,1.0,14.0,2528.0,6.0,0.03439020608498758,nr44.png,2.0,0.0,nr85.png,4.0,0.026013104602747018,nr111.png,3.0,0.0,nr69.png,4.0,0.0753939133401651,nr112.png,7.0,0.0,nr91.png,3.0,0.02204500390063307,nr93.png,1.0,0.0,nr92.png,4.0,0.09964341763086147,nr100.png,7.0,0.048499008581392763,nr89.png,7.0,0.049821708815430736,nr54.png,1.0,0.058639710375683975,nr124.png,7.0,0.08950271583657028,nr62.png,1.0,0.055994309907608,nr102.png,7.0,0.06701681185792452,nr28.png,6.0,0.0,nr87.png,16
2352,14.0,190.0,2.0,12.0,4816.0,6.0,0.03439020608498758,nr44.png,2.0,0.0,nr85.png,4.0,0.026013104602747018,nr111.png,3.0,0.0,nr69.png,4.0,0.0753939133401651,nr112.png,7.0,0.0,nr91.png,3.0,0.02204500390063307,nr93.png,1.0,0.0,nr92.png,4.0,0.09964341763086147,nr100.png,7.0,0.048499008581392763,nr89.png,7.0,0.049821708815430736,nr54.png,1.0,0.058639710375683975,nr124.png,7.0,0.08950271583657028,nr62.png,1.0,0.055994309907608,nr102.png,7.0,0.06701681185792452,nr28.png,6.0,0.0,nr87.png,16
2353,14.0,190.0,3.0,5.0,5644.0,6.0,0.03439020608498758,nr44.png,2.0,0.0,nr85.png,4.0,0.026013104602747018,nr111.png,3.0,0.0,nr69.png,4.0,0.0753939133401651,nr112.png,7.0,0.0,nr91.png,3.0,0.02204500390063307,nr93.png,1.0,0.0,nr92.png,4.0,0.09964341763086147,nr100.png,7.0,0.048499008581392763,nr89.png,7.0,0.049821708815430736,nr54.png,1.0,0.058639710375683975,nr124.png,7.0,0.08950271583657028,nr62.png,1.0,0.055994309907608,nr102.png,7.0,0.06701681185792452,nr28.png,6.0,0.0,nr87.png,16
2354,14.0,190.0,4.0,7.0,3988.0,6.0,0.03439020608498758,nr44.png,2.0,0.0,nr85.png,4.0,0.026013104602747018,nr111.png,3.0,0.0,nr69.png,4.0,0.0753939133401651,nr112.png,7.0,0.0,nr91.png,3.0,0.02204500390063307,nr93.png,1.0,0.0,nr92.png,4.0,0.09964341763086147,nr100.png,7.0,0.048499008581392763,nr89.png,7.0,0.049821708815430736,nr54.png,1.0,0.058639710375683975,nr124.png,7.0,0.08950271583657028,nr62.png,1.0,0.055994309907608,nr102.png,7.0,0.06701681185792452,nr28.png,6.0,0.0,nr87.png,16
2355,14.0,190.0,5.0,5.0,5580.0,6.0,0.03439020608498758,nr44.png,2.0,0.0,nr85.png,4.0,0.026013104602747018,nr111.png,3.0,0.0,nr69.png,4.0,0.0753939133401651,nr112.png,7.0,0.0,nr91.png,3.0,0.02204500390063307,nr93.png,1.0,0.0,nr92.png,4.0,0.09964341763086147,nr100.png,7.0,0.048499008581392763,nr89.png,7.0,0.049821708815430736,nr54.png,1.0,0.058639710375683975,nr124.png,7.0,0.08950271583657028,nr62.png,1.0,0.055994309907608,nr102.png,7.0,0.06701681185792452,nr28.png,6.0,0.0,nr87.png,16
2356,14.0,190.0,6.0,8.0,4235.0,6.0,0.03439020608498758,nr44.png,2.0,0.0,nr85.png,4.0,0.026013104602747018,nr111.png,3.0,0.0,nr69.png,4.0,0.0753939133401651,nr112.png,7.0,0.0,nr91.png,3.0,0.02204500390063307,nr93.png,1.0,0.0,nr92.png,4.0,0.09964341763086147,nr100.png,7.0,0.048499008581392763,nr89.png,7.0,0.049821708815430736,nr54.png,1.0,0.058639710375683975,nr124.png,7.0,0.08950271583657028,nr62.png,1.0,0.055994309907608,nr102.png,7.0,0.06701681185792452,nr28.png,6.0,0.0,nr87.png,16
2357,14.0,190.0,7.0,12.0,3840.0,6.0,0.03439020608498758,nr44.png,2.0,0.0,nr85.png,4.0,0.026013104602747018,nr111.png,3.0,0.0,nr69.png,4.0,0.0753939133401651,nr112.png,7.0,0.0,nr91.png,3.0,0.02204500390063307,nr93.png,1.0,0.0,nr92.png,4.0,0.09964341763086147,nr100.png,7.0,0.048499008581392763,nr89.png,7.0,0.049821708815430736,nr54.png,1.0,0.058639710375683975,nr124.png,7.0,0.08950271583657028,nr62.png,1.0,0.055994309907608,nr102.png,7.0,0.06701681185792452,nr28.png,6.0,0.0,nr87.png,16
2358,14.0,190.0,8.0,14.0,6144.0,6.0,0.03439020608498758,nr44.png,2.0,0.0,nr85.png,4.0,0.026013104602747018,nr111.png,3.0,0.0,nr69.png,4.0,0.0753939133401651,nr112.png,7.0,0.0,nr91.png,3.0,0.02204500390063307,nr93.png,1.0,0.0,nr92.png,4.0,0.09964341763086147,nr100.png,7.0,0.048499008581392763,nr89.png,7.0,0.049821708815430736,nr54.png,1.0,0.058639710375683975,nr124.png,7.0,0.08950271583657028,nr62.png,1.0,0.055994309907608,nr102.png,7.0,0.06701681185792452,nr28.png,6.0,0.0,nr87.png,16
2359,14.0,190.0,9.0,12.0,3460.0,6.0,0.03439020608498758,nr44.png,2.0,0.0,nr85.png,4.0,0.026013104602747018,nr111.png,3.0,0.0,nr69.png,4.0,0.0753939133401651,nr112.png,7.0,0.0,nr91.png,3.0,0.02204500390063307,nr93.png,1.0,0.0,nr92.png,4.0,0.09964341763086147,nr100.png,7.0,0.048499008581392763,nr89.png,7.0,0.049821708815430736,nr54.png,1.0,0.058639710375683975,nr124.png,7.0,0.08950271583657028,nr62.png,1.0,0.055994309907608,nr102.png,7.0,0.06701681185792452,nr28.png,6.0,0.0,nr87.png,16
2360,14.0,190.0,10.0,10.0,3459.0,6.0,0.03439020608498758,nr44.png,2.0,0.0,nr85.png,4.0,0.026013104602747018,nr111.png,3.0,0.0,nr69.png,4.0,0.0753939133401651,nr112.png,7.0,0.0,nr91.png,3.0,0.02204500390063307,nr93.png,1.0,0.0,nr92.png,4.0,0.09964341763086147,nr100.png,7.0,0.048499008581392763,nr89.png,7.0,0.049821708815430736,nr54.png,1.0,0.058639710375683975,nr124.png,7.0,0.08950271583657028,nr62.png,1.0,0.055994309907608,nr102.png,7.0,0.06701681185792452,nr28.png,6.0,0.0,nr87.png,16
2361,14.0,190.0,11.0,12.0,4473.0,6.0,0.03439020608498758,nr44.png,2.0,0.0,nr85.png,4.0,0.026013104602747018,nr111.png,3.0,0.0,nr69.png,4.0,0.0753939133401651,nr112.png,7.0,0.0,nr91.png,3.0,0.02204500390063307,nr93.png,1.0,0.0,nr92.png,4.0,0.09964341763086147,nr100.png,7.0,0.048499008581392763,nr89.png,7.0,0.049821708815430736,nr54.png,1.0,0.058639710375683975,nr124.png,7.0,0.08950271583657028,nr62.png,1.0,0.055994309907608,nr102.png,7.0,0.06701681185792452,nr28.png,6.0,0.0,nr87.png,16
2362,14.0,190.0,12.0,9.0,4557.0,6.0,0.03439020608498758,nr44.png,2.0,0.0,nr85.png,4.0,0.026013104602747018,nr111.png,3.0,0.0,nr69.png,4.0,0.0753939133401651,nr112.png,7.0,0.0,nr91.png,3.0,0.02204500390063307,nr93.png,1.0,0.0,nr92.png,4.0,0.09964341763086147,nr100.png,7.0,0.048499008581392763,nr89.png,7.0,0.049821708815430736,nr54.png,1.0,0.058639710375683975,nr124.png,7.0,0.08950271583657028,nr62.png,1.0,0.055994309907608,nr102.png,7.0,0.06701681185792452,nr28.png,6.0,0.0,nr87.png,16
2363,14.0,190.0,13.0,14.0,4492.0,6.0,0.03439020608498758,nr44.png,2.0,0.0,nr85.png,4.0,0.026013104602747018,nr111.png,3.0,0.0,nr69.png,4.0,0.0753939133401651,nr112.png,7.0,0.0,nr91.png,3.0,0.02204500390063307,nr93.png,1.0,0.0,nr92.png,4.0,0.09964341763086147,nr100.png,7.0,0.048499008581392763,nr89.png,7.0,0.049821708815430736,nr54.png,1.0,0.058639710375683975,nr124.png,7.0,0.08950271583657028,nr62.png,1.0,0.055994309907608,nr102.png,7.0,0.06701681185792452,nr28.png,6.0,0.0,nr87.png,16
2364,14.0,190.0,14.0,14.0,3787.0,6.0,0.03439020608498758,nr44.png,2.0,0.0,nr85.png,4.0,0.026013104602747018,nr111.png,3.0,0.0,nr69.png,4.0,0.0753939133401651,nr112.png,7.0,0.0,nr91.png,3.0,0.02204500390063307,nr93.png,1.0,0.0,nr92.png,4.0,0.09964341763086147,nr100.png,7.0,0.048499008581392763,nr89.png,7.0,0.049821708815430736,nr54.png,1.0,0.058639710375683975,nr124.png,7.0,0.08950271583657028,nr62.png,1.0,0.055994309907608,nr102.png,7.0,0.06701681185792452,nr28.png,6.0,0.0,nr87.png,16
2365,14.0,190.0,15.0,9.0,4324.0,6.0,0.03439020608498758,nr44.png,2.0,0.0,nr85.png,4.0,0.026013104602747018,nr111.png,3.0,0.0,nr69.png,4.0,0.0753939133401651,nr112.png,7.0,0.0,nr91.png,3.0,0.02204500390063307,nr93.png,1.0,0.0,nr92.png,4.0,0.09964341763086147,nr100.png,7.0,0.048499008581392763,nr89.png,7.0,0.049821708815430736,nr54.png,1.0,0.058639710375683975,nr124.png,7.0,0.08950271583657028,nr62.png,1.0,0.055994309907608,nr102.png,7.0,0.06701681185792452,nr28.png,6.0,0.0,nr87.png,16
2366,14.0,190.0,16.0,9.0,4246.0,6.0,0.03439020608498758,nr44.png,2.0,0.0,nr85.png,4.0,0.026013104602747018,nr111.png,3.0,0.0,nr69.png,4.0,0.0753939133401651,nr112.png,7.0,0.0,nr91.png,3.0,0.02204500390063307,nr93.png,1.0,0.0,nr92.png,4.0,0.09964341763086147,nr100.png,7.0,0.048499008581392763,nr89.png,7.0,0.049821708815430736,nr54.png,1.0,0.058639710375683975,nr124.png,7.0,0.08950271583657028,nr62.png,1.0,0.055994309907608,nr102.png,7.0,0.06701681185792452,nr28.png,6.0,0.0,nr87.png,16
2367,14.0,190.0,17.0,9.0,4100.0,6.0,0.03439020608498758,nr44.png,2.0,0.0,nr85.png,4.0,0.026013104602747018,nr111.png,3.0,0.0,nr69.png,4.0,0.0753939133401651,nr112.png,7.0,0.0,nr91.png,3.0,0.02204500390063307,nr93.png,1.0,0.0,nr92.png,4.0,0.09964341763086147,nr100.png,7.0,0.048499008581392763,nr89.png,7.0,0.049821708815430736,nr54.png,1.0,0.058639710375683975,nr124.png,7.0,0.08950271583657028,nr62.png,1.0,0.055994309907608,nr102.png,7.0,0.06701681185792452,nr28.png,6.0,0.0,nr87.png,16
2368,14.0,190.0,18.0,5.0,3672.0,6.0,0.03439020608498758,nr44.png,2.0,0.0,nr85.png,4.0,0.026013104602747018,nr111.png,3.0,0.0,nr69.png,4.0,0.0753939133401651,nr112.png,7.0,0.0,nr91.png,3.0,0.02204500390063307,nr93.png,1.0,0.0,nr92.png,4.0,0.09964341763086147,nr100.png,7.0,0.048499008581392763,nr89.png,7.0,0.049821708815430736,nr54.png,1.0,0.058639710375683975,nr124.png,7.0,0.08950271583657028,nr62.png,1.0,0.055994309907608,nr102.png,7.0,0.06701681185792452,nr28.png,6.0,0.0,nr87.png,16
2369,14.0,190.0,19.0,8.0,4828.0,6.0,0.03439020608498758,nr44.png,2.0,0.0,nr85.png,4.0,0.026013104602747018,nr111.png,3.0,0.0,nr69.png,4.0,0.0753939133401651,nr112.png,7.0,0.0,nr91.png,3.0,0.02204500390063307,nr93.png,1.0,0.0,nr92.png,4.0,0.09964341763086147,nr100.png,7.0,0.048499008581392763,nr89.png,7.0,0.049821708815430736,nr54.png,1.0,0.058639710375683975,nr124.png,7.0,0.08950271583657028,nr62.png,1.0,0.055994309907608,nr102.png,7.0,0.06701681185792452,nr28.png,6.0,0.0,nr87.png,16
2370,14.0,190.0,20.0,12.0,3988.0,6.0,0.03439020608498758,nr44.png,2.0,0.0,nr85.png,4.0,0.026013104602747018,nr111.png,3.0,0.0,nr69.png,4.0,0.0753939133401651,nr112.png,7.0,0.0,nr91.png,3.0,0.02204500390063307,nr93.png,1.0,0.0,nr92.png,4.0,0.09964341763086147,nr100.png,7.0,0.048499008581392763,nr89.png,7.0,0.049821708815430736,nr54.png,1.0,0.058639710375683975,nr124.png,7.0,0.08950271583657028,nr62.png,1.0,0.055994309907608,nr102.png,7.0,0.06701681185792452,nr28.png,6.0,0.0,nr87.png,16
2371,14.0,190.0,21.0,12.0,5911.0,6.0,0.03439020608498758,nr44.png,2.0,0.0,nr85.png,4.0,0.026013104602747018,nr111.png,3.0,0.0,nr69.png,4.0,0.0753939133401651,nr112.png,7.0,0.0,nr91.png,3.0,0.02204500390063307,nr93.png,1.0,0.0,nr92.png,4.0,0.09964341763086147,nr100.png,7.0,0.048499008581392763,nr89.png,7.0,0.049821708815430736,nr54.png,1.0,0.058639710375683975,nr124.png,7.0,0.08950271583657028,nr62.png,1.0,0.055994309907608,nr102.png,7.0,0.06701681185792452,nr28.png,6.0,0.0,nr87.png,16
2372,14.0,190.0,22.0,10.0,3549.0,6.0,0.03439020608498758,nr44.png,2.0,0.0,nr85.png,4.0,0.026013104602747018,nr111.png,3.0,0.0,nr69.png,4.0,0.0753939133401651,nr112.png,7.0,0.0,nr91.png,3.0,0.02204500390063307,nr93.png,1.0,0.0,nr92.png,4.0,0.09964341763086147,nr100.png,7.0,0.048499008581392763,nr89.png,7.0,0.049821708815430736,nr54.png,1.0,0.058639710375683975,nr124.png,7.0,0.08950271583657028,nr62.png,1.0,0.055994309907608,nr102.png,7.0,0.06701681185792452,nr28.png,6.0,0.0,nr87.png,16
2373,14.0,190.0,23.0,5.0,4511.0,6.0,0.03439020608498758,nr44.png,2.0,0.0,nr85.png,4.0,0.026013104602747018,nr111.png,3.0,0.0,nr69.png,4.0,0.0753939133401651,nr112.png,7.0,0.0,nr91.png,3.0,0.02204500390063307,nr93.png,1.0,0.0,nr92.png,4.0,0.09964341763086147,nr100.png,7.0,0.048499008581392763,nr89.png,7.0,0.049821708815430736,nr54.png,1.0,0.058639710375683975,nr124.png,7.0,0.08950271583657028,nr62.png,1.0,0.055994309907608,nr102.png,7.0,0.06701681185792452,nr28.png,6.0,0.0,nr87.png,16
2374,14.0,190.0,24.0,12.0,2571.0,6.0,0.03439020608498758,nr44.png,2.0,0.0,nr85.png,4.0,0.026013104602747018,nr111.png,3.0,0.0,nr69.png,4.0,0.0753939133401651,nr112.png,7.0,0.0,nr91.png,3.0,0.02204500390063307,nr93.png,1.0,0.0,nr92.png,4.0,0.09964341763086147,nr100.png,7.0,0.048499008581392763,nr89.png,7.0,0.049821708815430736,nr54.png,1.0,0.058639710375683975,nr124.png,7.0,0.08950271583657028,nr62.png,1.0,0.055994309907608,nr102.png,7.0,0.06701681185792452,nr28.png,6.0,0.0,nr87.png,16
2375,14.0,190.0,25.0,0.0,4896.0,6.0,0.03439020608498758,nr44.png,2.0,0.0,nr85.png,4.0,0.026013104602747018,nr111.png,3.0,0.0,nr69.png,4.0,0.0753939133401651,nr112.png,7.0,0.0,nr91.png,3.0,0.02204500390063307,nr93.png,1.0,0.0,nr92.png,4.0,0.09964341763086147,nr100.png,7.0,0.048499008581392763,nr89.png,7.0,0.049821708815430736,nr54.png,1.0,0.058639710375683975,nr124.png,7.0,0.08950271583657028,nr62.png,1.0,0.055994309907608,nr102.png,7.0,0.06701681185792452,nr28.png,6.0,0.0,nr87.png,16
2376,14.0,190.0,26.0,10.0,4094.0,6.0,0.03439020608498758,nr44.png,2.0,0.0,nr85.png,4.0,0.026013104602747018,nr111.png,3.0,0.0,nr69.png,4.0,0.0753939133401651,nr112.png,7.0,0.0,nr91.png,3.0,0.02204500390063307,nr93.png,1.0,0.0,nr92.png,4.0,0.09964341763086147,nr100.png,7.0,0.048499008581392763,nr89.png,7.0,0.049821708815430736,nr54.png,1.0,0.058639710375683975,nr124.png,7.0,0.08950271583657028,nr62.png,1.0,0.055994309907608,nr102.png,7.0,0.06701681185792452,nr28.png,6.0,0.0,nr87.png,16
2377,14.0,190.0,27.0,10.0,3677.0,6.0,0.03439020608498758,nr44.png,2.0,0.0,nr85.png,4.0,0.026013104602747018,nr111.png,3.0,0.0,nr69.png,4.0,0.0753939133401651,nr112.png,7.0,0.0,nr91.png,3.0,0.02204500390063307,nr93.png,1.0,0.0,nr92.png,4.0,0.09964341763086147,nr100.png,7.0,0.048499008581392763,nr89.png,7.0,0.049821708815430736,nr54.png,1.0,0.058639710375683975,nr124.png,7.0,0.08950271583657028,nr62.png,1.0,0.055994309907608,nr102.png,7.0,0.06701681185792452,nr28.png,6.0,0.0,nr87.png,16
2378,14.0,190.0,28.0,5.0,3500.0,6.0,0.03439020608498758,nr44.png,2.0,0.0,nr85.png,4.0,0.026013104602747018,nr111.png,3.0,0.0,nr69.png,4.0,0.0753939133401651,nr112.png,7.0,0.0,nr91.png,3.0,0.02204500390063307,nr93.png,1.0,0.0,nr92.png,4.0,0.09964341763086147,nr100.png,7.0,0.048499008581392763,nr89.png,7.0,0.049821708815430736,nr54.png,1.0,0.058639710375683975,nr124.png,7.0,0.08950271583657028,nr62.png,1.0,0.055994309907608,nr102.png,7.0,0.06701681185792452,nr28.png,6.0,0.0,nr87.png,16
2379,14.0,190.0,29.0,5.0,4126.0,6.0,0.03439020608498758,nr44.png,2.0,0.0,nr85.png,4.0,0.026013104602747018,nr111.png,3.0,0.0,nr69.png,4.0,0.0753939133401651,nr112.png,7.0,0.0,nr91.png,3.0,0.02204500390063307,nr93.png,1.0,0.0,nr92.png,4.0,0.09964341763086147,nr100.png,7.0,0.048499008581392763,nr89.png,7.0,0.049821708815430736,nr54.png,1.0,0.058639710375683975,nr124.png,7.0,0.08950271583657028,nr62.png,1.0,0.055994309907608,nr102.png,7.0,0.06701681185792452,nr28.png,6.0,0.0,nr87.png,16
2380,14.0,190.0,30.0,12.0,5023.0,6.0,0.03439020608498758,nr44.png,2.0,0.0,nr85.png,4.0,0.026013104602747018,nr111.png,3.0,0.0,nr69.png,4.0,0.0753939133401651,nr112.png,7.0,0.0,nr91.png,3.0,0.02204500390063307,nr93.png,1.0,0.0,nr92.png,4.0,0.09964341763086147,nr100.png,7.0,0.048499008581392763,nr89.png,7.0,0.049821708815430736,nr54.png,1.0,0.058639710375683975,nr124.png,7.0,0.08950271583657028,nr62.png,1.0,0.055994309907608,nr102.png,7.0,0.06701681185792452,nr28.png,6.0,0.0,nr87.png,16
2381,14.0,190.0,31.0,10.0,5366.0,6.0,0.03439020608498758,nr44.png,2.0,0.0,nr85.png,4.0,0.026013104602747018,nr111.png,3.0,0.0,nr69.png,4.0,0.0753939133401651,nr112.png,7.0,0.0,nr91.png,3.0,0.02204500390063307,nr93.png,1.0,0.0,nr92.png,4.0,0.09964341763086147,nr100.png,7.0,0.048499008581392763,nr89.png,7.0,0.049821708815430736,nr54.png,1.0,0.058639710375683975,nr124.png,7.0,0.08950271583657028,nr62.png,1.0,0.055994309907608,nr102.png,7.0,0.06701681185792452,nr28.png,6.0,0.0,nr87.png,16
2382,14.0,190.0,32.0,14.0,3416.0,6.0,0.03439020608498758,nr44.png,2.0,0.0,nr85.png,4.0,0.026013104602747018,nr111.png,3.0,0.0,nr69.png,4.0,0.0753939133401651,nr112.png,7.0,0.0,nr91.png,3.0,0.02204500390063307,nr93.png,1.0,0.0,nr92.png,4.0,0.09964341763086147,nr100.png,7.0,0.048499008581392763,nr89.png,7.0,0.049821708815430736,nr54.png,1.0,0.058639710375683975,nr124.png,7.0,0.08950271583657028,nr62.png,1.0,0.055994309907608,nr102.png,7.0,0.06701681185792452,nr28.png,6.0,0.0,nr87.png,16
2383,14.0,190.0,33.0,12.0,3637.0,6.0,0.03439020608498758,nr44.png,2.0,0.0,nr85.png,4.0,0.026013104602747018,nr111.png,3.0,0.0,nr69.png,4.0,0.0753939133401651,nr112.png,7.0,0.0,nr91.png,3.0,0.02204500390063307,nr93.png,1.0,0.0,nr92.png,4.0,0.09964341763086147,nr100.png,7.0,0.048499008581392763,nr89.png,7.0,0.049821708815430736,nr54.png,1.0,0.058639710375683975,nr124.png,7.0,0.08950271583657028,nr62.png,1.0,0.055994309907608,nr102.png,7.0,0.06701681185792452,nr28.png,6.0,0.0,nr87.png,16
2384,14.0,190.0,34.0,5.0,4714.0,6.0,0.03439020608498758,nr44.png,2.0,0.0,nr85.png,4.0,0.026013104602747018,nr111.png,3.0,0.0,nr69.png,4.0,0.0753939133401651,nr112.png,7.0,0.0,nr91.png,3.0,0.02204500390063307,nr93.png,1.0,0.0,nr92.png,4.0,0.09964341763086147,nr100.png,7.0,0.048499008581392763,nr89.png,7.0,0.049821708815430736,nr54.png,1.0,0.058639710375683975,nr124.png,7.0,0.08950271583657028,nr62.png,1.0,0.055994309907608,nr102.png,7.0,0.06701681185792452,nr28.png,6.0,0.0,nr87.png,16
2385,14.0,190.0,35.0,12.0,3091.0,6.0,0.03439020608498758,nr44.png,2.0,0.0,nr85.png,4.0,0.026013104602747018,nr111.png,3.0,0.0,nr69.png,4.0,0.0753939133401651,nr112.png,7.0,0.0,nr91.png,3.0,0.02204500390063307,nr93.png,1.0,0.0,nr92.png,4.0,0.09964341763086147,nr100.png,7.0,0.048499008581392763,nr89.png,7.0,0.049821708815430736,nr54.png,1.0,0.058639710375683975,nr124.png,7.0,0.08950271583657028,nr62.png,1.0,0.055994309907608,nr102.png,7.0,0.06701681185792452,nr28.png,6.0,0.0,nr87.png,16
2386,14.0,190.0,36.0,15.0,4214.0,6.0,0.03439020608498758,nr44.png,2.0,0.0,nr85.png,4.0,0.026013104602747018,nr111.png,3.0,0.0,nr69.png,4.0,0.0753939133401651,nr112.png,7.0,0.0,nr91.png,3.0,0.02204500390063307,nr93.png,1.0,0.0,nr92.png,4.0,0.09964341763086147,nr100.png,7.0,0.048499008581392763,nr89.png,7.0,0.049821708815430736,nr54.png,1.0,0.058639710375683975,nr124.png,7.0,0.08950271583657028,nr62.png,1.0,0.055994309907608,nr102.png,7.0,0.06701681185792452,nr28.png,6.0,0.0,nr87.png,16
2387,14.0,190.0,37.0,9.0,2393.0,6.0,0.03439020608498758,nr44.png,2.0,0.0,nr85.png,4.0,0.026013104602747018,nr111.png,3.0,0.0,nr69.png,4.0,0.0753939133401651,nr112.png,7.0,0.0,nr91.png,3.0,0.02204500390063307,nr93.png,1.0,0.0,nr92.png,4.0,0.09964341763086147,nr100.png,7.0,0.048499008581392763,nr89.png,7.0,0.049821708815430736,nr54.png,1.0,0.058639710375683975,nr124.png,7.0,0.08950271583657028,nr62.png,1.0,0.055994309907608,nr102.png,7.0,0.06701681185792452,nr28.png,6.0,0.0,nr87.png,16
2388,14.0,190.0,38.0,0.0,4159.0,6.0,0.03439020608498758,nr44.png,2.0,0.0,nr85.png,4.0,0.026013104602747018,nr111.png,3.0,0.0,nr69.png,4.0,0.0753939133401651,nr112.png,7.0,0.0,nr91.png,3.0,0.02204500390063307,nr93.png,1.0,0.0,nr92.png,4.0,0.09964341763086147,nr100.png,7.0,0.048499008581392763,nr89.png,7.0,0.049821708815430736,nr54.png,1.0,0.058639710375683975,nr124.png,7.0,0.08950271583657028,nr62.png,1.0,0.055994309907608,nr102.png,7.0,0.06701681185792452,nr28.png,6.0,0.0,nr87.png,16
2389,14.0,190.0,39.0,12.0,4267.0,6.0,0.03439020608498758,nr44.png,2.0,0.0,nr85.png,4.0,0.026013104602747018,nr111.png,3.0,0.0,nr69.png,4.0,0.0753939133401651,nr112.png,7.0,0.0,nr91.png,3.0,0.02204500390063307,nr93.png,1.0,0.0,nr92.png,4.0,0.09964341763086147,nr100.png,7.0,0.048499008581392763,nr89.png,7.0,0.049821708815430736,nr54.png,1.0,0.058639710375683975,nr124.png,7.0,0.08950271583657028,nr62.png,1.0,0.055994309907608,nr102.png,7.0,0.06701681185792452,nr28.png,6.0,0.0,nr87.png,16
2390,14.0,190.0,40.0,10.0,3486.0,6.0,0.03439020608498758,nr44.png,2.0,0.0,nr85.png,4.0,0.026013104602747018,nr111.png,3.0,0.0,nr69.png,4.0,0.0753939133401651,nr112.png,7.0,0.0,nr91.png,3.0,0.02204500390063307,nr93.png,1.0,0.0,nr92.png,4.0,0.09964341763086147,nr100.png,7.0,0.048499008581392763,nr89.png,7.0,0.049821708815430736,nr54.png,1.0,0.058639710375683975,nr124.png,7.0,0.08950271583657028,nr62.png,1.0,0.055994309907608,nr102.png,7.0,0.06701681185792452,nr28.png,6.0,0.0,nr87.png,16
2391,14.0,190.0,41.0,12.0,5143.0,6.0,0.03439020608498758,nr44.png,2.0,0.0,nr85.png,4.0,0.026013104602747018,nr111.png,3.0,0.0,nr69.png,4.0,0.0753939133401651,nr112.png,7.0,0.0,nr91.png,3.0,0.02204500390063307,nr93.png,1.0,0.0,nr92.png,4.0,0.09964341763086147,nr100.png,7.0,0.048499008581392763,nr89.png,7.0,0.049821708815430736,nr54.png,1.0,0.058639710375683975,nr124.png,7.0,0.08950271583657028,nr62.png,1.0,0.055994309907608,nr102.png,7.0,0.06701681185792452,nr28.png,6.0,0.0,nr87.png,16
2392,14.0,190.0,42.0,14.0,2773.0,6.0,0.03439020608498758,nr44.png,2.0,0.0,nr85.png,4.0,0.026013104602747018,nr111.png,3.0,0.0,nr69.png,4.0,0.0753939133401651,nr112.png,7.0,0.0,nr91.png,3.0,0.02204500390063307,nr93.png,1.0,0.0,nr92.png,4.0,0.09964341763086147,nr100.png,7.0,0.048499008581392763,nr89.png,7.0,0.049821708815430736,nr54.png,1.0,0.058639710375683975,nr124.png,7.0,0.08950271583657028,nr62.png,1.0,0.055994309907608,nr102.png,7.0,0.06701681185792452,nr28.png,6.0,0.0,nr87.png,16
2393,14.0,190.0,43.0,12.0,5787.0,6.0,0.03439020608498758,nr44.png,2.0,0.0,nr85.png,4.0,0.026013104602747018,nr111.png,3.0,0.0,nr69.png,4.0,0.0753939133401651,nr112.png,7.0,0.0,nr91.png,3.0,0.02204500390063307,nr93.png,1.0,0.0,nr92.png,4.0,0.09964341763086147,nr100.png,7.0,0.048499008581392763,nr89.png,7.0,0.049821708815430736,nr54.png,1.0,0.058639710375683975,nr124.png,7.0,0.08950271583657028,nr62.png,1.0,0.055994309907608,nr102.png,7.0,0.06701681185792452,nr28.png,6.0,0.0,nr87.png,16
2394,14.0,190.0,44.0,5.0,4086.0,6.0,0.03439020608498758,nr44.png,2.0,0.0,nr85.png,4.0,0.026013104602747018,nr111.png,3.0,0.0,nr69.png,4.0,0.0753939133401651,nr112.png,7.0,0.0,nr91.png,3.0,0.02204500390063307,nr93.png,1.0,0.0,nr92.png,4.0,0.09964341763086147,nr100.png,7.0,0.048499008581392763,nr89.png,7.0,0.049821708815430736,nr54.png,1.0,0.058639710375683975,nr124.png,7.0,0.08950271583657028,nr62.png,1.0,0.055994309907608,nr102.png,7.0,0.06701681185792452,nr28.png,6.0,0.0,nr87.png,16
2395,14.0,190.0,45.0,10.0,4688.0,6.0,0.03439020608498758,nr44.png,2.0,0.0,nr85.png,4.0,0.026013104602747018,nr111.png,3.0,0.0,nr69.png,4.0,0.0753939133401651,nr112.png,7.0,0.0,nr91.png,3.0,0.02204500390063307,nr93.png,1.0,0.0,nr92.png,4.0,0.09964341763086147,nr100.png,7.0,0.048499008581392763,nr89.png,7.0,0.049821708815430736,nr54.png,1.0,0.058639710375683975,nr124.png,7.0,0.08950271583657028,nr62.png,1.0,0.055994309907608,nr102.png,7.0,0.06701681185792452,nr28.png,6.0,0.0,nr87.png,16
2396,14.0,190.0,46.0,12.0,5014.0,6.0,0.03439020608498758,nr44.png,2.0,0.0,nr85.png,4.0,0.026013104602747018,nr111.png,3.0,0.0,nr69.png,4.0,0.0753939133401651,nr112.png,7.0,0.0,nr91.png,3.0,0.02204500390063307,nr93.png,1.0,0.0,nr92.png,4.0,0.09964341763086147,nr100.png,7.0,0.048499008581392763,nr89.png,7.0,0.049821708815430736,nr54.png,1.0,0.058639710375683975,nr124.png,7.0,0.08950271583657028,nr62.png,1.0,0.055994309907608,nr102.png,7.0,0.06701681185792452,nr28.png,6.0,0.0,nr87.png,16
2397,14.0,190.0,47.0,5.0,5284.0,6.0,0.03439020608498758,nr44.png,2.0,0.0,nr85.png,4.0,0.026013104602747018,nr111.png,3.0,0.0,nr69.png,4.0,0.0753939133401651,nr112.png,7.0,0.0,nr91.png,3.0,0.02204500390063307,nr93.png,1.0,0.0,nr92.png,4.0,0.09964341763086147,nr100.png,7.0,0.048499008581392763,nr89.png,7.0,0.049821708815430736,nr54.png,1.0,0.058639710375683975,nr124.png,7.0,0.08950271583657028,nr62.png,1.0,0.055994309907608,nr102.png,7.0,0.06701681185792452,nr28.png,6.0,0.0,nr87.png,16
2398,14.0,190.0,48.0,6.0,3593.0,6.0,0.03439020608498758,nr44.png,2.0,0.0,nr85.png,4.0,0.026013104602747018,nr111.png,3.0,0.0,nr69.png,4.0,0.0753939133401651,nr112.png,7.0,0.0,nr91.png,3.0,0.02204500390063307,nr93.png,1.0,0.0,nr92.png,4.0,0.09964341763086147,nr100.png,7.0,0.048499008581392763,nr89.png,7.0,0.049821708815430736,nr54.png,1.0,0.058639710375683975,nr124.png,7.0,0.08950271583657028,nr62.png,1.0,0.055994309907608,nr102.png,7.0,0.06701681185792452,nr28.png,6.0,0.0,nr87.png,16
2399,14.0,190.0,49.0,9.0,2086.0,6.0,0.03439020608498758,nr44.png,2.0,0.0,nr85.png,4.0,0.026013104602747018,nr111.png,3.0,0.0,nr69.png,4.0,0.0753939133401651,nr112.png,7.0,0.0,nr91.png,3.0,0.02204500390063307,nr93.png,1.0,0.0,nr92.png,4.0,0.09964341763086147,nr100.png,7.0,0.048499008581392763,nr89.png,7.0,0.049821708815430736,nr54.png,1.0,0.058639710375683975,nr124.png,7.0,0.08950271583657028,nr62.png,1.0,0.055994309907608,nr102.png,7.0,0.06701681185792452,nr28.png,6.0,0.0,nr87.png,16
2400,14.0,199.0,0.0,2.0,5569.0,7.0,0.0,nr98.png,4.0,0.0,nr100.png,7.0,0.2198855281381494,nr109.png,7.0,0.0,nr46.png,5.0,0.0,nr106.png,7.0,0.15773854004916052,nr54.png,7.0,0.10382789977919428,nr30.png,1.0,0.08136513300004168,nr124.png,2.0,0.0,nr50.png,1.0,0.05391064026996625,nr72.png,7.0,0.04692222393867433,nr28.png,5.0,0.02346111196933717,nr15.png,3.0,0.0,nr69.png,7.0,0.08835354933133359,nr45.png,5.0,0.04193049798775153,nr114.png,2.0,0.0,nr4.png,16
2401,14.0,199.0,1.0,5.0,4118.0,7.0,0.0,nr98.png,4.0,0.0,nr100.png,7.0,0.2198855281381494,nr109.png,7.0,0.0,nr46.png,5.0,0.0,nr106.png,7.0,0.15773854004916052,nr54.png,7.0,0.10382789977919428,nr30.png,1.0,0.08136513300004168,nr124.png,2.0,0.0,nr50.png,1.0,0.05391064026996625,nr72.png,7.0,0.04692222393867433,nr28.png,5.0,0.02346111196933717,nr15.png,3.0,0.0,nr69.png,7.0,0.08835354933133359,nr45.png,5.0,0.04193049798775153,nr114.png,2.0,0.0,nr4.png,16
2402,14.0,199.0,2.0,5.0,6282.0,7.0,0.0,nr98.png,4.0,0.0,nr100.png,7.0,0.2198855281381494,nr109.png,7.0,0.0,nr46.png,5.0,0.0,nr106.png,7.0,0.15773854004916052,nr54.png,7.0,0.10382789977919428,nr30.png,1.0,0.08136513300004168,nr124.png,2.0,0.0,nr50.png,1.0,0.05391064026996625,nr72.png,7.0,0.04692222393867433,nr28.png,5.0,0.02346111196933717,nr15.png,3.0,0.0,nr69.png,7.0,0.08835354933133359,nr45.png,5.0,0.04193049798775153,nr114.png,2.0,0.0,nr4.png,16
2403,14.0,199.0,3.0,2.0,3796.0,7.0,0.0,nr98.png,4.0,0.0,nr100.png,7.0,0.2198855281381494,nr109.png,7.0,0.0,nr46.png,5.0,0.0,nr106.png,7.0,0.15773854004916052,nr54.png,7.0,0.10382789977919428,nr30.png,1.0,0.08136513300004168,nr124.png,2.0,0.0,nr50.png,1.0,0.05391064026996625,nr72.png,7.0,0.04692222393867433,nr28.png,5.0,0.02346111196933717,nr15.png,3.0,0.0,nr69.png,7.0,0.08835354933133359,nr45.png,5.0,0.04193049798775153,nr114.png,2.0,0.0,nr4.png,16
2404,14.0,199.0,4.0,5.0,5065.0,7.0,0.0,nr98.png,4.0,0.0,nr100.png,7.0,0.2198855281381494,nr109.png,7.0,0.0,nr46.png,5.0,0.0,nr106.png,7.0,0.15773854004916052,nr54.png,7.0,0.10382789977919428,nr30.png,1.0,0.08136513300004168,nr124.png,2.0,0.0,nr50.png,1.0,0.05391064026996625,nr72.png,7.0,0.04692222393867433,nr28.png,5.0,0.02346111196933717,nr15.png,3.0,0.0,nr69.png,7.0,0.08835354933133359,nr45.png,5.0,0.04193049798775153,nr114.png,2.0,0.0,nr4.png,16
2405,14.0,199.0,5.0,10.0,5947.0,7.0,0.0,nr98.png,4.0,0.0,nr100.png,7.0,0.2198855281381494,nr109.png,7.0,0.0,nr46.png,5.0,0.0,nr106.png,7.0,0.15773854004916052,nr54.png,7.0,0.10382789977919428,nr30.png,1.0,0.08136513300004168,nr124.png,2.0,0.0,nr50.png,1.0,0.05391064026996625,nr72.png,7.0,0.04692222393867433,nr28.png,5.0,0.02346111196933717,nr15.png,3.0,0.0,nr69.png,7.0,0.08835354933133359,nr45.png,5.0,0.04193049798775153,nr114.png,2.0,0.0,nr4.png,16
2406,14.0,199.0,6.0,13.0,4219.0,7.0,0.0,nr98.png,4.0,0.0,nr100.png,7.0,0.2198855281381494,nr109.png,7.0,0.0,nr46.png,5.0,0.0,nr106.png,7.0,0.15773854004916052,nr54.png,7.0,0.10382789977919428,nr30.png,1.0,0.08136513300004168,nr124.png,2.0,0.0,nr50.png,1.0,0.05391064026996625,nr72.png,7.0,0.04692222393867433,nr28.png,5.0,0.02346111196933717,nr15.png,3.0,0.0,nr69.png,7.0,0.08835354933133359,nr45.png,5.0,0.04193049798775153,nr114.png,2.0,0.0,nr4.png,16
2407,14.0,199.0,7.0,5.0,3301.0,7.0,0.0,nr98.png,4.0,0.0,nr100.png,7.0,0.2198855281381494,nr109.png,7.0,0.0,nr46.png,5.0,0.0,nr106.png,7.0,0.15773854004916052,nr54.png,7.0,0.10382789977919428,nr30.png,1.0,0.08136513300004168,nr124.png,2.0,0.0,nr50.png,1.0,0.05391064026996625,nr72.png,7.0,0.04692222393867433,nr28.png,5.0,0.02346111196933717,nr15.png,3.0,0.0,nr69.png,7.0,0.08835354933133359,nr45.png,5.0,0.04193049798775153,nr114.png,2.0,0.0,nr4.png,16
2408,14.0,199.0,8.0,0.0,4911.0,7.0,0.0,nr98.png,4.0,0.0,nr100.png,7.0,0.2198855281381494,nr109.png,7.0,0.0,nr46.png,5.0,0.0,nr106.png,7.0,0.15773854004916052,nr54.png,7.0,0.10382789977919428,nr30.png,1.0,0.08136513300004168,nr124.png,2.0,0.0,nr50.png,1.0,0.05391064026996625,nr72.png,7.0,0.04692222393867433,nr28.png,5.0,0.02346111196933717,nr15.png,3.0,0.0,nr69.png,7.0,0.08835354933133359,nr45.png,5.0,0.04193049798775153,nr114.png,2.0,0.0,nr4.png,16
2409,14.0,199.0,9.0,2.0,4361.0,7.0,0.0,nr98.png,4.0,0.0,nr100.png,7.0,0.2198855281381494,nr109.png,7.0,0.0,nr46.png,5.0,0.0,nr106.png,7.0,0.15773854004916052,nr54.png,7.0,0.10382789977919428,nr30.png,1.0,0.08136513300004168,nr124.png,2.0,0.0,nr50.png,1.0,0.05391064026996625,nr72.png,7.0,0.04692222393867433,nr28.png,5.0,0.02346111196933717,nr15.png,3.0,0.0,nr69.png,7.0,0.08835354933133359,nr45.png,5.0,0.04193049798775153,nr114.png,2.0,0.0,nr4.png,16
2410,14.0,199.0,10.0,6.0,5554.0,7.0,0.0,nr98.png,4.0,0.0,nr100.png,7.0,0.2198855281381494,nr109.png,7.0,0.0,nr46.png,5.0,0.0,nr106.png,7.0,0.15773854004916052,nr54.png,7.0,0.10382789977919428,nr30.png,1.0,0.08136513300004168,nr124.png,2.0,0.0,nr50.png,1.0,0.05391064026996625,nr72.png,7.0,0.04692222393867433,nr28.png,5.0,0.02346111196933717,nr15.png,3.0,0.0,nr69.png,7.0,0.08835354933133359,nr45.png,5.0,0.04193049798775153,nr114.png,2.0,0.0,nr4.png,16
2411,14.0,199.0,11.0,2.0,4023.0,7.0,0.0,nr98.png,4.0,0.0,nr100.png,7.0,0.2198855281381494,nr109.png,7.0,0.0,nr46.png,5.0,0.0,nr106.png,7.0,0.15773854004916052,nr54.png,7.0,0.10382789977919428,nr30.png,1.0,0.08136513300004168,nr124.png,2.0,0.0,nr50.png,1.0,0.05391064026996625,nr72.png,7.0,0.04692222393867433,nr28.png,5.0,0.02346111196933717,nr15.png,3.0,0.0,nr69.png,7.0,0.08835354933133359,nr45.png,5.0,0.04193049798775153,nr114.png,2.0,0.0,nr4.png,16
2412,14.0,199.0,12.0,13.0,2973.0,7.0,0.0,nr98.png,4.0,0.0,nr100.png,7.0,0.2198855281381494,nr109.png,7.0,0.0,nr46.png,5.0,0.0,nr106.png,7.0,0.15773854004916052,nr54.png,7.0,0.10382789977919428,nr30.png,1.0,0.08136513300004168,nr124.png,2.0,0.0,nr50.png,1.0,0.05391064026996625,nr72.png,7.0,0.04692222393867433,nr28.png,5.0,0.02346111196933717,nr15.png,3.0,0.0,nr69.png,7.0,0.08835354933133359,nr45.png,5.0,0.04193049798775153,nr114.png,2.0,0.0,nr4.png,16
2413,14.0,199.0,13.0,5.0,5182.0,7.0,0.0,nr98.png,4.0,0.0,nr100.png,7.0,0.2198855281381494,nr109.png,7.0,0.0,nr46.png,5.0,0.0,nr106.png,7.0,0.15773854004916052,nr54.png,7.0,0.10382789977919428,nr30.png,1.0,0.08136513300004168,nr124.png,2.0,0.0,nr50.png,1.0,0.05391064026996625,nr72.png,7.0,0.04692222393867433,nr28.png,5.0,0.02346111196933717,nr15.png,3.0,0.0,nr69.png,7.0,0.08835354933133359,nr45.png,5.0,0.04193049798775153,nr114.png,2.0,0.0,nr4.png,16
2414,14.0,199.0,14.0,2.0,5946.0,7.0,0.0,nr98.png,4.0,0.0,nr100.png,7.0,0.2198855281381494,nr109.png,7.0,0.0,nr46.png,5.0,0.0,nr106.png,7.0,0.15773854004916052,nr54.png,7.0,0.10382789977919428,nr30.png,1.0,0.08136513300004168,nr124.png,2.0,0.0,nr50.png,1.0,0.05391064026996625,nr72.png,7.0,0.04692222393867433,nr28.png,5.0,0.02346111196933717,nr15.png,3.0,0.0,nr69.png,7.0,0.08835354933133359,nr45.png,5.0,0.04193049798775153,nr114.png,2.0,0.0,nr4.png,16
2415,14.0,199.0,15.0,2.0,4049.0,7.0,0.0,nr98.png,4.0,0.0,nr100.png,7.0,0.2198855281381494,nr109.png,7.0,0.0,nr46.png,5.0,0.0,nr106.png,7.0,0.15773854004916052,nr54.png,7.0,0.10382789977919428,nr30.png,1.0,0.08136513300004168,nr124.png,2.0,0.0,nr50.png,1.0,0.05391064026996625,nr72.png,7.0,0.04692222393867433,nr28.png,5.0,0.02346111196933717,nr15.png,3.0,0.0,nr69.png,7.0,0.08835354933133359,nr45.png,5.0,0.04193049798775153,nr114.png,2.0,0.0,nr4.png,16
2416,14.0,199.0,16.0,2.0,3707.0,7.0,0.0,nr98.png,4.0,0.0,nr100.png,7.0,0.2198855281381494,nr109.png,7.0,0.0,nr46.png,5.0,0.0,nr106.png,7.0,0.15773854004916052,nr54.png,7.0,0.10382789977919428,nr30.png,1.0,0.08136513300004168,nr124.png,2.0,0.0,nr50.png,1.0,0.05391064026996625,nr72.png,7.0,0.04692222393867433,nr28.png,5.0,0.02346111196933717,nr15.png,3.0,0.0,nr69.png,7.0,0.08835354933133359,nr45.png,5.0,0.04193049798775153,nr114.png,2.0,0.0,nr4.png,16
2417,14.0,199.0,17.0,2.0,3107.0,7.0,0.0,nr98.png,4.0,0.0,nr100.png,7.0,0.2198855281381494,nr109.png,7.0,0.0,nr46.png,5.0,0.0,nr106.png,7.0,0.15773854004916052,nr54.png,7.0,0.10382789977919428,nr30.png,1.0,0.08136513300004168,nr124.png,2.0,0.0,nr50.png,1.0,0.05391064026996625,nr72.png,7.0,0.04692222393867433,nr28.png,5.0,0.02346111196933717,nr15.png,3.0,0.0,nr69.png,7.0,0.08835354933133359,nr45.png,5.0,0.04193049798775153,nr114.png,2.0,0.0,nr4.png,16
2418,14.0,199.0,18.0,2.0,5574.0,7.0,0.0,nr98.png,4.0,0.0,nr100.png,7.0,0.2198855281381494,nr109.png,7.0,0.0,nr46.png,5.0,0.0,nr106.png,7.0,0.15773854004916052,nr54.png,7.0,0.10382789977919428,nr30.png,1.0,0.08136513300004168,nr124.png,2.0,0.0,nr50.png,1.0,0.05391064026996625,nr72.png,7.0,0.04692222393867433,nr28.png,5.0,0.02346111196933717,nr15.png,3.0,0.0,nr69.png,7.0,0.08835354933133359,nr45.png,5.0,0.04193049798775153,nr114.png,2.0,0.0,nr4.png,16
2419,14.0,199.0,19.0,5.0,4912.0,7.0,0.0,nr98.png,4.0,0.0,nr100.png,7.0,0.2198855281381494,nr109.png,7.0,0.0,nr46.png,5.0,0.0,nr106.png,7.0,0.15773854004916052,nr54.png,7.0,0.10382789977919428,nr30.png,1.0,0.08136513300004168,nr124.png,2.0,0.0,nr50.png,1.0,0.05391064026996625,nr72.png,7.0,0.04692222393867433,nr28.png,5.0,0.02346111196933717,nr15.png,3.0,0.0,nr69.png,7.0,0.08835354933133359,nr45.png,5.0,0.04193049798775153,nr114.png,2.0,0.0,nr4.png,16
2420,14.0,199.0,20.0,6.0,5249.0,7.0,0.0,nr98.png,4.0,0.0,nr100.png,7.0,0.2198855281381494,nr109.png,7.0,0.0,nr46.png,5.0,0.0,nr106.png,7.0,0.15773854004916052,nr54.png,7.0,0.10382789977919428,nr30.png,1.0,0.08136513300004168,nr124.png,2.0,0.0,nr50.png,1.0,0.05391064026996625,nr72.png,7.0,0.04692222393867433,nr28.png,5.0,0.02346111196933717,nr15.png,3.0,0.0,nr69.png,7.0,0.08835354933133359,nr45.png,5.0,0.04193049798775153,nr114.png,2.0,0.0,nr4.png,16
2421,14.0,199.0,21.0,2.0,4415.0,7.0,0.0,nr98.png,4.0,0.0,nr100.png,7.0,0.2198855281381494,nr109.png,7.0,0.0,nr46.png,5.0,0.0,nr106.png,7.0,0.15773854004916052,nr54.png,7.0,0.10382789977919428,nr30.png,1.0,0.08136513300004168,nr124.png,2.0,0.0,nr50.png,1.0,0.05391064026996625,nr72.png,7.0,0.04692222393867433,nr28.png,5.0,0.02346111196933717,nr15.png,3.0,0.0,nr69.png,7.0,0.08835354933133359,nr45.png,5.0,0.04193049798775153,nr114.png,2.0,0.0,nr4.png,16
2422,14.0,199.0,22.0,3.0,3611.0,7.0,0.0,nr98.png,4.0,0.0,nr100.png,7.0,0.2198855281381494,nr109.png,7.0,0.0,nr46.png,5.0,0.0,nr106.png,7.0,0.15773854004916052,nr54.png,7.0,0.10382789977919428,nr30.png,1.0,0.08136513300004168,nr124.png,2.0,0.0,nr50.png,1.0,0.05391064026996625,nr72.png,7.0,0.04692222393867433,nr28.png,5.0,0.02346111196933717,nr15.png,3.0,0.0,nr69.png,7.0,0.08835354933133359,nr45.png,5.0,0.04193049798775153,nr114.png,2.0,0.0,nr4.png,16
2423,14.0,199.0,23.0,2.0,3094.0,7.0,0.0,nr98.png,4.0,0.0,nr100.png,7.0,0.2198855281381494,nr109.png,7.0,0.0,nr46.png,5.0,0.0,nr106.png,7.0,0.15773854004916052,nr54.png,7.0,0.10382789977919428,nr30.png,1.0,0.08136513300004168,nr124.png,2.0,0.0,nr50.png,1.0,0.05391064026996625,nr72.png,7.0,0.04692222393867433,nr28.png,5.0,0.02346111196933717,nr15.png,3.0,0.0,nr69.png,7.0,0.08835354933133359,nr45.png,5.0,0.04193049798775153,nr114.png,2.0,0.0,nr4.png,16
2424,14.0,199.0,24.0,2.0,5859.0,7.0,0.0,nr98.png,4.0,0.0,nr100.png,7.0,0.2198855281381494,nr109.png,7.0,0.0,nr46.png,5.0,0.0,nr106.png,7.0,0.15773854004916052,nr54.png,7.0,0.10382789977919428,nr30.png,1.0,0.08136513300004168,nr124.png,2.0,0.0,nr50.png,1.0,0.05391064026996625,nr72.png,7.0,0.04692222393867433,nr28.png,5.0,0.02346111196933717,nr15.png,3.0,0.0,nr69.png,7.0,0.08835354933133359,nr45.png,5.0,0.04193049798775153,nr114.png,2.0,0.0,nr4.png,16
2425,14.0,199.0,25.0,2.0,4017.0,7.0,0.0,nr98.png,4.0,0.0,nr100.png,7.0,0.2198855281381494,nr109.png,7.0,0.0,nr46.png,5.0,0.0,nr106.png,7.0,0.15773854004916052,nr54.png,7.0,0.10382789977919428,nr30.png,1.0,0.08136513300004168,nr124.png,2.0,0.0,nr50.png,1.0,0.05391064026996625,nr72.png,7.0,0.04692222393867433,nr28.png,5.0,0.02346111196933717,nr15.png,3.0,0.0,nr69.png,7.0,0.08835354933133359,nr45.png,5.0,0.04193049798775153,nr114.png,2.0,0.0,nr4.png,16
2426,14.0,199.0,26.0,2.0,3395.0,7.0,0.0,nr98.png,4.0,0.0,nr100.png,7.0,0.2198855281381494,nr109.png,7.0,0.0,nr46.png,5.0,0.0,nr106.png,7.0,0.15773854004916052,nr54.png,7.0,0.10382789977919428,nr30.png,1.0,0.08136513300004168,nr124.png,2.0,0.0,nr50.png,1.0,0.05391064026996625,nr72.png,7.0,0.04692222393867433,nr28.png,5.0,0.02346111196933717,nr15.png,3.0,0.0,nr69.png,7.0,0.08835354933133359,nr45.png,5.0,0.04193049798775153,nr114.png,2.0,0.0,nr4.png,16
2427,14.0,199.0,27.0,5.0,5754.0,7.0,0.0,nr98.png,4.0,0.0,nr100.png,7.0,0.2198855281381494,nr109.png,7.0,0.0,nr46.png,5.0,0.0,nr106.png,7.0,0.15773854004916052,nr54.png,7.0,0.10382789977919428,nr30.png,1.0,0.08136513300004168,nr124.png,2.0,0.0,nr50.png,1.0,0.05391064026996625,nr72.png,7.0,0.04692222393867433,nr28.png,5.0,0.02346111196933717,nr15.png,3.0,0.0,nr69.png,7.0,0.08835354933133359,nr45.png,5.0,0.04193049798775153,nr114.png,2.0,0.0,nr4.png,16
2428,14.0,199.0,28.0,2.0,3721.0,7.0,0.0,nr98.png,4.0,0.0,nr100.png,7.0,0.2198855281381494,nr109.png,7.0,0.0,nr46.png,5.0,0.0,nr106.png,7.0,0.15773854004916052,nr54.png,7.0,0.10382789977919428,nr30.png,1.0,0.08136513300004168,nr124.png,2.0,0.0,nr50.png,1.0,0.05391064026996625,nr72.png,7.0,0.04692222393867433,nr28.png,5.0,0.02346111196933717,nr15.png,3.0,0.0,nr69.png,7.0,0.08835354933133359,nr45.png,5.0,0.04193049798775153,nr114.png,2.0,0.0,nr4.png,16
2429,14.0,199.0,29.0,2.0,3159.0,7.0,0.0,nr98.png,4.0,0.0,nr100.png,7.0,0.2198855281381494,nr109.png,7.0,0.0,nr46.png,5.0,0.0,nr106.png,7.0,0.15773854004916052,nr54.png,7.0,0.10382789977919428,nr30.png,1.0,0.08136513300004168,nr124.png,2.0,0.0,nr50.png,1.0,0.05391064026996625,nr72.png,7.0,0.04692222393867433,nr28.png,5.0,0.02346111196933717,nr15.png,3.0,0.0,nr69.png,7.0,0.08835354933133359,nr45.png,5.0,0.04193049798775153,nr114.png,2.0,0.0,nr4.png,16
2430,14.0,199.0,30.0,11.0,5940.0,7.0,0.0,nr98.png,4.0,0.0,nr100.png,7.0,0.2198855281381494,nr109.png,7.0,0.0,nr46.png,5.0,0.0,nr106.png,7.0,0.15773854004916052,nr54.png,7.0,0.10382789977919428,nr30.png,1.0,0.08136513300004168,nr124.png,2.0,0.0,nr50.png,1.0,0.05391064026996625,nr72.png,7.0,0.04692222393867433,nr28.png,5.0,0.02346111196933717,nr15.png,3.0,0.0,nr69.png,7.0,0.08835354933133359,nr45.png,5.0,0.04193049798775153,nr114.png,2.0,0.0,nr4.png,16
2431,14.0,199.0,31.0,8.0,8581.0,7.0,0.0,nr98.png,4.0,0.0,nr100.png,7.0,0.2198855281381494,nr109.png,7.0,0.0,nr46.png,5.0,0.0,nr106.png,7.0,0.15773854004916052,nr54.png,7.0,0.10382789977919428,nr30.png,1.0,0.08136513300004168,nr124.png,2.0,0.0,nr50.png,1.0,0.05391064026996625,nr72.png,7.0,0.04692222393867433,nr28.png,5.0,0.02346111196933717,nr15.png,3.0,0.0,nr69.png,7.0,0.08835354933133359,nr45.png,5.0,0.04193049798775153,nr114.png,2.0,0.0,nr4.png,16
2432,14.0,199.0,32.0,13.0,4493.0,7.0,0.0,nr98.png,4.0,0.0,nr100.png,7.0,0.2198855281381494,nr109.png,7.0,0.0,nr46.png,5.0,0.0,nr106.png,7.0,0.15773854004916052,nr54.png,7.0,0.10382789977919428,nr30.png,1.0,0.08136513300004168,nr124.png,2.0,0.0,nr50.png,1.0,0.05391064026996625,nr72.png,7.0,0.04692222393867433,nr28.png,5.0,0.02346111196933717,nr15.png,3.0,0.0,nr69.png,7.0,0.08835354933133359,nr45.png,5.0,0.04193049798775153,nr114.png,2.0,0.0,nr4.png,16
2433,14.0,199.0,33.0,11.0,3196.0,7.0,0.0,nr98.png,4.0,0.0,nr100.png,7.0,0.2198855281381494,nr109.png,7.0,0.0,nr46.png,5.0,0.0,nr106.png,7.0,0.15773854004916052,nr54.png,7.0,0.10382789977919428,nr30.png,1.0,0.08136513300004168,nr124.png,2.0,0.0,nr50.png,1.0,0.05391064026996625,nr72.png,7.0,0.04692222393867433,nr28.png,5.0,0.02346111196933717,nr15.png,3.0,0.0,nr69.png,7.0,0.08835354933133359,nr45.png,5.0,0.04193049798775153,nr114.png,2.0,0.0,nr4.png,16
2434,14.0,199.0,34.0,13.0,5439.0,7.0,0.0,nr98.png,4.0,0.0,nr100.png,7.0,0.2198855281381494,nr109.png,7.0,0.0,nr46.png,5.0,0.0,nr106.png,7.0,0.15773854004916052,nr54.png,7.0,0.10382789977919428,nr30.png,1.0,0.08136513300004168,nr124.png,2.0,0.0,nr50.png,1.0,0.05391064026996625,nr72.png,7.0,0.04692222393867433,nr28.png,5.0,0.02346111196933717,nr15.png,3.0,0.0,nr69.png,7.0,0.08835354933133359,nr45.png,5.0,0.04193049798775153,nr114.png,2.0,0.0,nr4.png,16
2435,14.0,199.0,35.0,5.0,5027.0,7.0,0.0,nr98.png,4.0,0.0,nr100.png,7.0,0.2198855281381494,nr109.png,7.0,0.0,nr46.png,5.0,0.0,nr106.png,7.0,0.15773854004916052,nr54.png,7.0,0.10382789977919428,nr30.png,1.0,0.08136513300004168,nr124.png,2.0,0.0,nr50.png,1.0,0.05391064026996625,nr72.png,7.0,0.04692222393867433,nr28.png,5.0,0.02346111196933717,nr15.png,3.0,0.0,nr69.png,7.0,0.08835354933133359,nr45.png,5.0,0.04193049798775153,nr114.png,2.0,0.0,nr4.png,16
2436,14.0,199.0,36.0,6.0,4121.0,7.0,0.0,nr98.png,4.0,0.0,nr100.png,7.0,0.2198855281381494,nr109.png,7.0,0.0,nr46.png,5.0,0.0,nr106.png,7.0,0.15773854004916052,nr54.png,7.0,0.10382789977919428,nr30.png,1.0,0.08136513300004168,nr124.png,2.0,0.0,nr50.png,1.0,0.05391064026996625,nr72.png,7.0,0.04692222393867433,nr28.png,5.0,0.02346111196933717,nr15.png,3.0,0.0,nr69.png,7.0,0.08835354933133359,nr45.png,5.0,0.04193049798775153,nr114.png,2.0,0.0,nr4.png,16
2437,14.0,199.0,37.0,6.0,4192.0,7.0,0.0,nr98.png,4.0,0.0,nr100.png,7.0,0.2198855281381494,nr109.png,7.0,0.0,nr46.png,5.0,0.0,nr106.png,7.0,0.15773854004916052,nr54.png,7.0,0.10382789977919428,nr30.png,1.0,0.08136513300004168,nr124.png,2.0,0.0,nr50.png,1.0,0.05391064026996625,nr72.png,7.0,0.04692222393867433,nr28.png,5.0,0.02346111196933717,nr15.png,3.0,0.0,nr69.png,7.0,0.08835354933133359,nr45.png,5.0,0.04193049798775153,nr114.png,2.0,0.0,nr4.png,16
2438,14.0,199.0,38.0,0.0,4256.0,7.0,0.0,nr98.png,4.0,0.0,nr100.png,7.0,0.2198855281381494,nr109.png,7.0,0.0,nr46.png,5.0,0.0,nr106.png,7.0,0.15773854004916052,nr54.png,7.0,0.10382789977919428,nr30.png,1.0,0.08136513300004168,nr124.png,2.0,0.0,nr50.png,1.0,0.05391064026996625,nr72.png,7.0,0.04692222393867433,nr28.png,5.0,0.02346111196933717,nr15.png,3.0,0.0,nr69.png,7.0,0.08835354933133359,nr45.png,5.0,0.04193049798775153,nr114.png,2.0,0.0,nr4.png,16
2439,14.0,199.0,39.0,0.0,3721.0,7.0,0.0,nr98.png,4.0,0.0,nr100.png,7.0,0.2198855281381494,nr109.png,7.0,0.0,nr46.png,5.0,0.0,nr106.png,7.0,0.15773854004916052,nr54.png,7.0,0.10382789977919428,nr30.png,1.0,0.08136513300004168,nr124.png,2.0,0.0,nr50.png,1.0,0.05391064026996625,nr72.png,7.0,0.04692222393867433,nr28.png,5.0,0.02346111196933717,nr15.png,3.0,0.0,nr69.png,7.0,0.08835354933133359,nr45.png,5.0,0.04193049798775153,nr114.png,2.0,0.0,nr4.png,16
2440,14.0,199.0,40.0,2.0,6458.0,7.0,0.0,nr98.png,4.0,0.0,nr100.png,7.0,0.2198855281381494,nr109.png,7.0,0.0,nr46.png,5.0,0.0,nr106.png,7.0,0.15773854004916052,nr54.png,7.0,0.10382789977919428,nr30.png,1.0,0.08136513300004168,nr124.png,2.0,0.0,nr50.png,1.0,0.05391064026996625,nr72.png,7.0,0.04692222393867433,nr28.png,5.0,0.02346111196933717,nr15.png,3.0,0.0,nr69.png,7.0,0.08835354933133359,nr45.png,5.0,0.04193049798775153,nr114.png,2.0,0.0,nr4.png,16
2441,14.0,199.0,41.0,3.0,6541.0,7.0,0.0,nr98.png,4.0,0.0,nr100.png,7.0,0.2198855281381494,nr109.png,7.0,0.0,nr46.png,5.0,0.0,nr106.png,7.0,0.15773854004916052,nr54.png,7.0,0.10382789977919428,nr30.png,1.0,0.08136513300004168,nr124.png,2.0,0.0,nr50.png,1.0,0.05391064026996625,nr72.png,7.0,0.04692222393867433,nr28.png,5.0,0.02346111196933717,nr15.png,3.0,0.0,nr69.png,7.0,0.08835354933133359,nr45.png,5.0,0.04193049798775153,nr114.png,2.0,0.0,nr4.png,16
2442,14.0,199.0,42.0,0.0,7024.0,7.0,0.0,nr98.png,4.0,0.0,nr100.png,7.0,0.2198855281381494,nr109.png,7.0,0.0,nr46.png,5.0,0.0,nr106.png,7.0,0.15773854004916052,nr54.png,7.0,0.10382789977919428,nr30.png,1.0,0.08136513300004168,nr124.png,2.0,0.0,nr50.png,1.0,0.05391064026996625,nr72.png,7.0,0.04692222393867433,nr28.png,5.0,0.02346111196933717,nr15.png,3.0,0.0,nr69.png,7.0,0.08835354933133359,nr45.png,5.0,0.04193049798775153,nr114.png,2.0,0.0,nr4.png,16
2443,14.0,199.0,43.0,14.0,6484.0,7.0,0.0,nr98.png,4.0,0.0,nr100.png,7.0,0.2198855281381494,nr109.png,7.0,0.0,nr46.png,5.0,0.0,nr106.png,7.0,0.15773854004916052,nr54.png,7.0,0.10382789977919428,nr30.png,1.0,0.08136513300004168,nr124.png,2.0,0.0,nr50.png,1.0,0.05391064026996625,nr72.png,7.0,0.04692222393867433,nr28.png,5.0,0.02346111196933717,nr15.png,3.0,0.0,nr69.png,7.0,0.08835354933133359,nr45.png,5.0,0.04193049798775153,nr114.png,2.0,0.0,nr4.png,16
2444,14.0,199.0,44.0,0.0,2745.0,7.0,0.0,nr98.png,4.0,0.0,nr100.png,7.0,0.2198855281381494,nr109.png,7.0,0.0,nr46.png,5.0,0.0,nr106.png,7.0,0.15773854004916052,nr54.png,7.0,0.10382789977919428,nr30.png,1.0,0.08136513300004168,nr124.png,2.0,0.0,nr50.png,1.0,0.05391064026996625,nr72.png,7.0,0.04692222393867433,nr28.png,5.0,0.02346111196933717,nr15.png,3.0,0.0,nr69.png,7.0,0.08835354933133359,nr45.png,5.0,0.04193049798775153,nr114.png,2.0,0.0,nr4.png,16
2445,14.0,199.0,45.0,2.0,4079.0,7.0,0.0,nr98.png,4.0,0.0,nr100.png,7.0,0.2198855281381494,nr109.png,7.0,0.0,nr46.png,5.0,0.0,nr106.png,7.0,0.15773854004916052,nr54.png,7.0,0.10382789977919428,nr30.png,1.0,0.08136513300004168,nr124.png,2.0,0.0,nr50.png,1.0,0.05391064026996625,nr72.png,7.0,0.04692222393867433,nr28.png,5.0,0.02346111196933717,nr15.png,3.0,0.0,nr69.png,7.0,0.08835354933133359,nr45.png,5.0,0.04193049798775153,nr114.png,2.0,0.0,nr4.png,16
2446,14.0,199.0,46.0,3.0,4593.0,7.0,0.0,nr98.png,4.0,0.0,nr100.png,7.0,0.2198855281381494,nr109.png,7.0,0.0,nr46.png,5.0,0.0,nr106.png,7.0,0.15773854004916052,nr54.png,7.0,0.10382789977919428,nr30.png,1.0,0.08136513300004168,nr124.png,2.0,0.0,nr50.png,1.0,0.05391064026996625,nr72.png,7.0,0.04692222393867433,nr28.png,5.0,0.02346111196933717,nr15.png,3.0,0.0,nr69.png,7.0,0.08835354933133359,nr45.png,5.0,0.04193049798775153,nr114.png,2.0,0.0,nr4.png,16
2447,14.0,199.0,47.0,3.0,4395.0,7.0,0.0,nr98.png,4.0,0.0,nr100.png,7.0,0.2198855281381494,nr109.png,7.0,0.0,nr46.png,5.0,0.0,nr106.png,7.0,0.15773854004916052,nr54.png,7.0,0.10382789977919428,nr30.png,1.0,0.08136513300004168,nr124.png,2.0,0.0,nr50.png,1.0,0.05391064026996625,nr72.png,7.0,0.04692222393867433,nr28.png,5.0,0.02346111196933717,nr15.png,3.0,0.0,nr69.png,7.0,0.08835354933133359,nr45.png,5.0,0.04193049798775153,nr114.png,2.0,0.0,nr4.png,16
2448,14.0,199.0,48.0,14.0,6888.0,7.0,0.0,nr98.png,4.0,0.0,nr100.png,7.0,0.2198855281381494,nr109.png,7.0,0.0,nr46.png,5.0,0.0,nr106.png,7.0,0.15773854004916052,nr54.png,7.0,0.10382789977919428,nr30.png,1.0,0.08136513300004168,nr124.png,2.0,0.0,nr50.png,1.0,0.05391064026996625,nr72.png,7.0,0.04692222393867433,nr28.png,5.0,0.02346111196933717,nr15.png,3.0,0.0,nr69.png,7.0,0.08835354933133359,nr45.png,5.0,0.04193049798775153,nr114.png,2.0,0.0,nr4.png,16
2449,14.0,199.0,49.0,13.0,3505.0,7.0,0.0,nr98.png,4.0,0.0,nr100.png,7.0,0.2198855281381494,nr109.png,7.0,0.0,nr46.png,5.0,0.0,nr106.png,7.0,0.15773854004916052,nr54.png,7.0,0.10382789977919428,nr30.png,1.0,0.08136513300004168,nr124.png,2.0,0.0,nr50.png,1.0,0.05391064026996625,nr72.png,7.0,0.04692222393867433,nr28.png,5.0,0.02346111196933717,nr15.png,3.0,0.0,nr69.png,7.0,0.08835354933133359,nr45.png,5.0,0.04193049798775153,nr114.png,2.0,0.0,nr4.png,16
